idx	X	Y	component
0	1000	1185.287275037142	0
1	2061.493709410657	1350.450571266841	0
2	1058.374891431355	1294.37751678085	0
3	2061.494119936266	1350.45068336884	0
4	1081.86602734655	1366.915495344323	0
5	2086.644258826862	1359.709809358244	0
6	1136.444766615256	1306.417288847185	0
7	2161.886883211395	1373.869073940232	0
8	1142.397238173318	1262.07689343868	0
9	2142.142730499923	1371.241283599827	0
10	1141.135807605257	1288.15326640879	0
11	2143.172329524969	1371.443773516382	0
12	1153.627670815826	1378.553265684968	0
13	2158.733514758766	1373.540274019555	0
14	1165.283253650618	1293.631225383318	0
15	2168.294157295757	1373.999679317258	0
16	1165.720974786353	1354.703257012965	0
17	2171.498828662807	1374.001838585094	0
18	1167.184397156925	1306.05519928455	0
19	2171.498101584497	1374.002097772364	0
20	1165.641873419961	1361.424109765375	0
21	2171.510022887553	1373.995369476228	0
22	1167.013044708474	1304.118996780097	0
23	2171.496920190832	1374.0024924667	0
24	1166.819199250596	1324.225867543251	0
25	2171.495419776365	1374.002544012734	0
26	1171.776733785817	1264.231716677247	0
27	2171.49819359502	1374.002190486044	0
28	1168.480396335006	1285.490619097921	0
29	2171.520551074849	1373.993763650488	0
30	1170.139806878986	1302.31042851379	0
31	2173.630792160453	1373.612336053892	0
32	1170.645694640181	1305.55148734052	0
33	2174.672522893925	1373.494615005972	0
34	1172.568742512252	1274.717093263498	0
35	2174.672011613569	1373.495347378087	0
36	1169.18563730007	1349.282580123232	0
37	2174.674449884624	1373.493519040345	0
38	1186.365455916057	1291.626207313923	0
39	2190.438983168533	1370.640732732858	0
40	1184.995754164331	1338.076375841366	0
41	2191.474159029858	1370.452612736204	0
42	1193.486885869177	1303.713192723707	0
43	2198.787212355935	1369.001627595	0
44	1194.484013321482	1364.872850566481	0
45	2200.891384728835	1368.599847639538	0
46	1197.280723839802	1272.744291518236	0
47	2200.887706046276	1368.60133728133	0
48	1210.666844400315	1293.739131069796	0
49	2216.646766859682	1365.094317499376	0
50	1230.916210281044	1347.611432574415	0
51	2240.17833617868	1359.971593946311	0
52	1250.8766961086	1327.68654591529	0
53	2262.812377081384	1355.300123726372	0
54	1254.3499712091	1322.500225914054	0
55	2267.807924760455	1354.582657687977	0
56	1272.336901548748	1446.482806457485	0
57	2289.024984568532	1353.038302207673	0
58	1269.895464552072	1331.871613150468	0
59	2291.254329436735	1353.106404296387	0
60	1316.685138514084	1311.16564109464	0
61	1317.683792375879	1311.270169708104	0
62	1317.683832694289	1311.270165073882	0
63	1318.687520242987	1311.306012223765	0
64	1318.687520241983	1311.306012223775	0
65	2318.249355422849	1352.70485122141	0
66	1353.113396843546	1291.028895794302	0
67	2333.304351654144	1347.758392084486	0
68	1385.474177232398	1283.116968879474	0
69	2373.536904291199	1341.036798328268	0
70	1394.494946882289	1304.620708707818	0
71	2385.653754212166	1339.691164822638	0
72	1394.819528095039	1296.10004871012	0
73	2385.575716853455	1339.703565502343	0
74	1394.516226372034	1331.802516332882	0
75	2385.561157808021	1339.70570261905	0
76	1395.012222882586	1280.604087328672	0
77	2385.589385682855	1339.701833282954	0
78	1394.260574051965	1323.422909925886	0
79	2385.577238119426	1339.703243125608	0
80	1396.491665668102	1253.72130006207	0
81	2385.564678340626	1339.705324163622	0
82	1397.230432446973	1253.492899978102	0
83	2385.553434174479	1339.707242288291	0
84	1415.460832043274	1301.938030056201	0
85	2407.674543544526	1337.403858658319	0
86	1432.590663415809	1214.872988053472	0
87	2420.643295756156	1336.391251237518	0
88	1500.769617244536	1407.102422924751	0
89	2493.096771046279	1331.150576578268	0
90	1498.703240804454	1257.845376693832	0
91	2492.043693954081	1331.194584821547	0
92	1498.421768939632	1293.791138216977	0
93	2493.094557573335	1331.150630242328	0
94	1510.409349866532	1159.320891640518	0
95	2493.091497426823	1331.150926736681	0
96	1497.802290265266	1304.747483411719	0
97	2493.096413781044	1331.150667216571	0
98	1512.127729555228	1143.392423894515	0
99	2493.092817701399	1331.150735191381	0
100	1501.58695457573	1272.868683110394	0
101	2496.145881297161	1330.88512886722	0
102	1506.846238658807	1288.823456125501	0
103	2502.270115269406	1330.419074120874	0
104	2318.24639315057	1352.701578658157	0
105	2316.959517026728	1356.715233386956	0
106	2061.493642314977	1350.450574809453	0
107	2086.643573666108	1359.709696928476	0
108	2086.644091523762	1359.709777431385	0
109	2142.14162262225	1371.241285695246	0
110	2142.142849171287	1371.241304861006	0
111	2143.175400637112	1371.443371686393	0
112	2143.175689157884	1371.443385966981	0
113	2158.735954049363	1373.540010457839	0
114	2158.73484305996	1373.540269517948	0
115	2161.881844837131	1373.869234023435	0
116	2161.876700032393	1373.869899662346	0
117	2162.919029250254	1373.944520751344	0
118	2161.8829594606	1373.868985070557	0
119	2162.923179828809	1373.943739498157	0
120	2162.923241078119	1373.943699318853	0
121	2168.293283927203	1373.998476702684	0
122	2168.293121995128	1373.998532398602	0
123	2171.49924001599	1374.000908885215	0
124	2171.501805499342	1374.001490305857	0
125	2173.630113143277	1373.611715805727	0
126	2173.641182053107	1373.610203390307	0
127	2174.675421448301	1373.49332628989	0
128	2174.674778126981	1373.493457887426	0
129	2190.44260903004	1370.638765720902	0
130	2190.44327102285	1370.638652060748	0
131	2191.488520283798	1370.448321841615	0
132	2191.487078662474	1370.448487478986	0
133	2198.794974053708	1368.999763146304	0
134	2198.797332780763	1368.999323487201	0
135	2200.897271329617	1368.598660295558	0
136	2200.895924614037	1368.598889024884	0
137	2209.25456375716	1366.710075529779	0
138	2315.641881252763	1354.336486206728	0
139	2329.046176102493	1349.882185780248	0
140	2328.982963843235	1349.832916810146	0
141	2331.100483447408	1348.788719443353	0
142	3694.310163219146	1177.82635718123	0
143	4691.452335638343	1257.548015830968	0
144	2209.254530106344	1366.71004611203	0
145	2216.667446035841	1365.090296449639	0
146	2216.66597770591	1365.090599206274	0
147	2240.216200541909	1359.964539598303	0
148	2240.216959143167	1359.964475553377	0
149	2257.975151851242	1356.129054030222	0
150	2257.934990771326	1356.133681355069	0
151	2258.860869906181	1355.856110585388	0
152	2257.971227213944	1356.12959536087	0
153	2259.117872495066	1355.848937641102	0
154	2259.120025676115	1355.848831988425	0
155	2262.898448814485	1355.302417766354	0
156	2262.906029711034	1355.300846244669	0
157	2267.819159388833	1354.583695380423	0
158	2267.819159387844	1354.583695380331	0
159	2285.90128542795	1353.147599074021	0
160	2285.903747934477	1353.148312011458	0
161	2289.586913261097	1353.096617378589	0
162	2289.565652898455	1353.094474248732	0
163	2291.71507536665	1353.14816954623	0
164	2291.757349126674	1353.149957794482	0
165	2302.915732989306	1353.450781675078	0
166	2302.925598629619	1353.452181618345	0
167	2309.025279985319	1354.235098860234	0
168	2309.018632713422	1354.234105857034	0
169	2314.472174974253	1355.872017417311	0
170	2314.477065405139	1355.868152083301	0
171	2310.278506263472	1351.239130428836	0
172	2310.29433427647	1351.240942629585	0
173	2306.932070619056	1361.290339754654	0
174	2306.931845405539	1361.297511773016	0
175	2311.612465490718	1357.272554046916	0
176	2311.622187872817	1357.270340113272	0
177	2315.561949682313	1361.528982477773	0
178	2315.549754544722	1361.543542806118	0
179	2316.958543462795	1359.512445262872	0
180	2316.962022632702	1359.509174167972	0
181	2319.877720926081	1362.411924181017	0
182	2319.875861333901	1362.423694904343	0
183	2324.265009305956	1361.173861962025	0
184	2324.262406374713	1361.176284775566	0
185	2320.210141493626	1356.350160673758	0
186	2320.206085159567	1356.361800165723	0
187	2321.26705963639	1356.719754607129	0
188	2321.257265890505	1356.734079290131	0
189	2325.758303899049	1353.793678699797	0
190	2325.765698749492	1353.788030918305	0
191	2326.254278695917	1352.847128850971	0
192	2326.267461553762	1352.837491622574	0
193	2321.157642149738	1352.262891071867	0
194	2321.161672143331	1352.267601684148	0
195	2328.90990149328	1349.849708821506	0
196	2328.819577371476	1349.880422230222	0
197	2331.012520776982	1348.827884926011	0
198	2331.028398251889	1348.819503235554	0
199	2333.279653570695	1347.761458795951	0
200	2333.294129538896	1347.751923420126	0
201	3106.231483124015	1287.975741977522	0
202	2333.073694913248	1347.883301398649	0
203	2373.466334691315	1341.05772737773	0
204	2373.473025812113	1341.056358874489	0
205	2385.53689361376	1339.709645119229	0
206	2385.537197481484	1339.709614286184	0
207	2407.666215956553	1337.406139641859	0
208	2407.664266477288	1337.406463324062	0
209	2420.632937155344	1336.392665330071	0
210	2420.629489143408	1336.393172870475	0
211	2492.030019791688	1331.196555739199	0
212	2492.030584158187	1331.196484259999	0
213	2493.088215711563	1331.151072721449	0
214	2493.089107310669	1331.150969247768	0
215	2496.13011189417	1330.887111636258	0
216	2496.128412623795	1330.887286846027	0
217	2502.263515038219	1330.41973820067	0
218	2502.264361597779	1330.419661278661	0
219	2606.975344876621	1323.484054943341	0
220	2606.97540890838	1323.484035814791	0
221	2607.208427401965	1323.468791022871	0
222	2607.083886931825	1323.476937635068	0
223	2763.934822511175	1313.362091573529	0
224	2763.934544234311	1313.362116287899	0
225	2764.945425321886	1313.274946399644	0
226	2763.93652200736	1313.362373253814	0
227	2764.9634787795	1313.275360341133	0
228	2764.945563865527	1313.274935344944	0
229	2774.951901352666	1312.170842853461	0
230	2774.952559984114	1312.170782111341	0
231	2775.956441923918	1312.068816144219	0
232	2774.951663176813	1312.17088735417	0
233	2775.956746817035	1312.068791777164	0
234	2775.956610934205	1312.068803808151	0
235	2779.978343624862	1311.681241987077	0
236	2779.980770399663	1311.681242727418	0
237	2780.972382043721	1311.536447132028	0
238	2779.978705646856	1311.681205526351	0
239	2780.966171497457	1311.536481853825	0
240	2780.966679781399	1311.536426461157	0
241	2783.960178302848	1311.15381186567	0
242	2783.976596275861	1311.153209821499	0
243	2784.979749505095	1311.0107426368	0
244	2783.959733077289	1311.153865186722	0
245	2784.963273669651	1311.012665047793	0
246	2784.963543755432	1311.012632563188	0
247	2787.94943740248	1310.630601579483	0
248	2787.949564496943	1310.630587765195	0
249	2788.952668641679	1310.513130551254	0
250	2787.958995510053	1310.629536764557	0
251	2788.95461732275	1310.512907945068	0
252	2788.953118782403	1310.513083876133	0
253	2796.93552235292	1309.526351859354	0
254	2796.935522351923	1309.526351859434	0
255	2797.932741708304	1309.392092724185	0
256	2796.940455500619	1309.526076755563	0
257	2797.934158899545	1309.391986518	0
258	2797.932770354695	1309.39209215391	0
259	2804.903342289181	1308.384126174434	0
260	2804.903190886725	1308.384145078156	0
261	2805.898810351318	1308.243940054605	0
262	2804.903543674583	1308.384106366588	0
263	2805.898514906214	1308.243976092365	0
264	2804.905318973899	1308.383864071684	0
265	2805.899502780398	1308.243818595714	0
266	2805.898678801437	1308.243953178317	0
267	2810.876645981887	1307.529282913215	0
268	2810.877427606953	1307.529086321281	0
269	2811.878282896971	1307.429491685402	0
270	2810.876645980978	1307.52928291364	0
271	2811.877858503562	1307.429590499572	0
272	2810.876697841508	1307.529270539204	0
273	2811.876747761598	1307.429871046121	0
274	2811.878066741949	1307.429569829259	0
275	3020.209506053208	1294.113439515083	0
276	3020.208361445199	1294.113571190422	0
277	3021.210140462921	1294.101310428919	0
278	3020.209556921291	1294.113435013893	0
279	3021.218633833501	1294.100973682384	0
280	3021.210092444329	1294.10131328315	0
281	3106.228975606711	1287.976032224655	0
282	3106.228999225219	1287.976030505311	0
283	3125.227071764792	1286.775098833635	0
284	3125.22705421492	1286.775100316742	0
285	3126.22555455377	1286.683483036759	0
286	3125.227056327567	1286.775098758038	0
287	3126.225518864638	1286.68348432503	0
288	3126.225518865635	1286.683484324984	0
289	3129.219633002183	1286.402390701693	0
290	3129.219690210615	1286.402383766278	0
291	3130.219403843985	1286.317584804509	0
292	3129.220226619487	1286.402333880996	0
293	3130.219368560334	1286.317586714798	0
294	3130.219336371301	1286.31758883281	0
295	3145.19195656653	1284.971893612677	0
296	3145.192259414071	1284.97188185568	0
297	3146.191229429278	1284.895800336457	0
298	3145.191987757746	1284.971889174599	0
299	3146.191254531201	1284.895792217839	0
300	3146.191228127143	1284.895800682153	0
301	3282.376374670152	1279.135769938108	0
302	3282.376476482204	1279.135762782556	0
303	3283.378423201997	1279.105553184946	0
304	3282.376385267853	1279.135769736833	0
305	3283.378297483971	1279.105562587144	0
306	3283.378253300347	1279.105567333308	0
307	3286.372549662854	1278.774902818211	0
308	3286.374450155512	1278.773424089266	0
309	3287.374577199807	1278.847433845525	0
310	3286.372577106609	1278.774905870099	0
311	3287.37365299496	1278.84745708384	0
312	3287.373652993963	1278.847457083852	0
313	3447.733187078949	1280.895547828208	0
314	3447.733239313638	1280.895539472878	0
315	3449.736908518149	1280.936380539923	0
316	3447.73338728118	1280.895539076498	0
317	3449.736920386538	1280.936381992772	0
318	3449.736908519146	1280.936380539959	0
319	3652.235976014941	1277.955090424577	0
320	3652.235998024291	1277.955089388555	0
321	3653.178662433093	1277.652738683885	0
322	3652.237450514629	1277.955117462165	0
323	3653.176220769812	1277.654746877968	0
324	3653.178770190345	1277.652707898787	0
325	3747.186800639545	1271.336588512005	0
326	3747.18676581914	1271.336627881393	0
327	3748.157636230928	1271.10246665583	0
328	3747.186978838326	1271.336532708042	0
329	3748.158402237168	1271.102624617383	0
330	3748.157351010828	1271.102310660695	0
331	3758.456508118754	1272.842127653417	0
332	3758.444998383704	1272.852390331739	0
333	3758.480836284587	1272.843979558148	0
334	3758.481635371238	1272.844091746563	0
335	3785.633333638471	1268.382611525582	0
336	3785.631700615304	1268.38283686639	0
337	3786.611363873111	1268.166599970151	0
338	3785.632635287366	1268.382746473386	0
339	3786.612280262983	1268.166483527231	0
340	3786.611718608401	1268.166552455953	0
341	3787.605250516572	1268.015832330736	0
342	3787.605257475196	1268.015831122485	0
343	3788.599938388194	1267.882860955239	0
344	3787.605988738876	1268.015737581046	0
345	3788.600434133128	1267.882807176651	0
346	3788.600058666765	1267.882852968301	0
347	3796.565690116331	1266.952383074874	0
348	3796.565496020812	1266.952407681187	0
349	3797.566409145118	1266.883806649856	0
350	3796.565729717033	1266.952326770723	0
351	3797.567702514287	1266.883730906308	0
352	3797.566422856638	1266.883804719767	0
353	3808.528918534692	1265.733318676035	0
354	3808.528907565356	1265.733319816252	0
355	3809.524064967904	1265.617659539008	0
356	3808.528525829686	1265.733350737029	0
357	3809.523973447656	1265.617666211855	0
358	3809.523989576039	1265.617665008576	0
359	3848.414236497294	1261.664848664824	0
360	3848.414245449909	1261.664848203266	0
361	3849.414952143983	1261.659116210889	0
362	3848.414469230316	1261.664751220802	0
363	3849.420511837816	1261.658028745506	0
364	3849.415001929796	1261.659113449833	0
365	3904.447421361532	1258.92657586181	0
366	3904.447379330399	1258.926577875832	0
367	3905.446793247764	1258.856105512756	0
368	3904.447530582896	1258.926562822883	0
369	3905.44681597103	1258.856102049673	0
370	3905.446776429941	1258.856106426821	0
371	3922.448583288417	1257.847853961902	0
372	3922.448556341638	1257.847857482022	0
373	3923.449823104696	1257.81524008085	0
374	3922.448545587285	1257.847854147509	0
375	3923.449803904528	1257.815234502949	0
376	3923.450074139648	1257.815224982534	0
377	3940.466571628771	1257.133572981764	0
378	3940.466590290271	1257.13357308761	0
379	3941.468325647809	1257.105591644221	0
380	3940.466921671134	1257.133455032209	0
381	3941.468795482026	1257.105497863937	0
382	3941.468300753382	1257.105591705006	0
383	4040.614600893663	1254.84036634368	0
384	4040.614608731332	1254.840366143303	0
385	4041.615797237813	1254.849059279139	0
386	4040.616568867597	1254.839783463391	0
387	4041.616120052684	1254.848997757849	0
388	4041.616108739196	1254.848997727753	0
389	4233.982792870338	1255.507633724192	0
390	4233.977658725649	1255.507990863767	0
391	4234.003233230163	1255.508214745675	0
392	4233.992767258133	1255.508607523464	0
393	4240.379128164153	1255.573019621585	0
394	4240.379128163149	1255.573019621555	0
395	4240.412331690102	1255.573500432066	0
396	4240.406688945128	1255.573678041351	0
397	4276.367333946466	1259.110589709663	0
398	4276.370905669122	1259.110372928049	0
399	4277.400265233831	1259.099889980392	0
400	4276.367394809196	1259.110586910011	0
401	4277.378728905613	1259.136052292967	0
402	4277.378763143497	1259.136056655092	0
403	4288.339711325869	1260.08640968977	0
404	4288.339716345385	1260.086410098964	0
405	4289.335625682987	1260.193229094934	0
406	4288.339978903314	1260.086413270645	0
407	4289.336075979016	1260.193230660432	0
408	4289.33600654894	1260.193225477856	0
409	4367.349501937562	1264.543825368423	0
410	4367.349523652905	1264.543824236179	0
411	4368.348147975863	1264.620295958557	0
412	4367.349432101648	1264.543818609316	0
413	4368.347937136496	1264.620299965179	0
414	4368.348033166825	1264.620309797634	0
415	4374.344835574615	1265.027599820429	0
416	4374.344771880773	1265.027600776213	0
417	4375.341695842457	1265.123976086938	0
418	4374.344892564171	1265.027594827744	0
419	4375.341930647795	1265.123980089828	0
420	4375.34181188354	1265.123979084308	0
421	4394.32847915445	1266.493477547317	0
422	4394.328500422882	1266.493480586762	0
423	4395.323627789352	1266.608753776047	0
424	4394.328965267174	1266.49348192445	0
425	4395.323744544381	1266.608759534763	0
426	4395.323713086975	1266.608754644398	0
427	4428.347524095952	1268.233796493747	0
428	4428.347378998238	1268.233796406794	0
429	4429.347049653908	1268.298912277288	0
430	4428.347524096884	1268.233796494093	0
431	4429.347731607726	1268.298928009055	0
432	4429.347016982749	1268.298907916363	0
433	4479.425671295568	1269.205473413408	0
434	4479.425742804859	1269.205473726437	0
435	4516.499188639726	1269.30483784939	0
436	4479.425632737672	1269.205475718727	0
437	4516.498796887288	1269.304852835432	0
438	4516.499077877677	1269.304842401029	0
439	4527.519611389223	1269.599805030037	0
440	4527.523130212438	1269.604899439636	0
441	4528.509395947112	1269.735165938715	0
442	4527.519768048536	1269.599789707125	0
443	4528.509870830669	1269.734992479911	0
444	4528.509914443115	1269.734988396565	0
445	4602.561075596954	1264.721708535374	0
446	4602.561182130601	1264.721693674969	0
447	4603.539841355261	1264.500907144774	0
448	4602.561586905984	1264.721679753273	0
449	4603.540053162775	1264.50089290017	0
450	4603.540029819756	1264.500894409514	0
451	4604.512802655321	1264.25819570133	0
452	4603.542112656876	1264.500753304493	0
453	4604.513633387018	1264.258113275868	0
454	4604.51243899206	1264.258217011388	0
455	4655.367898560675	1259.893802519741	0
456	4655.381028089243	1259.892637321621	0
457	4655.553533971535	1259.877516428609	0
458	4655.553432723369	1259.877537313287	0
459	4678.504970233378	1257.524774679356	0
460	4678.458482850889	1257.52504991138	0
461	4678.542826725701	1257.521397504621	0
462	4678.504369874849	1257.524830581727	0
463	4691.452178412321	1257.548080471846	0
464	4691.452590737579	1257.54805769315	0
465	4692.452865619642	1257.634902816039	0
466	4692.45273315809	1257.63491381518	0
467	4755.506981514736	1254.674843471256	0
468	4755.506978644909	1254.674843600604	0
469	4756.505790074312	1254.60727312692	0
470	4755.506987173561	1254.67484240847	0
471	4756.505617314062	1254.607282257682	0
472	4756.505649687031	1254.607281075504	0
473	4805.512352720783	1252.076499958704	0
474	4805.512435445591	1252.076495969643	0
475	4806.514080574394	1252.077591664536	0
476	4805.512169974252	1252.076502024548	0
477	4806.513895185402	1252.077595145778	0
478	4806.514066227901	1252.077592547583	0
479	4820.535551085806	1252.141906701661	0
480	4820.53559708337	1252.141905451946	0
481	4821.537192123236	1252.154927956399	0
482	4820.535477506288	1252.141913727643	0
483	4821.536801348979	1252.154935121295	0
484	4821.537168648138	1252.154927343789	0
485	4857.604552556673	1252.653537199191	0
486	4857.592950952443	1252.651892605089	0
487	4857.658924432122	1252.681061393614	0
488	4857.604599917599	1252.653536450553	0
489	4858.57910951291	1252.241278760622	0
490	4858.578910095443	1252.241304916483	0
491	4859.583885003063	1252.117258010948	0
492	4858.589230414116	1252.225957327741	0
493	4859.585195342268	1252.117932973028	0
494	4859.583873067371	1252.11725840736	0
495	4860.581567746907	1252.009463098986	0
496	4859.584304129246	1252.117089477743	0
497	4860.58099166934	1252.009585646716	0
498	4860.581528306742	1252.009467095829	0
499	4898.53999150313	1249.344666256478	0
500	4898.540007761912	1249.344665629861	0
501	4899.537075217413	1249.251643787059	0
502	4898.540000168381	1249.344667551935	0
503	4899.53703868921	1249.251637867294	0
504	4899.537074659536	1249.251643829297	0
505	4964.524856029246	1245.810586503392	0
506	4964.524883880142	1245.810585568228	0
507	4965.523516949921	1245.73859165105	0
508	4964.524887578373	1245.810585715165	0
509	4965.523553129497	1245.738590211485	0
510	4965.523567623357	1245.738589379959	0
511	4979.503920188428	1244.705585309277	0
512	4979.503970474594	1244.705588584351	0
513	4980.503088056423	1244.642510970142	0
514	4979.503900595744	1244.705586647423	0
515	4980.503088371734	1244.642503390037	0
516	4980.503100515431	1244.642510294434	0
517	5024.505372460939	1242.377177951185	0
518	5024.505383019117	1242.377176869201	0
519	5025.505945111472	1242.340083063645	0
520	5024.505388487371	1242.377171773126	0
521	5025.505861803926	1242.340081012848	0
522	5025.505906853534	1242.340085428279	0
523	5057.546350944518	1241.861488260245	0
524	5057.546350694232	1241.86148793833	0
525	5058.54754980631	1241.873415069252	0
526	5057.546348659758	1241.86148734374	0
527	5058.547515454491	1241.873414624913	0
528	5058.547549831434	1241.873415076255	0
529	5135.620773893708	1244.232600455859	0
530	5135.620839729818	1244.232603255367	0
531	5136.621325821703	1244.272438225166	0
532	5135.620804020662	1244.232598515058	0
533	5136.621336915363	1244.272438110255	0
534	5136.621329827169	1244.272437892451	0
535	5143.616397716345	1244.71735164788	0
536	5143.616443037135	1244.717356010104	0
537	5144.615171768317	1244.789585342582	0
538	5143.616433861673	1244.717350375198	0
539	5144.615157127715	1244.789581251117	0
540	5144.615208813309	1244.789586692305	0
541	5156.59046063869	1245.765891099398	0
542	5156.590491264476	1245.765889719842	0
543	5157.589158922841	1245.838950717594	0
544	5156.590534127274	1245.765888208515	0
545	5157.589044028617	1245.838949608589	0
546	5157.589088123321	1245.838948656763	0
547	5168.55252311525	1246.908573875575	0
548	5168.554016278264	1246.908813520796	0
549	5169.546204472288	1247.048703864433	0
550	5168.552551129629	1246.908577314008	0
551	5169.544277919718	1247.046504227417	0
552	5169.544308588876	1247.046505338841	0
553	5237.532840106745	1250.670887499967	0
554	5237.532848350347	1250.670886319361	0
555	5238.533067740187	1250.707395608939	0
556	5237.532824284339	1250.670887922331	0
557	5238.533027540601	1250.707398902747	0
558	5238.533050031132	1250.707395576752	0
559	5345.654491964095	1251.473148803717	0
560	5345.654549365579	1251.473147384623	0
561	5346.655497898515	1251.459106139918	0
562	5345.654470719841	1251.473152638135	0
563	5346.655398178918	1251.459114421204	0
564	5346.655482617331	1251.459106257164	0
565	5396.661492332933	1249.219997188773	0
566	5396.661424018552	1249.219999305922	0
567	5397.661351578179	1249.177516582786	0
568	5396.66144406989	1249.219997887155	0
569	5397.661367528024	1249.177515643573	0
570	5397.661351577175	1249.177516582804	0
571	5428.675681062436	1248.060837956768	0
572	5428.675692623714	1248.060837689475	0
573	5430.677354120206	1248.029130649333	0
574	5428.675656604115	1248.060834181272	0
575	5430.67737346686	1248.029129287776	0
576	5430.677352799248	1248.029130799457	0
577	5585.756625411064	1252.727905905534	0
578	5585.756631650947	1252.727905887299	0
579	5586.757276041186	1252.752224362924	0
580	5585.756640419531	1252.72790567498	0
581	5586.757308172775	1252.752225149819	0
582	5586.75731678951	1252.752225156586	0
583	5630.80132296824	1252.440438162485	0
584	5630.801335109565	1252.440437135266	0
585	5631.80184015679	1252.469139048058	0
586	5630.801321632156	1252.440432261674	0
587	5631.801819159817	1252.469134266452	0
588	5631.801837433683	1252.469140067825	0
589	5675.765111023611	1255.192531269363	0
590	5675.76502809253	1255.192528402448	0
591	5676.763318999241	1255.265822722556	0
592	5675.765096583949	1255.192529661851	0
593	5676.763275389945	1255.265823283078	0
594	5676.763319388847	1255.265822723453	0
595	5741.709623697781	1259.25335076197	0
596	5741.709636322441	1259.253351084935	0
597	5742.709937852531	1259.284298257612	0
598	5741.709611943639	1259.253359029265	0
599	5742.709892971921	1259.284305867607	0
600	5742.709907845456	1259.284306540013	0
601	5759.725429424208	1259.372234134087	0
602	5759.725467555712	1259.372232838349	0
603	5760.726216920055	1259.377276176795	0
604	5759.725495042905	1259.37223504922	0
605	5760.726209305183	1259.377278490652	0
606	5760.726222597572	1259.377276083956	0
607	5854.8011891274	1257.422312843533	0
608	5854.801195269327	1257.422313103657	0
609	5855.802109458898	1257.419696513241	0
610	5854.801197088091	1257.422310714151	0
611	5855.802068513076	1257.419691397781	0
612	5855.802116579885	1257.419696223594	0
613	6044.887832783039	1262.999667186152	0
614	6044.887752306771	1262.999665773674	0
615	6045.888449793209	1263.026836141194	0
616	6044.887837480135	1262.999667825648	0
617	6045.888445803394	1263.026832672431	0
618	6045.888428357146	1263.026832289532	0
619	6070.889629752681	1264.302104266939	0
620	6070.88998079794	1264.302120467965	0
621	6071.881466121144	1264.395724436828	0
622	6070.890413551591	1264.30213903088	0
623	6071.881058783583	1264.395719206806	0
624	6071.880862659156	1264.395717202983	0
625	6080.099764590464	1264.475699648888	0
626	6080.092887343671	1264.475269233558	0
627	6080.5910193866	1264.504715177336	0
628	6080.59348945415	1264.504864850014	0
629	6142.852490537647	1262.959457819875	0
630	6142.852511099794	1262.959457449291	0
631	6143.852541098058	1262.941444009201	0
632	6142.852492367325	1262.959457973168	0
633	6143.852507419157	1262.941444410159	0
634	6143.852541812259	1262.941444027393	0
635	6289.977031725051	1261.586680200335	0
636	6289.9770282299	1261.586679734715	0
637	6290.977647925261	1261.561831021656	0
638	6289.977022608145	1261.586680813208	0
639	6290.977689910374	1261.561835548355	0
640	6290.977658477495	1261.561830374246	0
641	6297.981332053889	1261.349533004095	0
642	6297.981373100418	1261.349531562606	0
643	6298.98067911464	1261.292033287655	0
644	6297.981344921885	1261.349533664162	0
645	6298.980668287695	1261.292037459317	0
646	6298.980666391428	1261.292033832871	0
647	6305.967530661386	1260.756549532263	0
648	6305.967555542898	1260.756545972326	0
649	6306.964871316086	1260.67303495011	0
650	6305.967528044544	1260.756549839156	0
651	6306.964836600251	1260.67303820957	0
652	6306.964860489359	1260.673034626992	0
653	6364.889572799308	1256.734543249861	0
654	6364.889541409262	1256.734542608221	0
655	6365.887263243087	1256.654864130733	0
656	6364.889572800304	1256.734543249828	0
657	6365.887323041999	1256.654863446246	0
658	6365.887254741669	1256.654864550884	0
659	6382.857707925876	1255.404610017584	0
660	6382.85773039639	1255.40460949624	0
661	6383.853747425012	1255.306843853628	0
662	6382.857737030099	1255.404609185444	0
663	6383.853742942214	1255.306850975994	0
664	6383.853779383346	1255.306841782336	0
665	6388.840811877235	1254.880801262291	0
666	6388.840809927002	1254.880801004395	0
667	6389.836123578636	1254.774368912215	0
668	6388.840799303354	1254.88080245833	0
669	6389.83613682173	1254.77437065902	0
670	6389.836143518631	1254.774368738295	0
671	6391.832631635822	1254.621550373362	0
672	6391.832632017322	1254.621549816027	0
673	6392.831532424512	1254.55550551242	0
674	6391.832581956471	1254.621518177465	0
675	6392.831622863821	1254.555483977052	0
676	6392.831547596383	1254.555505218037	0
677	6399.836725527988	1254.379512127963	0
678	6399.836722071144	1254.379511766643	0
679	6400.837801779584	1254.381050787372	0
680	6399.836747376699	1254.37951105675	0
681	6400.837805651594	1254.381051099121	0
682	6400.837801780581	1254.38105078734	0
683	6401.838787544504	1254.36883070824	0
684	6401.838786050277	1254.368830050711	0
685	6403.84064661312	1254.35389755387	0
686	6401.83879260339	1254.368830816782	0
687	6403.840600241616	1254.353900600038	0
688	6403.840599925192	1254.353898805785	0
689	6409.84434864574	1254.192205912087	0
690	6409.844325502432	1254.192205794821	0
691	6410.843655663375	1254.134779840717	0
692	6409.844354041932	1254.192205852253	0
693	6410.843701992118	1254.13478025799	0
694	6410.843720438177	1254.134777724878	0
695	6424.825963736541	1253.200863480361	0
696	6424.825978939218	1253.20086270529	0
697	6425.823809163187	1253.123015965147	0
698	6424.825950388637	1253.200865114991	0
699	6425.823820060628	1253.123015915446	0
700	6425.823820211837	1253.123015555413	0
701	6514.809453683469	1248.753872099788	0
702	6514.809422068683	1248.753873811401	0
703	6515.809569554876	1248.715758796424	0
704	6514.809434605435	1248.753871667527	0
705	6515.809572473147	1248.715755035222	0
706	6515.809665358131	1248.715758026046	0
707	6535.832645329596	1248.832261413775	0
708	6535.832635255771	1248.832261503264	0
709	6536.833790402728	1248.826452705474	0
710	6535.832655626626	1248.832261409341	0
711	6536.833835101519	1248.826453596219	0
712	6536.833790865923	1248.826453548063	0
713	6589.886407852842	1248.131062349038	0
714	6589.886392085347	1248.131062392899	0
715	6590.885609179626	1248.070244281265	0
716	6589.886378842042	1248.131069226361	0
717	6590.8856145112	1248.070246674662	0
718	6590.885622240537	1248.070243595733	0
719	6601.880425017029	1247.439033012234	0
720	6601.880478370265	1247.439030260618	0
721	6602.878922885393	1247.363716794063	0
722	6601.880455020444	1247.439031957544	0
723	6602.878952067906	1247.363716056724	0
724	6602.878942599513	1247.36371623781	0
725	6610.87049773732	1246.816219687255	0
726	6610.870507110936	1246.816219242263	0
727	6611.86928302161	1246.750045870505	0
728	6610.870506936437	1246.816219654368	0
729	6611.86938863981	1246.750042191879	0
730	6611.869271115276	1246.750044304109	0
731	6631.875033852717	1245.844180349889	0
732	6631.875057811318	1245.844179644665	0
733	6632.87633802546	1245.822962476191	0
734	6631.87512417313	1245.844178903804	0
735	6632.876515000404	1245.822960250914	0
736	6632.876407740187	1245.822961510387	0
737	6655.901201158274	1245.332719358044	0
738	6655.901235022262	1245.332716925055	0
739	6656.901621142977	1245.295425352191	0
740	6655.901224985631	1245.332719420566	0
741	6656.901641305107	1245.295426495412	0
742	6656.901628698688	1245.295425092318	0
743	6658.902035938016	1245.196539965437	0
744	6658.901997547371	1245.196539373615	0
745	6659.903352695568	1245.176588485343	0
746	6658.902042685775	1245.196539029041	0
747	6659.90346010129	1245.176590246313	0
748	6659.903340408455	1245.176588865389	0
749	6664.908957746731	1245.081450272271	0
750	6664.909085238665	1245.08144963146	0
751	6666.911489336439	1245.042795916326	0
752	6664.909072201954	1245.081447456211	0
753	6666.911515467138	1245.042794191298	0
754	6666.911502251038	1245.042795828005	0
755	6670.91689173835	1245.023151894448	0
756	6670.916884458318	1245.02315165342	0
757	6671.918270966285	1245.014233192749	0
758	6670.916981783936	1245.023145955949	0
759	6671.918403763964	1245.014228624876	0
760	6671.918313519454	1245.014233988775	0
761	6673.920719445254	1245.020079898358	0
762	6673.920681532181	1245.020078812468	0
763	6674.921763408973	1245.049238676311	0
764	6673.92076356968	1245.020079235657	0
765	6674.921833145214	1245.049237500604	0
766	6674.921779393597	1245.049241053473	0
767	6675.922889518355	1245.076328510109	0
768	6675.922850690964	1245.076330938444	0
769	6676.923384727372	1245.113769267597	0
770	6675.922925634695	1245.076328080588	0
771	6676.923446775952	1245.113768321949	0
772	6676.923474356387	1245.113771936197	0
773	6678.924036478784	1245.199383241415	0
774	6678.924014320015	1245.199382244281	0
775	6679.924678938209	1245.245530565196	0
776	6678.924026794411	1245.199380196973	0
777	6679.924635606629	1245.245527401963	0
778	6679.92460718748	1245.245530499537	0
779	6700.931167397372	1246.204342016897	0
780	6700.931157794686	1246.204341875889	0
781	6701.930300401655	1246.270784696932	0
782	6700.931145002061	1246.204340455764	0
783	6701.930358305253	1246.27078654539	0
784	6701.930300402651	1246.270784696966	0
785	6714.925108248892	1247.048463140854	0
786	6714.925127927032	1247.048467702121	0
787	6715.922406749822	1247.143257579045	0
788	6714.925122376335	1247.048464078947	0
789	6715.922457902569	1247.143258913603	0
790	6715.922394235626	1247.143257205372	0
791	6724.908507965869	1247.829572800757	0
792	6724.908482932173	1247.829571632263	0
793	6725.905683061625	1247.919121663067	0
794	6724.908517587246	1247.829569408473	0
795	6725.905777560634	1247.919126008088	0
796	6725.905750562553	1247.919129148214	0
797	6730.890100430348	1248.392884219846	0
798	6730.890123477875	1248.392884533911	0
799	6731.884340534423	1248.510085735785	0
800	6730.890107481348	1248.392881254568	0
801	6731.884359535841	1248.510087254143	0
802	6731.884339688862	1248.5100857476	0
803	6741.860041490676	1249.380700294015	0
804	6741.860024757094	1249.380698809999	0
805	6743.850230074298	1249.602289735596	0
806	6741.860076371275	1249.38069986084	0
807	6743.850291763585	1249.602289666577	0
808	6743.850183145609	1249.602284050149	0
809	6746.844909107276	1249.834557856156	0
810	6746.844899481825	1249.834558774164	0
811	6747.844207854032	1249.892134809332	0
812	6746.844766143076	1249.834553978856	0
813	6747.8442803008	1249.892138595985	0
814	6747.844296057025	1249.89213962585	0
815	6778.800346113218	1252.112114685994	0
816	6778.800438891376	1252.112119017474	0
817	6779.796174639458	1252.214975543205	0
818	6778.800334265092	1252.112113691147	0
819	6779.796229366606	1252.214976996015	0
820	6779.796174640462	1252.214975543235	0
821	6781.796204432365	1252.32143305793	0
822	6781.796213835631	1252.321433297323	0
823	6782.792291666665	1252.423620604543	0
824	6781.796234174406	1252.321432073074	0
825	6782.792360646621	1252.423623213792	0
826	6782.792297319793	1252.423621074852	0
827	6787.794667481889	1252.642521123398	0
828	6787.79466748282	1252.642521123773	0
829	6788.791309659449	1252.739090175227	0
830	6787.794748685628	1252.642520677268	0
831	6788.791362898897	1252.73908847363	0
832	6788.791440522968	1252.739093469256	0
833	6802.767304777859	1253.833284275623	0
834	6802.767152320448	1253.83328611142	0
835	6804.752447867751	1254.100759434026	0
836	6802.767299654166	1253.833283987177	0
837	6804.752463167235	1254.100758133183	0
838	6804.752446313651	1254.100759452797	0
839	6815.724500234974	1255.064023075233	0
840	6815.724275873035	1255.064015561363	0
841	6819.712158280716	1255.431912915599	0
842	6815.724540165247	1255.064026716628	0
843	6819.712180282324	1255.431910144125	0
844	6819.712211718535	1255.431914492865	0
845	6821.702119856876	1255.660724599824	0
846	6821.702119857822	1255.660724600151	0
847	6822.693942408034	1255.798547527349	0
848	6821.702211786032	1255.660728025183	0
849	6822.693975841794	1255.798557282441	0
850	6822.693944666687	1255.79854816776	0
851	6826.683803524757	1256.160516504016	0
852	6826.683813236523	1256.160518520121	0
853	6827.674747144105	1256.305107915259	0
854	6826.684125547908	1256.160531646139	0
855	6827.674831840312	1256.305107270413	0
856	6827.674843039735	1256.305112702162	0
857	6830.665741205645	1256.585306916985	0
858	6830.665789677056	1256.585305302151	0
859	6831.659144782076	1256.712171720216	0
860	6830.665770624837	1256.585306271635	0
861	6831.659201021728	1256.712171935933	0
862	6831.659132068584	1256.712171463807	0
863	6835.651055045921	1257.045809921859	0
864	6835.651031890011	1257.045808328793	0
865	6837.644326723443	1257.244553950918	0
866	6835.651021540754	1257.045812348254	0
867	6837.64411943849	1257.244555335116	0
868	6837.644119349192	1257.244555335294	0
869	6838.639790901092	1257.35538055972	0
870	6838.639446368259	1257.355375882077	0
871	6839.634856062643	1257.471468848742	0
872	6838.639788602806	1257.35538025279	0
873	6839.634968742692	1257.47147275526	0
874	6839.634851701834	1257.471470870676	0
875	6841.628662236377	1257.666854155517	0
876	6841.628667783087	1257.66685736557	0
877	6842.627441231481	1257.740567563011	0
878	6841.628789953327	1257.666864713002	0
879	6842.627803079704	1257.74057742905	0
880	6842.627421113699	1257.740566885059	0
881	6882.660291020795	1259.780033150322	0
882	6882.660064228461	1259.780048877091	0
883	6883.659877415499	1259.837313093648	0
884	6882.659537581028	1259.781030896264	0
885	6883.658033612235	1259.837719027934	0
886	6883.659788877267	1259.837321493852	0
887	6890.668646479469	1259.373336427997	0
888	6890.668754503044	1259.373336884709	0
889	6891.670640843411	1259.42373423232	0
890	6890.668944754827	1259.373333807301	0
891	6891.670867418987	1259.423733600126	0
892	6891.6706378737	1259.423735381873	0
893	6926.811836662535	1258.893390860882	0
894	6926.812050669781	1258.893437330973	0
895	6927.82504048269	1258.901255547021	0
896	6926.812300748876	1258.893411024405	0
897	6927.826415831201	1258.901312966624	0
898	6927.826242325427	1258.901280334435	0
899	6928.826916677164	1258.784684644181	0
900	6928.826942559266	1258.784687844441	0
901	6929.798634260958	1258.552156578028	0
902	6928.834997668244	1258.784598694475	0
903	6929.795480617227	1258.551801228514	0
904	6929.795838805854	1258.551884257145	0
905	6937.611558307457	1259.43505236513	0
906	6937.62334419573	1259.435838109424	0
907	6937.704382119504	1259.436983826897	0
908	6937.701694907642	1259.43664584349	0
909	6948.605942905509	1258.349017407155	0
910	6948.605201448619	1258.349129720661	0
911	6949.559186332772	1258.0675738515	0
912	6948.603379338674	1258.349101960638	0
913	6949.557847680488	1258.067581228557	0
914	6949.559469753265	1258.067401282435	0
915	6953.575767762399	1257.682586644035	0
916	6953.576049771873	1257.68256866105	0
917	6954.544610113793	1257.406163502875	0
918	6953.577196344631	1257.682514290275	0
919	6954.547605282867	1257.406059249646	0
920	6954.547578224738	1257.406053174276	0
921	6966.690425383858	1256.213985757158	0
922	6966.650184980084	1256.217008174927	0
923	6966.711737118989	1256.212171110276	0
924	6966.690520202108	1256.213986007131	0
925	7049.079543885106	1256.331379327514	0
926	7049.07968548256	1256.331379374845	0
927	7050.081519096871	1256.35000993891	0
928	7049.0796479848	1256.331373784621	0
929	7050.081419452639	1256.350009622359	0
930	7050.081393429056	1256.350009976395	0
931	7063.09617862232	1256.824370322387	0
932	7063.096150909849	1256.824369955158	0
933	7066.094934337947	1257.040637074222	0
934	7063.095666878391	1256.824358188804	0
935	7066.094616958406	1257.040633008082	0
936	7066.094898789583	1257.040636955913	0
937	7100.107870185631	1258.635649521759	0
938	7100.107946212542	1258.635651457101	0
939	7101.10606958306	1258.713298824819	0
940	7100.107723096757	1258.635643698899	0
941	7101.105781911196	1258.713290422203	0
942	7101.10603738232	1258.7132987988	0
943	7104.093721227073	1259.026504264481	0
944	7104.093692135088	1259.026502359974	0
945	7105.089958638731	1259.129969125425	0
946	7104.093676622862	1259.026504653735	0
947	7105.089472590858	1259.12995904138	0
948	7105.089936535354	1259.129968948676	0
949	7109.073965615222	1259.537666804338	0
950	7109.073912387474	1259.537664358486	0
951	7110.066431236606	1259.671510924527	0
952	7109.073954192296	1259.537666565208	0
953	7110.06641934831	1259.671510966532	0
954	7110.06642984652	1259.671510434086	0
955	7121.049924740575	1260.514187192647	0
956	7121.04999962233	1260.51419015957	0
957	7122.04435596049	1260.628784174517	0
958	7121.049872645439	1260.514185790729	0
959	7122.044325986208	1260.628783393995	0
960	7122.044358780724	1260.628784475751	0
961	7127.032889724251	1261.059993098685	0
962	7127.033176479272	1261.059998755067	0
963	7128.031104667018	1261.141418785193	0
964	7127.032923436695	1261.059999919576	0
965	7128.031044482341	1261.141420419948	0
966	7128.031171234157	1261.141421163739	0
967	7129.030510482065	1261.202108256189	0
968	7129.030523711786	1261.202107524502	0
969	7130.029811678825	1261.26463306956	0
970	7129.030521659974	1261.202110001185	0
971	7130.029666619987	1261.264641090049	0
972	7130.029899090376	1261.26463507592	0
973	7154.058216926795	1261.577223352843	0
974	7154.058380918686	1261.577222896661	0
975	7155.05870636108	1261.5288579379	0
976	7154.058153929691	1261.577224491434	0
977	7155.058649116247	1261.528856538506	0
978	7155.058712211314	1261.528858434457	0
979	7167.072962317376	1261.378559715205	0
980	7167.072975860159	1261.378559440602	0
981	7168.073212737443	1261.420819170585	0
982	7167.072935452175	1261.378555884831	0
983	7168.073144152579	1261.420816847034	0
984	7168.073222491636	1261.420819382581	0
985	7211.08188386968	1263.215710635231	0
986	7211.081901899888	1263.215710324627	0
987	7212.080953265482	1263.279272917121	0
988	7211.081878388766	1263.215710620211	0
989	7212.080725335669	1263.279265387562	0
990	7212.080975047138	1263.279273804389	0
991	7217.076413388422	1263.608476267022	0
992	7217.076448224296	1263.608478041058	0
993	7218.075030109365	1263.681567603306	0
994	7217.076343088942	1263.608474771382	0
995	7218.075043476645	1263.681573150419	0
996	7218.075001259713	1263.681566027017	0
997	7223.079324215345	1263.831416033005	0
998	7223.07935017725	1263.831418801171	0
999	7224.080796094619	1263.839479700708	0
1000	7223.079271395734	1263.831415205642	0
1001	7224.080613427701	1263.839481063876	0
1002	7224.080806700134	1263.839479920817	0
1003	7225.081937206829	1263.839508644883	0
1004	7225.082052437421	1263.839509244713	0
1005	7226.083427018486	1263.812967145701	0
1006	7225.08195542972	1263.839509911154	0
1007	7226.083378500574	1263.812967535539	0
1008	7226.08338969187	1263.812967704121	0
1009	7232.0861346643	1263.552599779978	0
1010	7232.086118235944	1263.552602293281	0
1011	7233.085134211433	1263.483932567055	0
1012	7232.086078733912	1263.552602181996	0
1013	7233.084907538869	1263.48393332469	0
1014	7233.085142715128	1263.48393214111	0
1015	7240.083303946754	1263.09704789712	0
1016	7240.083367678591	1263.097047572473	0
1017	7241.081914728442	1263.024624710408	0
1018	7240.083213676553	1263.097044272565	0
1019	7241.081834767858	1263.024617781092	0
1020	7241.081912861489	1263.024624138391	0
1021	7261.083991378255	1262.06622226141	0
1022	7261.084086959927	1262.066223151852	0
1023	7263.082179608013	1261.932524623358	0
1024	7261.084013200831	1262.066220610606	0
1025	7263.082039673114	1261.932518629798	0
1026	7263.082099012579	1261.932520303017	0
1027	7278.090154533267	1261.328147184455	0
1028	7278.090224556923	1261.328151372535	0
1029	7279.089676723102	1261.269822640674	0
1030	7278.090115254905	1261.328146033029	0
1031	7279.089611857671	1261.269817952809	0
1032	7279.089674815674	1261.26982264048	0
1033	7355.187652030574	1260.853314743269	0
1034	7355.187654926434	1260.853315043048	0
1035	7356.188210640888	1260.894774315434	0
1036	7355.187531129253	1260.853311061992	0
1037	7356.188200526041	1260.894771375233	0
1038	7356.188272103747	1260.894773356005	0
1039	7523.245138646613	1268.480530942278	0
1040	7523.245163042935	1268.48053237174	0
1041	7524.241674805766	1268.578298348773	0
1042	7523.24494501383	1268.480515558961	0
1043	7524.241618026877	1268.578295187098	0
1044	7524.241732176022	1268.578302523145	0
1045	7537.22166487074	1269.597271715041	0
1046	7537.221672800959	1269.597273028226	0
1047	7538.214316512116	1269.733188462175	0
1048	7537.221381605785	1269.597249679156	0
1049	7538.214170888386	1269.733183083096	0
1050	7538.214318149425	1269.733188511534	0
1051	7655.164323230791	1277.42153430582	0
1052	7655.164638393442	1277.421549358357	0
1053	7656.146586385847	1277.626404979243	0
1054	7655.163899268671	1277.421483549649	0
1055	7656.144141636374	1277.62626167613	0
1056	7656.146034482605	1277.626366704964	0
1057	7668.140145448771	1278.765201445946	0
1058	7668.140741155919	1278.765317352141	0
1059	7670.138343756335	1279.00940566928	0
1060	7668.140148947656	1278.765201564124	0
1061	7670.137536997951	1279.009274735623	0
1062	7670.138351260277	1279.00940610179	0
1063	7674.127107424203	1279.638587507397	0
1064	7674.126107286123	1279.638349207579	0
1065	7675.143579964912	1279.640180050902	0
1066	7674.127282084715	1279.638307412959	0
1067	7675.149638808325	1279.642525106362	0
1068	7675.14967726641	1279.642530408239	0
1069	7679.024356298658	1281.573105853831	0
1070	7678.976943159825	1281.588933461174	0
1071	7678.785792381583	1281.724941386539	0
1072	7678.789129036901	1281.721871944249	0
1073	7679.050731612668	1281.59300859451	0
1074	7679.044469875342	1281.594604398416	0
1075	7681.384665005222	1280.488861712166	0
1076	7679.024357565941	1281.573105848183	0
1077	7681.370204988045	1280.493615581491	0
1078	7681.369755444546	1280.494233906828	0
1079	7682.389806248473	1280.42524787932	0
1080	7682.387976598729	1280.425446498521	0
1081	7683.404380511187	1280.358907969642	0
1082	7682.394697151336	1280.423357137906	0
1083	7683.407033754025	1280.3582872106	0
1084	7683.407832714183	1280.358013781097	0
1085	7689.462941491103	1280.191029306209	0
1086	7689.463394526538	1280.191077170461	0
1087	7690.468530232756	1280.128967841904	0
1088	7689.465698357417	1280.191143390981	0
1089	7690.470491550746	1280.128934490492	0
1090	7690.468779504918	1280.128965359832	0
1091	7718.559868593955	1281.568563414786	0
1092	7718.559887057512	1281.568560974221	0
1093	7719.559589164943	1281.482394128152	0
1094	7718.570437233597	1281.576869831784	0
1095	7719.5656843986	1281.48446354466	0
1096	7719.559532661558	1281.482399691515	0
1097	7723.569495393189	1281.311027981602	0
1098	7723.569321220915	1281.311005264997	0
1099	7724.569419422849	1281.234603682653	0
1100	7723.569547541854	1281.311029753271	0
1101	7724.569684405418	1281.234609447136	0
1102	7724.569377271233	1281.234604141773	0
1103	7742.601483409555	1280.775779753439	0
1104	7742.601439931947	1280.775779759265	0
1105	7743.601334583494	1280.717728640946	0
1106	7742.601735868164	1280.77578806953	0
1107	7743.602068527434	1280.717744560479	0
1108	7743.602075288589	1280.717741478398	0
1109	7744.599075021724	1280.620894428734	0
1110	7744.599079994601	1280.620895303433	0
1111	7745.596776119739	1280.530216929743	0
1112	7744.599190275396	1280.620899250993	0
1113	7745.597132493414	1280.530219762806	0
1114	7745.597079604486	1280.530216788446	0
1115	7759.602650946697	1279.780708040042	0
1116	7759.602660132994	1279.780706331666	0
1117	7760.597754523747	1279.671036926341	0
1118	7759.602860519903	1279.78071405471	0
1119	7760.597928323456	1279.671046387785	0
1120	7760.597776322596	1279.671036237707	0
1121	7771.598815861609	1279.051153181618	0
1122	7771.598739595182	1279.051156410919	0
1123	7772.593700070953	1278.935881592838	0
1124	7771.599199474986	1279.051164044774	0
1125	7772.593870661054	1278.935881048094	0
1126	7772.593896896709	1278.935881634157	0
1127	7797.595756453731	1277.603739680653	0
1128	7797.595779007024	1277.603738338155	0
1129	7798.589495201828	1277.486394347026	0
1130	7797.595896611325	1277.60373672632	0
1131	7798.589701509554	1277.486390569213	0
1132	7798.589652808936	1277.486389762687	0
1133	7813.569658107837	1276.373249879711	0
1134	7813.569678064581	1276.373248416276	0
1135	7814.56878039641	1276.3085074689	0
1136	7813.56980378156	1276.373246490202	0
1137	7814.569005729718	1276.308499449636	0
1138	7814.568787797725	1276.308507636696	0
1139	7837.561435862561	1274.938728035321	0
1140	7837.561452003254	1274.938725924157	0
1141	7838.56043846548	1274.874798134159	0
1142	7837.561561429626	1274.938722652353	0
1143	7838.560548772744	1274.87479770001	0
1144	7838.560554135314	1274.87479753922	0
1145	7852.577090600098	1274.594931173734	0
1146	7852.577092358952	1274.594931578833	0
1147	7853.57588744066	1274.526466883087	0
1148	7852.577249945927	1274.594929230685	0
1149	7853.576064999965	1274.526464014758	0
1150	7853.576005481627	1274.526465319141	0
1151	7854.576147758213	1274.48084715818	0
1152	7854.576117124641	1274.480847596009	0
1153	7855.575627445251	1274.418460598667	0
1154	7854.576158780277	1274.480843755891	0
1155	7855.575707743221	1274.418458863126	0
1156	7855.575662729723	1274.41846098793	0
1157	7894.608651645751	1273.232374930881	0
1158	7894.608652117888	1273.232373159481	0
1159	7895.609601199052	1273.256139036031	0
1160	7894.608784818214	1273.232349627521	0
1161	7895.610273521219	1273.256071757236	0
1162	7895.609609423394	1273.256139063036	0
1163	7927.636221426888	1274.240615726026	0
1164	7927.636228498581	1274.24061763656	0
1165	7928.635141827806	1274.304479975888	0
1166	7927.63637396667	1274.240613191893	0
1167	7928.635229085136	1274.304479427235	0
1168	7928.635160128935	1274.304480464105	0
1169	7966.651372507273	1275.774298816607	0
1170	7966.651306364351	1275.774297774557	0
1171	7967.651680221687	1275.815962912945	0
1172	7966.651374253022	1275.774298804744	0
1173	7967.65166241039	1275.815963221819	0
1174	7967.651676219306	1275.815962703542	0
1175	7968.652745975174	1275.830740834451	0
1176	7968.65278172816	1275.830739744735	0
1177	7969.653826145819	1275.85178664116	0
1178	7968.652842938507	1275.830740839469	0
1179	7969.653959933683	1275.851786650851	0
1180	7969.653979691386	1275.851786788735	0
1181	8061.737157361546	1273.529981822336	0
1182	8061.73719899881	1273.529981085989	0
1183	8062.737778374823	1273.556425714807	0
1184	8061.737403011401	1273.52997704783	0
1185	8062.737888277326	1273.556423697895	0
1186	8062.737854115388	1273.556424672864	0
1187	8235.153342922749	1275.917808467219	0
1188	8234.675733150536	1275.769036739409	0
1189	8235.190724111621	1275.910800691147	0
1190	8235.153385178135	1275.917808623426	0
1191	8276.882992649291	1279.825082726025	0
1192	8276.883004324707	1279.825083298265	0
1193	8277.879979390484	1279.913563461827	0
1194	8276.883043080401	1279.825076987943	0
1195	8277.87998849991	1279.913560881319	0
1196	8277.879979391473	1279.913563461743	0
1197	8342.807636551224	1284.338006114965	0
1198	8342.807577425658	1284.338006318744	0
1199	8343.804326311292	1284.430861568173	0
1200	8342.807629396848	1284.338006175843	0
1201	8343.80432106035	1284.430859971509	0
1202	8343.804325369922	1284.430859891231	0
1203	8401.760726634086	1288.08223499083	0
1204	8401.760726633096	1288.082234990955	0
1205	8402.757393926637	1288.178186794649	0
1206	8401.760708258727	1288.082229768892	0
1207	8402.757508260678	1288.178185388318	0
1208	8402.757406713667	1288.178188926085	0
1209	8405.744917356576	1288.482752982301	0
1210	8405.744983664794	1288.482757890328	0
1211	8406.743553618602	1288.557081143872	0
1212	8405.745027279183	1288.482756315301	0
1213	8406.743787146603	1288.557083112329	0
1214	8406.743726525623	1288.557083436667	0
1215	8409.737336004888	1288.808386284529	0
1216	8409.737337547995	1288.808387097551	0
1217	8410.736637377995	1288.866909913025	0
1218	8409.737352895572	1288.808389839335	0
1219	8410.736664052478	1288.866909930202	0
1220	8410.736667874662	1288.866909783247	0
1221	8540.799535579514	1294.041857384131	0
1222	8540.799283815264	1294.04187098316	0
1223	8541.792176379946	1294.176782780253	0
1224	8540.799615329008	1294.041856242247	0
1225	8541.792172664864	1294.176785485404	0
1226	8541.792177612748	1294.176782318438	0
1227	8543.789107054312	1294.326916005628	0
1228	8543.789113977087	1294.326917510851	0
1229	8544.78496102913	1294.431867047846	0
1230	8543.789103313902	1294.326914142026	0
1231	8544.784915173324	1294.431867931163	0
1232	8544.784975837429	1294.431867724577	0
1233	8570.767916760553	1296.086191071236	0
1234	8570.767944558902	1296.08619278729	0
1235	8571.766356341745	1296.163312771863	0
1236	8570.767885442918	1296.086190059265	0
1237	8571.766296600777	1296.163314209598	0
1238	8571.766333477062	1296.16331603512	0
1239	8589.758127844681	1297.285241593511	0
1240	8589.75805752322	1297.285241955368	0
1241	8590.758759480064	1297.320292447283	0
1242	8589.758014530489	1297.285242326686	0
1243	8590.758741183272	1297.320307416256	0
1244	8590.758756012801	1297.320290580028	0
1245	8744.980257949734	1298.45178511017	0
1246	8744.980264467064	1298.45178513508	0
1247	8745.98158161313	1298.479515695991	0
1248	8744.980156483332	1298.45179561338	0
1249	8745.981484434778	1298.479527068565	0
1250	8745.981536070052	1298.479516815768	0
1251	8838.100653278358	1295.886296161681	0
1252	8838.100660448465	1295.886295726834	0
1253	8839.10183814654	1295.846047831201	0
1254	8838.100566811758	1295.886301079267	0
1255	8839.101797773554	1295.846048860071	0
1256	8839.101774203693	1295.846050485897	0
1257	8865.142519529589	1296.030231435152	0
1258	8865.142515644104	1296.030222754164	0
1259	8866.144987616666	1296.033860568367	0
1260	8865.14225213779	1296.030239544019	0
1261	8866.144758804287	1296.03388624191	0
1262	8866.14505624224	1296.033854527521	0
1263	8901.179058419344	1294.463190434805	0
1264	8901.179070585924	1294.463190780915	0
1265	8902.179931604725	1294.470589177579	0
1266	8901.179049888415	1294.46319417888	0
1267	8902.179838710996	1294.470597895652	0
1268	8902.179835813105	1294.470597855887	0
1269	8993.226135669764	1289.620768658027	0
1270	8993.22622617372	1289.620768590899	0
1271	8994.224575301268	1289.548948724463	0
1272	8993.226105248585	1289.62078165956	0
1273	8994.224456882112	1289.548957041852	0
1274	8994.224759919627	1289.54893679259	0
1275	8999.221118315501	1289.13175630253	0
1276	8999.22109334782	1289.131757952826	0
1277	9000.222454582261	1289.087615745588	0
1278	8999.220887877498	1289.131767500699	0
1279	9000.222018682703	1289.087639857327	0
1280	9000.221765630893	1289.087649808801	0
1281	9012.21409098091	1288.095801444711	0
1282	9012.214629331371	1288.095784447775	0
1283	9013.203511197862	1287.925761984939	0
1284	9012.213979382512	1288.095811250284	0
1285	9013.20296636875	1287.925778560873	0
1286	9013.203140235062	1287.92577209722	0
1287	9165.655784876886	1281.397769952327	0
1288	9165.655663154124	1281.397777615271	0
1289	9167.658642981303	1281.584311532209	0
1290	9165.656134915262	1281.397762080911	0
1291	9167.65759851312	1281.584400308179	0
1292	9167.658554027854	1281.584312493262	0
1293	9235.068350702393	1277.151858248436	0
1294	9235.068404162208	1277.151855745647	0
1295	9236.083672426139	1277.071486570856	0
1296	9235.067797623771	1277.151859161286	0
1297	9236.07891244717	1277.071601970757	0
1298	9236.083299626676	1277.071454200788	0
1299	9241.214733398265	1276.742122733725	0
1300	9241.215105581359	1276.74206963647	0
1301	9242.229516633131	1276.679749742387	0
1302	9241.211853347471	1276.74212325276	0
1303	9242.22718781529	1276.679568058906	0
1304	9242.227128465383	1276.679572456813	0
1305	9296.817754574578	1276.157844647465	0
1306	9296.813839474271	1276.156177260213	0
1307	9301.382747854463	1281.18263062123	0
1308	9301.224280239585	1281.173924131125	0
1309	9303.821141807151	1281.872415974523	0
1310	9303.844490259071	1281.879811571764	0
1311	9301.480705442686	1281.192697408811	0
1312	9303.848255802346	1281.873533658855	0
1313	9301.566401105585	1281.177674381784	0
1314	9301.48997048114	1281.193255979235	0
1315	9300.445845295326	1276.109455141675	0
1316	9300.443591748342	1276.10834438081	0
1317	9355.982205998349	1269.623989066301	0
1318	9355.980820266748	1269.624260354445	0
1319	9356.99358135034	1269.493926478866	0
1320	9357.073411081627	1269.475945411765	0
1321	9358.059527683399	1269.447161852188	0
1322	9355.980060186666	1269.624336474501	0
1323	9356.993079564847	1269.493940870974	0
1324	9356.993669701631	1269.493912650871	0
1325	9358.023149761997	1269.445841096439	0
1326	9358.023439504861	1269.445799913532	0
1327	9371.049009764196	1267.202935174827	0
1328	9371.048475534582	1267.20299624173	0
1329	9372.041592182213	1267.009396074168	0
1330	9371.048893264517	1267.20283789168	0
1331	9372.038887358358	1267.009612570402	0
1332	9372.041085912126	1267.009519120911	0
1333	9402.158032703264	1263.885477963875	0
1334	9402.15827598302	1263.885453106751	0
1335	9403.153531961019	1263.709167771364	0
1336	9402.157239611799	1263.885606018005	0
1337	9403.153741165115	1263.709136255129	0
1338	9403.153764552459	1263.709131566853	0
1339	9427.157554129015	1260.740406684995	0
1340	9427.159489568199	1260.740025947857	0
1341	9428.147475518956	1260.652161367764	0
1342	9427.157497642896	1260.740413530896	0
1343	9428.160491122224	1260.657819866681	0
1344	9428.160294169415	1260.657825203475	0
1345	9432.202754903527	1260.434793170175	0
1346	9432.167215570313	1260.405553105423	0
1347	9433.180360109698	1260.94321521703	0
1348	9432.202273394483	1260.434568716761	0
1349	9433.474323444665	1260.855218728125	0
1350	9432.956829997005	1261.030505535231	0
1351	9433.324712867397	1261.606630562503	0
1352	9433.543261121275	1260.774653025612	0
1353	9433.399430242411	1260.94846939519	0
1354	9433.473720172718	1260.858756174105	0
1355	9433.516482257444	1260.84105661514	0
1356	9433.515032193041	1260.831950783473	0
1357	9434.04205016137	1260.430727107907	0
1358	9434.04204637972	1260.430727138837	0
1359	9461.338270916713	1259.04888569555	0
1360	9461.289795452132	1259.052754246413	0
1361	9461.386597691402	1259.045337923982	0
1362	9461.380940099632	1259.045733836042	0
1363	9484.007599865086	1256.709304217644	0
1364	9484.005069892155	1256.709518837325	0
1365	9484.911718834446	1256.28837868676	0
1366	9484.007801917491	1256.709289087455	0
1367	9484.916156119165	1256.288021380583	0
1368	9484.915862946698	1256.288045888989	0
1369	9573.017525180665	1250.360206690395	0
1370	9573.017512537255	1250.360207487766	0
1371	9574.002838134074	1250.176130094321	0
1372	9573.016244636034	1250.360292665333	0
1373	9574.002346760928	1250.176153620637	0
1374	9574.00282988188	1250.176129562071	0
1375	9578.986050599509	1249.621396861924	0
1376	9578.986070786079	1249.621395320932	0
1377	9579.976814180998	1249.472736008895	0
1378	9578.985448328975	1249.62143110805	0
1379	9579.976629127988	1249.472740941886	0
1380	9579.976658423286	1249.47273989651	0
1381	9782.101180053149	1239.027316463551	0
1382	9782.101352911384	1239.027304886659	0
1383	9783.102199880144	1239.075501401139	0
1384	9782.101132578697	1239.02732043993	0
1385	9783.102181988084	1239.075500382046	0
1386	9783.102208283817	1239.075501084289	0
1387	9793.12263652726	1239.089325335518	0
1388	9793.12227728781	1239.08934479604	0
1389	9794.123457115587	1239.06552105471	0
1390	9793.122644609015	1239.089322323437	0
1391	9794.123548783435	1239.065515777293	0
1392	9794.123505005322	1239.065519295399	0
1393	9854.171193297276	1236.397272558554	0
1394	9854.171175993521	1236.397273270728	0
1395	9855.172613622322	1236.38036662439	0
1396	9854.171184522434	1236.39722257066	0
1397	9855.172906447558	1236.380022951155	0
1398	9855.172645322076	1236.380366694649	0
1399	9918.282358526041	1236.205935877878	0
1400	9918.282465664815	1236.205932590437	0
1401	9919.282867131675	1236.253386145807	0
1402	9918.282465587159	1236.205883707056	0
1403	9919.28303112118	1236.253314903914	0
1404	9919.282871171054	1236.253386557823	0
1405	9951.313471752364	1237.597168278478	0
1406	9951.313471753361	1237.597168278405	0
1407	9952.312743074159	1237.669055205917	0
1408	9951.313300501017	1237.597167036408	0
1409	9952.312425416458	1237.669070659842	0
1410	9952.312651837216	1237.669055733222	0
1411	10107.6244181873	1238.076474080894	0
1412	10107.62454542406	1238.076472378965	0
1413	10108.55401431491	1238.446834213476	0
1414	10107.62108810492	1238.076570098888	0
1415	10108.55299546537	1238.446879039494	0
1416	10108.55394358699	1238.446828909777	0
1417	10134.02859308304	1236.212853033203	0
1418	10134.0163150595	1236.212657856226	0
1419	10134.03611913093	1236.212559395904	0
1420	10134.03506357037	1236.212669530543	0
1421	10213.41922533512	1243.566156097889	0
1422	10213.41653578878	1243.566143893139	0
1423	10214.41385751844	1243.568166816334	0
1424	10213.49454921504	1243.567179289735	0
1425	10214.41768063924	1243.568339197994	0
1426	10214.41436972662	1243.568212442865	0
1427	10245.37915781137	1244.457432728358	0
1428	10245.37891229075	1244.457427846203	0
1429	10247.37345878527	1244.635141163205	0
1430	10245.37914183619	1244.457433045098	0
1431	10247.37364712796	1244.635142638165	0
1432	10247.37371105933	1244.635145996438	0
1433	10299.35024472591	1247.701968279449	0
1434	10299.35006920416	1247.701965187213	0
1435	10300.34304050614	1247.827070637161	0
1436	10299.35020614872	1247.701967005355	0
1437	10300.34322560384	1247.827071054938	0
1438	10300.34303869481	1247.827069943049	0
1439	10373.4061060524	1249.740192232814	0
1440	10373.40619148521	1249.653482878589	0
1441	10374.37944901321	1249.96354836314	0
1442	10373.40610829378	1249.740193770641	0
1443	10374.38329208531	1249.95929274659	0
1444	10374.38328432277	1249.959291092415	0
1445	10415.38649491607	1252.112540351894	0
1446	10415.38650065331	1252.112540631909	0
1447	10416.38358546327	1252.198326674399	0
1448	10415.38666538445	1252.112542065228	0
1449	10416.38376753707	1252.198326937422	0
1450	10416.38374207444	1252.198326380887	0
1451	10458.35767493374	1254.814528861677	0
1452	10458.35763075896	1254.814528014612	0
1453	10459.35056462364	1254.94089497454	0
1454	10458.35770044915	1254.814532176601	0
1455	10459.35065234721	1254.940898122164	0
1456	10459.35058806753	1254.940895163743	0
1457	10594.53201715674	1255.783928785432	0
1458	10594.53190050455	1255.783931723613	0
1459	10595.53081960938	1255.849902053372	0
1460	10594.53210656739	1255.783929403166	0
1461	10595.5310022576	1255.849899200448	0
1462	10595.53090388735	1255.849898299686	0
1463	10596.53119983377	1255.894267150905	0
1464	10596.53120461487	1255.894267008797	0
1465	10597.53113165773	1255.94509732598	0
1466	10596.5312010919	1255.894267122503	0
1467	10597.53112478522	1255.945095184902	0
1468	10597.53113165672	1255.945097325965	0
1469	10788.5636753892	1264.963410433374	0
1470	10788.56363105316	1264.963413266011	0
1471	10789.56167416225	1265.040394498169	0
1472	10788.56373329015	1264.963406971422	0
1473	10789.56179149316	1265.040393589779	0
1474	10789.5616738417	1265.040394832803	0
1475	10823.49460691217	1267.793987552813	0
1476	10823.49461784591	1267.793989447517	0
1477	10824.49023364032	1267.898469350958	0
1478	10823.49462068397	1267.79398799984	0
1479	10824.49036889854	1267.898477629963	0
1480	10824.49043840759	1267.898480758251	0
1481	10926.43041697033	1274.311159945835	0
1482	10926.43041174843	1274.311159490317	0
1483	10927.42858801318	1274.386052866824	0
1484	10926.43042321763	1274.311160294564	0
1485	10927.42878587524	1274.386054820116	0
1486	10927.42864604809	1274.386054338473	0
1487	10983.39799994602	1277.874521796265	0
1488	10983.39799243688	1277.87452123645	0
1489	10984.39788641766	1277.929465184859	0
1490	10983.3981339977	1277.874528549113	0
1491	10984.39805047012	1277.929472653392	0
1492	10984.39793202261	1277.929465742839	0
1493	11000.37644886101	1279.140545534778	0
1494	11000.3763888994	1279.140538949083	0
1495	11001.37693798067	1279.180216593131	0
1496	11000.37645476961	1279.140548974235	0
1497	11001.37699110875	1279.180221782712	0
1498	11001.37699458667	1279.180219798929	0
1499	11088.4941361992	1280.817165176345	0
1500	11088.49408146974	1280.817164506107	0
1501	11089.49490223262	1280.861778813452	0
1502	11088.49414476296	1280.817165516229	0
1503	11089.49495832339	1280.861780924498	0
1504	11089.49494959216	1280.861778687246	0
1505	11113.51273668934	1281.84616828722	0
1506	11113.51263346011	1281.846168476207	0
1507	11114.5138690759	1281.856726740434	0
1508	11113.51272589147	1281.846177427893	0
1509	11114.51411746069	1281.856737934557	0
1510	11114.51386859674	1281.856726274172	0
1511	11229.56004097062	1286.873986666555	0
1512	11229.54961840328	1286.898329157938	0
1513	11229.46893519563	1286.888195985697	0
1514	11229.55986838819	1286.874019566962	0
1515	11240.76106545257	1284.800961951367	0
1516	11240.76163862428	1284.800866626242	0
1517	11240.77746226122	1284.798352854627	0
1518	11240.78083402771	1284.797853605985	0
1519	11776.1628108155	1258.912217105643	0
1520	11776.1628227788	1258.912216437949	0
1521	11777.16357346067	1258.872267855574	0
1522	11776.16281092969	1258.91222274761	0
1523	11777.16350380112	1258.872280815665	0
1524	11777.16351987039	1258.872267657817	0
1525	11817.0515748912	1255.033567919974	0
1526	11817.05163383018	1255.033563843572	0
1527	11818.04693880092	1254.919965566071	0
1528	11817.05099633075	1255.033588614062	0
1529	11818.04680087935	1254.919964556795	0
1530	11818.04692342573	1254.919962915776	0
1531	11961.76084354308	1241.931703900012	0
1532	11961.7608823734	1241.931705639143	0
1533	11962.70741563017	1241.608736526073	0
1534	11961.76059196034	1241.931716450246	0
1535	11962.70726343308	1241.60874766856	0
1536	11962.70719376534	1241.60875787138	0
1537	12025.53468866547	1232.983271319768	0
1538	12025.53257118711	1232.975795633437	0
1539	12025.33399264278	1232.856418554827	0
1540	12025.50951769602	1232.969614954576	0
1541	12025.68346305125	1232.888293307167	0
1542	12025.48663773942	1232.902830654266	0
1543	12025.6129067674	1232.359706874314	0
1544	12025.68572724241	1232.886002357107	0
1545	12025.56853585754	1232.899407707012	0
1546	12025.54071204756	1232.988353937862	0
1547	12025.90629190192	1233.309390060174	0
1548	12025.9063172376	1233.309390071551	0
1549	12267.37369065209	1232.249066397755	0
1550	12267.37372328105	1232.249068379895	0
1551	12268.31839422855	1231.912649210739	0
1552	12267.38538760845	1232.247512585332	0
1553	12268.31840356949	1231.911798129625	0
1554	12268.31842845341	1231.912648199309	0
1555	12337.47705080408	1233.437163699605	0
1556	12337.47706594731	1233.437163253765	0
1557	12338.47922045059	1233.430225067378	0
1558	12337.47718161409	1233.437151563586	0
1559	12338.47921061399	1233.430223007355	0
1560	12338.47922932025	1233.430224681229	0
1561	12355.5096238396	1233.548349405802	0
1562	12355.50969080161	1233.54835067552	0
1563	12356.51140600189	1233.555705494431	0
1564	12355.50962952595	1233.548346691268	0
1565	12356.51142700296	1233.555701841008	0
1566	12356.51145847096	1233.555706227892	0
1567	12395.52121871893	1235.740091724435	0
1568	12395.52121207192	1235.740091384287	0
1569	12396.52120144301	1235.793715925711	0
1570	12395.52123989572	1235.740090799771	0
1571	12396.52120537129	1235.793718615597	0
1572	12396.52118916826	1235.79372078892	0
1573	12403.51071322589	1236.360744560211	0
1574	12403.51075372774	1236.360745360912	0
1575	12404.50930033922	1236.43094197699	0
1576	12403.5107132269	1236.36074456026	0
1577	12404.50936618061	1236.430944095627	0
1578	12404.50930634176	1236.430941772024	0
1579	12405.50684072076	1236.522467313711	0
1580	12405.5068492613	1236.522467683537	0
1581	12406.50451335344	1236.60540776585	0
1582	12405.50683520358	1236.522467971608	0
1583	12406.50455702136	1236.605413192618	0
1584	12406.50448094257	1236.605407380115	0
1585	12505.47615769265	1243.377988620328	0
1586	12506.04753835953	1243.418943489996	0
1587	12508.73861401658	1243.601130883471	0
1588	12505.47597513853	1243.377974784353	0
1589	12509.07397554766	1243.624498017989	0
1590	12509.07528457401	1243.62458071097	0
1591	12513.36860692785	1243.973417574021	0
1592	12513.36725361982	1243.97330584772	0
1593	12514.37250374255	1244.025049141711	0
1594	12513.36965680337	1243.973513682835	0
1595	12514.37310541333	1244.025099793496	0
1596	12514.37248007004	1244.025046031561	0
1597	12648.47823491193	1248.014419767838	0
1598	12648.47829648678	1248.014421001376	0
1599	12649.479003842	1248.051566275224	0
1600	12648.47819358547	1248.014419522414	0
1601	12649.47910007652	1248.051573199339	0
1602	12649.47910205678	1248.051573725487	0
1603	12650.47905242624	1248.099707763929	0
1604	12650.4792365348	1248.09971291357	0
1605	12651.47885563981	1248.151886507794	0
1606	12650.47911905719	1248.099709197936	0
1607	12651.47884315275	1248.151886461095	0
1608	12651.47885062055	1248.151886271284	0
1609	12788.55865570022	1254.540416986449	0
1610	12788.55883686362	1254.540424694957	0
1611	12789.54622483828	1254.579014405355	0
1612	12788.56070951812	1254.537648539377	0
1613	12789.54521740185	1254.578012478591	0
1614	12789.54611371818	1254.579004568267	0
1615	12814.46380197183	1257.366195608736	0
1616	12814.46368758871	1257.366169763143	0
1617	12815.46528344641	1257.438130119672	0
1618	12814.464510233	1257.366256571891	0
1619	12815.46571215582	1257.43815132344	0
1620	12815.46535943077	1257.438136878885	0
1621	12816.46785812257	1257.531448109934	0
1622	12816.46795565587	1257.531442673589	0
1623	12817.45751520499	1257.716806162665	0
1624	12816.46803806809	1257.531454399101	0
1625	12817.45751190852	1257.716827409964	0
1626	12817.45789654861	1257.716838134952	0
1627	12848.61447344667	1260.575750895595	0
1628	12848.61306434132	1260.575963565381	0
1629	12853.42727312134	1259.576979943786	0
1630	12848.66825189743	1260.706207523977	0
1631	12862.37505273569	1261.932267091722	0
1632	12853.43878987173	1259.577099141908	0
1633	12853.63759174476	1259.578212201758	0
1634	12853.64681863242	1259.577627103489	0
1635	12862.37507329429	1261.92938374578	0
1636	12862.37633984032	1261.929750247273	0
1637	12873.46943407591	1262.276965871908	0
1638	12873.46921835338	1262.27693361411	0
1639	12874.45614764719	1262.492389103461	0
1640	12873.46946283498	1262.276964938978	0
1641	12874.45514698362	1262.492329923859	0
1642	12874.45570709928	1262.492353236568	0
1643	13038.88237520877	1265.002918044292	0
1644	13038.88236479914	1265.002917174469	0
1645	13039.87881085962	1265.108088869734	0
1646	13038.88200578646	1265.002935580458	0
1647	13039.87743435519	1265.108143860629	0
1648	13039.87864356953	1265.108079030774	0
1649	13082.95764042729	1263.94411659141	0
1650	13082.95799424899	1263.944104684611	0
1651	13083.9553325513	1264.035512762374	0
1652	13082.95779516438	1263.944108326724	0
1653	13083.95516485515	1264.03551783087	0
1654	13083.95534946911	1264.035512464985	0
1655	13150.0902132805	1263.342359686083	0
1656	13150.09021183154	1263.342360515421	0
1657	13151.09121641454	1263.385215741222	0
1658	13150.08978576696	1263.342372618502	0
1659	13151.09106757859	1263.385222809848	0
1660	13151.09118407197	1263.385217522693	0
1661	13156.10174760321	1263.342848219192	0
1662	13156.10185183441	1263.342835501136	0
1663	13157.10164295205	1263.413494480505	0
1664	13156.10160136805	1263.342846819406	0
1665	13157.10138755392	1263.413511667818	0
1666	13157.10164354028	1263.413493482005	0
1667	13270.13978350299	1255.826757940378	0
1668	13270.14003265095	1255.826748756047	0
1669	13271.10706318194	1255.563482603529	0
1670	13270.13907735931	1255.826854135335	0
1671	13271.10670644431	1255.563506905431	0
1672	13271.10694515629	1255.563490068887	0
1673	13299.09142496234	1252.629062471233	0
1674	13299.09263678885	1252.628894286792	0
1675	13300.00907479862	1252.21518093375	0
1676	13299.09142465682	1252.62906290107	0
1677	13300.00804080825	1252.215321717805	0
1678	13300.00835642796	1252.215271249697	0
1679	13312.98586178911	1249.699096560648	0
1680	13312.9620280451	1249.703183905721	0
1681	13312.99054352815	1249.698208668512	0
1682	13312.98584761515	1249.699096357366	0
1683	13331.33300380212	1248.443855229858	0
1684	13331.31207907554	1248.468097259404	0
1685	13331.90563419142	1248.36331703341	0
1686	13331.3335045489	1248.443780561201	0
1687	13342.56257510698	1244.709390729689	0
1688	13342.51031139095	1244.687493451496	0
1689	13342.30712669387	1244.859425879327	0
1690	13342.38130926672	1244.7793463762	0
1691	13342.30780695573	1244.545463711537	0
1692	13342.52753081306	1244.699140595067	0
1693	13343.79887102772	1243.82936620997	0
1694	13343.79794394926	1243.836066348477	0
1695	13342.69919743377	1244.754175897191	0
1696	13342.56256805006	1244.70939106689	0
1697	13345.71925740453	1245.858916978282	0
1698	13345.7210362017	1245.858700684042	0
1699	13347.01173635913	1246.169432124861	0
1700	13347.00996568798	1246.169057640982	0
1701	13374.82201182738	1246.664117407245	0
1702	13374.82222919566	1246.664121183931	0
1703	13375.79060193555	1246.419342726637	0
1704	13374.82274201165	1246.664125061164	0
1705	13375.79160496726	1246.419335212943	0
1706	13375.79141272461	1246.419296421302	0
1707	13491.2800922331	1242.582588868974	0
1708	13491.28008659856	1242.582589695765	0
1709	13492.28434271455	1242.599463159103	0
1710	13491.2803894305	1242.582574477314	0
1711	13492.28469805273	1242.59944169618	0
1712	13492.28453951272	1242.599454916286	0
1713	13507.33277142631	1242.662130057476	0
1714	13507.3329077903	1242.662126519117	0
1715	13508.33509134487	1242.673439920715	0
1716	13507.33300174634	1242.662121473096	0
1717	13508.33546167684	1242.673437519451	0
1718	13508.33522951038	1242.673438894519	0
1719	13513.34762553889	1242.5614011856	0
1720	13513.34768291092	1242.561404153055	0
1721	13514.34513811327	1242.460353006513	0
1722	13513.34788395996	1242.561399341425	0
1723	13514.34546371668	1242.460336169991	0
1724	13514.34548819664	1242.460333880144	0
1725	13600.28743542065	1236.473627498177	0
1726	13600.28744278025	1236.473624999362	0
1727	13601.28252209555	1236.361994915502	0
1728	13600.2876854703	1236.473615251064	0
1729	13601.28262275962	1236.361985913062	0
1730	13601.28263802247	1236.361984252783	0
1731	13636.21212690442	1233.375461681704	0
1732	13636.21208434423	1233.375464791239	0
1733	13637.20757163389	1233.270338532667	0
1734	13636.21203460036	1233.375467963987	0
1735	13637.20788713218	1233.27031797308	0
1736	13637.20787020516	1233.270319352486	0
1737	13642.19296243763	1232.805617556486	0
1738	13642.1930239533	1232.805612460653	0
1739	13643.19112579792	1232.721201037193	0
1740	13642.19299236871	1232.805612933641	0
1741	13643.19121835542	1232.721191029334	0
1742	13643.19125461198	1232.721190672456	0
1743	13816.20329724203	1223.98385660951	0
1744	13816.20326719278	1223.98386792119	0
1745	13817.20376664577	1223.945274465766	0
1746	13816.20338885839	1223.983850319799	0
1747	13817.20380299529	1223.945268540225	0
1748	13817.20377042927	1223.94527443425	0
1749	13910.30713600723	1221.288615532589	0
1750	13910.30712400562	1221.288618573849	0
1751	13911.30820634461	1221.281344528057	0
1752	13910.30708406676	1221.288612627621	0
1753	13911.30825963258	1221.281336457776	0
1754	13911.30819739201	1221.281344539315	0
1755	13955.36416948822	1222.359432132984	0
1756	13955.36418396081	1222.359436710036	0
1757	13956.36467370424	1222.410705805713	0
1758	13955.3641859252	1222.359424312662	0
1759	13956.36473120636	1222.410700389736	0
1760	13956.3646998905	1222.410702332826	0
1761	13970.3665779692	1223.117931963782	0
1762	13970.36668423701	1223.117937162155	0
1763	13971.36601356089	1223.179682170073	0
1764	13970.36661142244	1223.117932935891	0
1765	13971.36611627926	1223.179676855729	0
1766	13971.366004095	1223.179682359519	0
1767	14020.35828222687	1225.869374600406	0
1768	14020.35829354618	1225.869374226489	0
1769	14021.35732001543	1225.934589445796	0
1770	14020.35824213521	1225.869371601591	0
1771	14021.35734394742	1225.934588994317	0
1772	14021.35733913656	1225.934588240432	0
1773	14110.46224705769	1227.278152321333	0
1774	14110.4622339735	1227.278151649726	0
1775	14111.46320523691	1227.302492605982	0
1776	14110.46225962175	1227.278145982736	0
1777	14111.46322932923	1227.30249002953	0
1778	14111.46322932824	1227.302490029601	0
1779	14226.46204076033	1233.189580654588	0
1780	14226.46209532257	1233.189581828823	0
1781	14227.46074978937	1233.259129443913	0
1782	14226.4620652641	1233.189579965343	0
1783	14227.46065160314	1233.259126775986	0
1784	14227.460717844	1233.259130070713	0
1785	14231.45733326401	1233.521617139852	0
1786	14231.45733353457	1233.521617547773	0
1787	14232.45689452274	1233.583227588022	0
1788	14231.45731736504	1233.521617774716	0
1789	14232.45634864728	1233.583267240935	0
1790	14232.45690829845	1233.583227459254	0
1791	14323.50096155384	1237.928898219525	0
1792	14323.50096155285	1237.928898219554	0
1793	14324.47486522259	1238.159618435455	0
1794	14323.50066256831	1237.928907453873	0
1795	14324.47487021302	1238.15963170828	0
1796	14324.47478347464	1238.159621864534	0
1797	14371.80246850482	1236.940534575951	0
1798	14371.52234030305	1236.930493026852	0
1799	14371.59725345535	1236.758831839793	0
1800	14371.59285000858	1236.761548511559	0
1801	14371.7791226817	1236.930272849575	0
1802	14371.79479472961	1236.937116150912	0
1803	14372.39493757078	1237.211219838479	0
1804	14372.39648028701	1237.211930906562	0
1805	14380.67540509937	1237.929258880263	0
1806	14371.63692387341	1237.114180861375	0
1807	14380.67656501881	1237.929396489471	0
1808	14380.67543112681	1237.929259640161	0
1809	14399.75790924382	1238.505068326449	0
1810	14399.7578583627	1238.505073437616	0
1811	14400.76119167363	1238.497080205618	0
1812	14399.75790974573	1238.505068649079	0
1813	14400.76259460279	1238.497189018065	0
1814	14400.76131117829	1238.497084576269	0
1815	14406.71843963449	1239.496696415825	0
1816	14406.71046774295	1239.506813064317	0
1817	14406.83527848412	1239.440676346462	0
1818	14406.7182425495	1239.496657978611	0
1819	14445.7516202513	1236.009801951834	0
1820	14445.75163700298	1236.009801970449	0
1821	14446.75055963342	1235.949310035138	0
1822	14445.75162644937	1236.009799353238	0
1823	14446.75057688921	1235.94930544536	0
1824	14446.75057900101	1235.949308656042	0
1825	14488.80465945516	1235.022483422033	0
1826	14488.80468343275	1235.022482697914	0
1827	14489.8043931178	1234.961372680198	0
1828	14488.80469359943	1235.022486683549	0
1829	14489.80444635625	1234.961383944056	0
1830	14489.80444407457	1234.961370387323	0
1831	14532.84283747435	1233.694153797929	0
1832	14532.84308591882	1233.694137816471	0
1833	14533.84253497898	1233.641222096847	0
1834	14532.8428714337	1233.694156689449	0
1835	14533.84257613814	1233.641222613049	0
1836	14533.84256347735	1233.641220868483	0
1837	14683.83230431575	1223.579803600383	0
1838	14683.83619052117	1223.577848813911	0
1839	14683.84954977872	1223.572562894005	0
1840	14683.84556979161	1223.574484623558	0
1841	14691.05181476264	1223.847164203824	0
1842	14691.04934140074	1223.848405362475	0
1843	14692.01007716508	1223.552023360614	0
1844	14691.05002659153	1223.847093418644	0
1845	14692.00582385592	1223.557154023868	0
1846	14692.00597289677	1223.557164421077	0
1847	14775.99709612909	1218.858336636358	0
1848	14775.99717845098	1218.858336350651	0
1849	14776.99637682463	1218.793321796845	0
1850	14775.99727957421	1218.858327983417	0
1851	14776.99637665525	1218.793320965788	0
1852	14776.99637682342	1218.79332179674	0
1853	14777.99694987284	1218.754414600214	0
1854	14777.99686669991	1218.754425090523	0
1855	14778.99659760645	1218.708995066298	0
1856	14777.99696827465	1218.75441390099	0
1857	14778.99665948332	1218.708990883149	0
1858	14778.99663632726	1218.708994363543	0
1859	14929.13669693009	1215.630859277134	0
1860	14929.13668955238	1215.630859126826	0
1861	14930.13765783118	1215.604679827378	0
1862	14929.13668118306	1215.630860066059	0
1863	14930.13772421655	1215.604678710734	0
1864	14930.13768672549	1215.604679686136	0
1865	14942.11514134773	1214.569630238642	0
1866	14942.11513761727	1214.569630236529	0
1867	14943.11584931144	1214.615432938377	0
1868	14942.11531633815	1214.567097705992	0
1869	14943.11614765344	1214.614769979752	0
1870	14943.11587135008	1214.615432658191	0
1871	15015.1412364121	1218.12626603414	0
1872	15015.14126391148	1218.126265673867	0
1873	15016.14113526072	1218.172035604201	0
1874	15015.14119374568	1218.126263977345	0
1875	15016.14115979248	1218.172036802737	0
1876	15016.14112777165	1218.17203537979	0
1877	15083.21736529172	1217.328899100901	0
1878	15083.21736881705	1217.328898997871	0
1879	15084.21824311188	1217.356831713912	0
1880	15083.21735889611	1217.328896199708	0
1881	15084.21816086346	1217.356825205615	0
1882	15084.21824311087	1217.356831713931	0
1883	15308.30547214124	1225.360408169738	0
1884	15308.30544815106	1225.360411300339	0
1885	15309.30396409194	1225.431022462985	0
1886	15308.30548439635	1225.360406328733	0
1887	15309.30398808055	1225.431022453745	0
1888	15309.30398768659	1225.431023778995	0
1889	15314.29313482779	1225.825710910006	0
1890	15314.29317781039	1225.825712245518	0
1891	15315.29151435213	1225.896689172551	0
1892	15314.29314418378	1225.825711476075	0
1893	15315.29150161097	1225.896688992564	0
1894	15315.29148411466	1225.896689289223	0
1895	15339.23927131747	1227.815706888491	0
1896	15339.23925454156	1227.815704275337	0
1897	15340.23823168716	1227.879807519365	0
1898	15339.23927143156	1227.815706888551	0
1899	15340.23812469573	1227.879812166011	0
1900	15340.2382261762	1227.879807400927	0
1901	15431.30640433857	1229.97785155254	0
1902	15431.30648889983	1229.977855107479	0
1903	15432.30714725855	1229.99284372984	0
1904	15431.30648327144	1229.977854596404	0
1905	15432.30706827511	1229.992841524407	0
1906	15432.30707369449	1229.992841753166	0
1907	15647.34851522928	1239.081873205235	0
1908	15647.34861831081	1239.081874278397	0
1909	15648.34894916238	1239.112669093754	0
1910	15647.34853414103	1239.081873423029	0
1911	15648.34898090059	1239.112671799107	0
1912	15648.34896756559	1239.112670342482	0
1913	15839.50378598119	1244.683496330922	0
1914	15839.50376767324	1244.683495884308	0
1915	15840.50446143123	1244.713666162172	0
1916	15839.50351560479	1244.683505010566	0
1917	15840.50430640081	1244.713672402676	0
1918	15840.50430013617	1244.71366495788	0
1919	15887.57053022749	1245.100433513735	0
1920	15887.57053022848	1245.100433513726	0
1921	15888.57184322304	1245.102279495208	0
1922	15887.57043401615	1245.100447661963	0
1923	15888.57174635905	1245.102287014972	0
1924	15888.57176640062	1245.102286693967	0
1925	15933.60111283353	1243.345202328588	0
1926	15933.60112967388	1243.345201798331	0
1927	15934.59994671758	1243.272433007907	0
1928	15933.60112648666	1243.345204451339	0
1929	15934.59976387682	1243.272448133914	0
1930	15934.59994559919	1243.272433363774	0
1931	15998.58648202633	1239.425425702222	0
1932	15998.5864878482	1239.42542571437	0
1933	15999.5828321442	1239.329490562345	0
1934	15998.58635129307	1239.425432234401	0
1935	15999.58269546071	1239.329497806816	0
1936	15999.58263315634	1239.329500370968	0
1937	16110.61519856081	1231.53682558363	0
1938	16110.60557117374	1231.537357258472	0
1939	16110.6692405499	1231.532871708025	0
1940	16110.62044452845	1231.536537243074	0
1941	16139.84439824074	1231.111255768843	0
1942	16139.84423731267	1231.111602160446	0
1943	16140.83627247861	1230.9717980507	0
1944	16139.84432798561	1231.111257100936	0
1945	16140.83600658362	1230.970908256252	0
1946	16140.83575733683	1230.970914199873	0
1947	16142.8306344363	1230.781566538887	0
1948	16142.83086715258	1230.781555960535	0
1949	16143.82976917594	1230.700540404355	0
1950	16142.8307908192	1230.781564033058	0
1951	16143.82962789866	1230.7005528746	0
1952	16143.82964556969	1230.700553475798	0
1953	16152.81484516193	1229.971264366959	0
1954	16152.81486561454	1229.971263204289	0
1955	16153.81356687508	1229.891751544838	0
1956	16152.81486321934	1229.97126256575	0
1957	16153.81361730245	1229.891722413716	0
1958	16153.8135707126	1229.89175114525	0
1959	16262.85503999882	1224.197023740071	0
1960	16262.85507981145	1224.197023922543	0
1961	16263.85447576774	1224.138591466713	0
1962	16262.85504476669	1224.197023626075	0
1963	16263.85435193574	1224.138593555876	0
1964	16263.85449371718	1224.138591354983	0
1965	16285.78972414534	1221.851351967263	0
1966	16285.78978752865	1221.851348281693	0
1967	16286.78779227376	1221.786142544679	0
1968	16285.73741311004	1221.735885509969	0
1969	16286.78712203669	1221.785822835582	0
1970	16286.78728308609	1221.785834330615	0
1971	16346.92208117853	1222.087935957507	0
1972	16346.92211536445	1222.087935925148	0
1973	16347.92297987446	1222.054997983894	0
1974	16346.92207400926	1222.087930075494	0
1975	16347.9230584293	1222.054992022173	0
1976	16347.92298021279	1222.054998905789	0
1977	16370.96528324187	1221.593879895376	0
1978	16370.96534307626	1221.593881884718	0
1979	16371.96685084185	1221.579957351045	0
1980	16370.96529883992	1221.593879842318	0
1981	16371.96693132797	1221.579960251522	0
1982	16371.96685081186	1221.579957351049	0
1983	16372.968740481	1221.558376395794	0
1984	16372.96886954532	1221.558384838761	0
1985	16373.96983134957	1221.519145728484	0
1986	16372.9686369503	1221.558373683236	0
1987	16373.96984295206	1221.519137723448	0
1988	16373.96983628911	1221.519145861197	0
1989	16383.98949587787	1221.760770079712	0
1990	16383.98947068927	1221.760768331342	0
1991	16384.99239512135	1221.745860849418	0
1992	16383.98935933437	1221.760746642243	0
1993	16384.99229534057	1221.745856138426	0
1994	16384.99229380099	1221.745856129425	0
1995	16391.00074000149	1222.077070100635	0
1996	16391.00074830701	1222.077068570503	0
1997	16392.00094886016	1222.15593157368	0
1998	16391.00086676212	1222.07706657972	0
1999	16392.00071302526	1222.155923989145	0
2000	16392.00071302626	1222.155923989179	0
2001	16416.09686275233	1222.15479377718	0
2002	16416.07498683896	1222.143064799743	0
2003	16416.10541875521	1222.157905170212	0
2004	16416.09724692828	1222.154811011541	0
2005	16552.50371224972	1227.866016059415	0
2006	16552.50378425963	1227.86604377624	0
2007	16553.38200340472	1227.367067659626	0
2008	16552.49744038091	1227.865598663052	0
2009	16553.3745564918	1227.365456348241	0
2010	16553.3779534019	1227.366129744606	0
2011	16566.88483486845	1230.401443206377	0
2012	16566.87483509022	1230.406741092839	0
2013	16566.92093898156	1230.400264293375	0
2014	16566.90469761512	1230.398567525459	0
2015	16570.05868434818	1229.168090842328	0
2016	16570.05874999321	1229.168414218206	0
2017	16571.06825665168	1229.128351754807	0
2018	16570.05927767448	1229.167165569233	0
2019	16571.06273842193	1229.128927470754	0
2020	16571.06891174032	1229.128486922857	0
2021	16577.19412492452	1228.544003004631	0
2022	16577.22913114889	1228.528292266304	0
2023	16582.26504692109	1228.299548574184	0
2024	16577.19588828269	1228.543610696778	0
2025	16582.22415247199	1228.398548807363	0
2026	16582.23680599921	1228.36547737103	0
2027	16583.20682609217	1228.618871066662	0
2028	16582.22452414057	1228.398569234006	0
2029	16583.20336853385	1228.619142514644	0
2030	16582.20964379579	1228.431684943382	0
2031	16583.20298153794	1228.618998436456	0
2032	16583.20270764684	1228.619111406295	0
2033	16601.44234625999	1228.320255220375	0
2034	16601.42768519946	1228.318064914174	0
2035	16601.47911402911	1228.320124270281	0
2036	16601.44254868739	1228.320278447183	0
2037	16606.56392986957	1229.178025778412	0
2038	16606.56222193398	1229.1777160024	0
2039	16607.49528038532	1229.496494863939	0
2040	16606.55661704552	1229.17715056591	0
2041	16607.4959042436	1229.496527848797	0
2042	16607.49595563928	1229.496539120181	0
2043	16622.0427609387	1231.145331628115	0
2044	16622.04744298106	1231.145781910796	0
2045	16622.39280250637	1231.179052990732	0
2046	16622.40700132983	1231.180367011669	0
2047	16656.24223078992	1233.84360705516	0
2048	16656.2412144278	1233.843531522248	0
2049	16657.22399828802	1234.011020792717	0
2050	16656.24082407714	1233.843501303063	0
2051	16657.2213634392	1234.010820839233	0
2052	16657.22066740365	1234.010758329207	0
2053	16788.63356380385	1242.045404756162	0
2054	16788.63302408464	1242.045392532952	0
2055	16789.63684234033	1241.908172012879	0
2056	16788.63347400679	1242.045481318952	0
2057	16789.63781767923	1241.908160644993	0
2058	16789.63786356991	1241.908163328915	0
2059	16817.7434569525	1242.187378196202	0
2060	16817.73487664619	1242.206785018547	0
2061	16817.74127849677	1242.182630583223	0
2062	16817.74413586608	1242.187410551361	0
2063	16870.88171098788	1246.434143259658	0
2064	16870.88287633622	1246.434267784466	0
2065	16871.44194722096	1246.470850432857	0
2066	16871.44703998166	1246.471092726182	0
2067	16909.50225586739	1246.271323369859	0
2068	16909.50773609451	1246.27247795426	0
2069	16909.55491955138	1246.275745542114	0
2070	16909.51493080956	1246.27784413934	0
2071	16914.28921674618	1245.808133792587	0
2072	16914.28661298923	1245.810520152055	0
2073	16911.42685788469	1240.741150691807	0
2074	16911.4266137704	1240.743683173779	0
2075	16911.434575428	1240.705603564209	0
2076	16911.42223195321	1240.732229993423	0
2077	16914.76048010414	1241.40626737615	0
2078	16914.76303156149	1241.412829370151	0
2079	16916.90579481492	1244.192964501233	0
2080	16912.46917168126	1245.726741932875	0
2081	16916.5704015287	1245.756041738013	0
2082	16916.90947296155	1244.19693076284	0
2083	16915.09401177457	1245.853936899986	0
2084	16915.09418389675	1245.850432915268	0
2085	16932.0537815005	1248.21577332298	0
2086	16932.06927813678	1248.216818796005	0
2087	16932.11080616447	1248.250671044285	0
2088	16932.0720250761	1248.214429730349	0
2089	16949.1086932814	1249.470608588602	0
2090	16949.10866655721	1249.47060661088	0
2091	16950.1368266389	1249.588157945749	0
2092	16949.26560158627	1249.488569649857	0
2093	16950.24621872596	1249.60280158714	0
2094	16950.13732644465	1249.588255468189	0
2095	16992.86176897209	1251.471932098133	0
2096	16992.86166008704	1251.471935214088	0
2097	16993.87265996787	1251.530410242452	0
2098	16992.86204057393	1251.471920144973	0
2099	16993.87196013214	1251.530378250566	0
2100	16993.87256735778	1251.530407391002	0
2101	17036.20615028968	1252.573407191333	0
2102	17036.2059606872	1252.573402351741	0
2103	17037.19700686663	1252.732812988412	0
2104	17036.22422447215	1252.567923576163	0
2105	17037.20727973295	1252.734202118311	0
2106	17037.19709826592	1252.732816507238	0
2107	17062.32129427316	1252.096646621276	0
2108	17062.3125341254	1252.084652724706	0
2109	17062.59869710479	1252.324486174686	0
2110	17062.32127170423	1252.096641864207	0
2111	17083.33806989567	1254.879439347231	0
2112	17083.33794510895	1254.879433274505	0
2113	17084.33757127578	1254.914077442359	0
2114	17083.33807232722	1254.879443190541	0
2115	17084.33764423553	1254.914097567195	0
2116	17084.33789090544	1254.914105073477	0
2117	17099.46666909311	1256.148953381967	0
2118	17099.46736709185	1256.149019631594	0
2119	17101.12940138556	1256.301277684288	0
2120	17101.12840373218	1256.301190009787	0
2121	17161.34103275663	1259.491542119838	0
2122	17161.34136372337	1259.491564415907	0
2123	17162.33154738547	1259.656382621868	0
2124	17161.34114238903	1259.491539711761	0
2125	17162.33127682313	1259.656362645637	0
2126	17162.33155172102	1259.65638130059	0
2127	17194.35092788276	1262.149668729175	0
2128	17194.24305704638	1262.160453349851	0
2129	17194.37133388902	1262.136154781073	0
2130	17194.35331726968	1262.150605193038	0
2131	17195.29603408624	1262.535903102923	0
2132	17194.35151175468	1262.15031489209	0
2133	17195.29516949757	1262.535656024295	0
2134	17195.29511323739	1262.535627362948	0
2135	17256.19279808466	1268.668605349374	0
2136	17256.19279513248	1268.668590982851	0
2137	17257.19246668038	1268.58627906196	0
2138	17256.19165222615	1268.668572641338	0
2139	17257.22917719004	1268.567859470893	0
2140	17257.19217596204	1268.586203881899	0
2141	17281.97697298474	1274.105918300066	0
2142	17281.8443630225	1273.956109669698	0
2143	17282.02107420909	1273.944794984385	0
2144	17281.04347658548	1273.569987586433	0
2145	17281.83499222005	1274.195409909208	0
2146	17281.88317090787	1274.202405735088	0
2147	17281.98470753697	1274.243576835465	0
2148	17281.99040326045	1274.167964164734	0
2149	17281.97817972728	1274.104154573056	0
2150	17281.97767624417	1274.104052338667	0
2151	17331.41181056249	1275.929192267944	0
2152	17331.39134848641	1275.935132229495	0
2153	17331.42788070428	1275.924954983537	0
2154	17331.41181056349	1275.929192268019	0
2155	17482.65632235687	1279.30399001178	0
2156	17482.65637452475	1279.303991985885	0
2157	17483.65689330252	1279.345133172218	0
2158	17482.65646812946	1279.303996378433	0
2159	17483.65691971368	1279.345131116456	0
2160	17483.65689522548	1279.345133095904	0
2161	17566.56648106855	1285.253784545067	0
2162	17566.56652113458	1285.253787906895	0
2163	17567.56451522816	1285.33190676145	0
2164	17566.56649673772	1285.253785358902	0
2165	17567.56477789864	1285.331921530817	0
2166	17567.56475845616	1285.331920940603	0
2167	17572.55629451025	1285.725186778744	0
2168	17572.55629521523	1285.7251872285	0
2169	17573.55575310403	1285.787164173174	0
2170	17572.55630271254	1285.725188117611	0
2171	17573.55586927254	1285.78717170884	0
2172	17573.55586193095	1285.787168529451	0
2173	17674.48442843655	1292.156606854153	0
2174	17674.4844087562	1292.156606272639	0
2175	17675.48484778463	1292.190006025639	0
2176	17674.48432896887	1292.156610996937	0
2177	17675.484758778	1292.190004990487	0
2178	17675.4848390499	1292.19000580926	0
2179	17680.49070235677	1292.273033145787	0
2180	17680.49070123226	1292.27303338139	0
2181	17681.49155345692	1292.28211646933	0
2182	17680.49071182212	1292.273040292573	0
2183	17681.49153573528	1292.282115961604	0
2184	17681.49156527851	1292.282117216587	0
2185	17803.61960013577	1295.067099776332	0
2186	17803.61967460853	1295.067104185774	0
2187	17804.62098453347	1295.062709464709	0
2188	17803.61969265073	1295.067105151294	0
2189	17804.62108192637	1295.062729416605	0
2190	17804.62104089287	1295.06271164116	0
2191	17857.67443117082	1293.666209660942	0
2192	17857.67447282497	1293.666207197214	0
2193	17858.67385866906	1293.607175434782	0
2194	17857.67443776395	1293.666209204446	0
2195	17858.6737958338	1293.607179021947	0
2196	17858.6738719307	1293.607175455531	0
2197	17886.68825147331	1292.554259056955	0
2198	17886.68825076495	1292.554258693922	0
2199	17887.68903981355	1292.535441212034	0
2200	17886.68824318481	1292.554260472027	0
2201	17887.68901399674	1292.535441329378	0
2202	17887.68901399773	1292.535441329384	0
2203	18204.02149358489	1298.420744507527	0
2204	18204.02169192816	1298.420748843598	0
2205	18205.02257083062	1298.429997478199	0
2206	18204.02150947446	1298.42074562757	0
2207	18205.02265199026	1298.430000823262	0
2208	18205.02259180224	1298.42999652714	0
2209	18292.08685823307	1301.556391270328	0
2210	18292.10834607416	1301.556956515314	0
2211	18292.95131234756	1301.681586680216	0
2212	18292.08762460504	1301.556432312683	0
2213	18293.00776695064	1301.60519014355	0
2214	18293.00699053764	1301.605146214505	0
2215	18501.15791530188	1291.019574268659	0
2216	18501.15790347315	1291.01957395726	0
2217	18502.15702572662	1290.954654763418	0
2218	18501.15788720664	1291.019573754366	0
2219	18502.15711432546	1290.954654731324	0
2220	18502.15707547226	1290.95465187168	0
2221	18504.15532080783	1290.823143996966	0
2222	18504.15529103154	1290.823144290232	0
2223	18505.15469376063	1290.762376042784	0
2224	18504.15531466225	1290.823144370671	0
2225	18505.15464271495	1290.762379283711	0
2226	18505.15469424371	1290.762375888539	0
2227	18567.06221852947	1286.048985746583	0
2228	18567.06221509224	1286.048985387609	0
2229	18568.0592282036	1285.961321080937	0
2230	18567.06226714401	1286.04898348025	0
2231	18568.05926524594	1285.961321118105	0
2232	18568.05923047274	1285.961321161396	0
2233	18606.92514102678	1282.283332556999	0
2234	18606.92534412907	1282.283329452571	0
2235	18607.90695053495	1282.261022338904	0
2236	18606.989361091	1282.258445896395	0
2237	18607.75225949927	1282.008153278967	0
2238	18607.9068587635	1282.261023450796	0
2239	18663.03412364444	1282.657863525997	0
2240	18663.03415649683	1282.657863739729	0
2241	18664.03519317171	1282.638936107696	0
2242	18663.03416256412	1282.657864168132	0
2243	18664.03515766576	1282.638936787688	0
2244	18664.03515534999	1282.638936521158	0
2245	18810.10927365143	1277.818240182082	0
2246	18810.10927365073	1277.818240181377	0
2247	18811.10947585537	1277.779036166198	0
2248	18810.10927622603	1277.818240367079	0
2249	18811.10946168981	1277.779035012469	0
2250	18811.10947670473	1277.779034973559	0
2251	18936.18751258245	1273.703696970838	0
2252	18936.18754054624	1273.703695010528	0
2253	18937.18855061183	1273.70491745205	0
2254	18936.18753067424	1273.703693265955	0
2255	18937.18863333975	1273.704917043266	0
2256	18937.18867792238	1273.704920631666	0
2257	19062.27461907852	1277.834242071899	0
2258	19062.27461907951	1277.834242071979	0
2259	19063.27527869335	1277.862691923975	0
2260	19062.27463013605	1277.834243798108	0
2261	19063.27530596524	1277.862690325773	0
2262	19063.27529476067	1277.862692306758	0
2263	19080.27133483196	1278.727611577099	0
2264	19080.27136036062	1278.727613027896	0
2265	19081.2719251938	1278.754384414132	0
2266	19080.27131987594	1278.727612317674	0
2267	19081.27198205256	1278.754385686458	0
2268	19081.27196197829	1278.754385166902	0
2269	19331.56464880138	1280.139062660322	0
2270	19331.56478481672	1280.139058450925	0
2271	19332.56549721502	1280.108044796802	0
2272	19331.56463226386	1280.13906437379	0
2273	19332.56548951589	1280.108046750852	0
2274	19332.565497216	1280.108044796734	0
2275	19384.54955022589	1277.250482021049	0
2276	19384.54955310893	1277.250483994203	0
2277	19385.54690430647	1277.320144653567	0
2278	19384.54950537941	1277.250491471356	0
2279	19385.5467960426	1277.320150404306	0
2280	19385.54690430548	1277.32014465363	0
2281	19440.6524641503	1273.826363207648	0
2282	19440.73135071621	1273.8300285194	0
2283	19440.69009677394	1273.822218432191	0
2284	19440.65738334455	1273.826881120895	0
2285	19441.14855948697	1273.877015578616	0
2286	19441.14608815665	1273.876777298083	0
2287	19448.46752628939	1273.791298246048	0
2288	19440.62887618569	1273.832962467028	0
2289	19448.51708327546	1273.851432674802	0
2290	19448.46720624576	1273.791298033352	0
2291	19534.34019109775	1266.437772420869	0
2292	19534.34021806237	1266.437769892724	0
2293	19535.33857865092	1266.35307689548	0
2294	19534.34028092404	1266.437765827953	0
2295	19535.33868195116	1266.353070312904	0
2296	19535.33858557794	1266.353076479726	0
2297	19610.25923866484	1261.210895607958	0
2298	19610.25922906298	1261.210896244788	0
2299	19611.25653813979	1261.124648450996	0
2300	19610.25920620378	1261.210897731145	0
2301	19611.25665719942	1261.124642029952	0
2302	19611.25667135094	1261.124641157351	0
2303	19642.17043177832	1258.288598890852	0
2304	19642.17046319509	1258.28859512635	0
2305	19643.1677259067	1258.198350765621	0
2306	19642.17042926855	1258.288596839381	0
2307	19643.16777730275	1258.198346263833	0
2308	19643.16777408141	1258.198346024844	0
2309	19768.00565476873	1249.16163657376	0
2310	19768.00569939498	1249.161632752032	0
2311	19769.00404757974	1249.086586436795	0
2312	19768.00570523708	1249.161637895615	0
2313	19769.00417838817	1249.086582200615	0
2314	19769.00404294117	1249.086586503651	0
2315	19774.99057302645	1248.575115126418	0
2316	19774.99064785624	1248.575106801555	0
2317	19775.987970048	1248.488126148839	0
2318	19774.990579069	1248.575114645033	0
2319	19775.9880446237	1248.488123265776	0
2320	19775.98806841425	1248.488120840264	0
2321	19845.82705985339	1242.043517365273	0
2322	19845.82710188446	1242.043521083454	0
2323	19846.82579018344	1242.109562138461	0
2324	19845.83470720541	1242.04074308343	0
2325	19846.82537982094	1242.109387605857	0
2326	19846.82583632292	1242.109556562677	0
2327	19883.88962242257	1242.368158713317	0
2328	19883.88953040819	1242.368162733654	0
2329	19884.88943755622	1242.3216148098	0
2330	19883.88965211628	1242.36816954211	0
2331	19884.88946334784	1242.321615592273	0
2332	19884.88945321774	1242.321615359536	0
2333	20009.2801840564	1236.479155008069	0
2334	20009.2801840574	1236.479155008001	0
2335	20009.51252478123	1236.465517317635	0
2336	20009.51252478222	1236.46551731755	0
2337	20020.84371947665	1235.604977875604	0
2338	20020.84400468329	1235.604963742547	0
2339	20021.83964497316	1235.609615797547	0
2340	20020.84160114396	1235.605167210083	0
2341	20021.83986822305	1235.609598265993	0
2342	20021.83957001796	1235.609619940202	0
2343	20173.7988280153	1223.580852275206	0
2344	20173.78567531438	1223.711590799614	0
2345	20173.80286642187	1223.569059109118	0
2346	20173.79875067599	1223.580854055052	0
2347	20530.25999114494	1238.759084352308	0
2348	20530.25996060271	1238.759082625746	0
2349	20531.25984692196	1238.811826236185	0
2350	20530.2599582226	1238.759081520692	0
2351	20531.2598681602	1238.811825991502	0
2352	20531.25984929088	1238.811826968581	0
2353	20557.22494577604	1240.659660350465	0
2354	20557.22497662083	1240.659659857487	0
2355	20558.22337773548	1240.731146272558	0
2356	20557.22503123816	1240.65966269833	0
2357	20558.22338617557	1240.731143033358	0
2358	20558.22334213152	1240.731144097122	0
2359	20560.22013212914	1240.881636055959	0
2360	20560.22017149225	1240.881639354199	0
2361	20561.2179423546	1240.960571373876	0
2362	20560.22012869007	1240.881635349447	0
2363	20561.2179246386	1240.9605700012	0
2364	20561.21805078758	1240.960576738741	0
2365	20623.08871936445	1245.981294970363	0
2366	20623.08866801329	1245.981291522395	0
2367	20624.08840643065	1246.037956372267	0
2368	20623.088736593	1245.981296270109	0
2369	20624.08842680571	1246.037958887002	0
2370	20624.08841761243	1246.037957028989	0
2371	20817.10426044541	1254.802599749515	0
2372	20817.10426073355	1254.802599928652	0
2373	20818.10210339665	1254.888294007173	0
2374	20817.10426013664	1254.802600547112	0
2375	20818.10206736014	1254.888299390615	0
2376	20818.10205978796	1254.888298673827	0
2377	20819.10318667049	1254.88610053446	0
2378	20818.10156515441	1254.896855542356	0
2379	20819.10070268687	1254.900284384176	0
2380	20819.1031971168	1254.886100904051	0
2381	21153.47937231062	1252.561420330758	0
2382	21153.47933937499	1252.561418440834	0
2383	21154.4801817178	1252.581701217333	0
2384	21153.47923961315	1252.56140528164	0
2385	21154.48004174871	1252.581685149091	0
2386	21154.48021432028	1252.581702455911	0
2387	21319.51316522519	1259.977041372751	0
2388	21319.51322445987	1259.977050716512	0
2389	21320.51226787558	1260.039473120024	0
2390	21319.51317306051	1259.977041470988	0
2391	21320.51223173826	1260.039465956158	0
2392	21320.51228494535	1260.039474403676	0
2393	21403.31834438563	1267.230898549728	0
2394	21403.31838786018	1267.23090230307	0
2395	21404.31335688927	1267.343423685194	0
2396	21403.31831797667	1267.230895958244	0
2397	21404.31335544836	1267.343425484347	0
2398	21404.31333306575	1267.343423458286	0
2399	21428.11279963084	1270.77031239756	0
2400	21428.11328773422	1270.771277209931	0
2401	21429.09744192211	1270.950816784256	0
2402	21428.11277436505	1270.770307374903	0
2403	21429.09799251655	1270.950091969353	0
2404	21429.09799629337	1270.950091782517	0
2405	21545.27815817367	1271.740595895966	0
2406	21545.27818002922	1271.740597817799	0
2407	21546.27673533871	1271.817018695659	0
2408	21545.27808061423	1271.740588214153	0
2409	21546.27644782545	1271.816995969411	0
2410	21546.27670932632	1271.817017839056	0
2411	21556.26294735459	1272.5519390704	0
2412	21556.26295123847	1272.55193915906	0
2413	21557.25629516751	1272.680585624414	0
2414	21556.26279703725	1272.551930941477	0
2415	21557.25621901392	1272.680585081001	0
2416	21557.25626710463	1272.680584201504	0
2417	21564.23197968372	1273.364748082405	0
2418	21564.23200226797	1273.36474868847	0
2419	21565.23310917707	1273.39845259589	0
2420	21564.23197509773	1273.364750076671	0
2421	21565.23321480868	1273.398454529421	0
2422	21565.23319581875	1273.398455557412	0
2423	21577.1974377369	1274.505787290483	0
2424	21577.19755669915	1274.505785796385	0
2425	21578.19032033427	1274.640371310792	0
2426	21577.19735975913	1274.505781734449	0
2427	21578.19009501606	1274.640370531939	0
2428	21578.19017996656	1274.640373813691	0
2429	21640.18383327405	1278.421007874921	0
2430	21640.18445350973	1278.421012098476	0
2431	21641.11491635029	1278.785275941904	0
2432	21640.18399537013	1278.421009334353	0
2433	21641.11364631422	1278.78525807661	0
2434	21641.11461126147	1278.78528504725	0
2435	21676.56415043159	1278.114905330504	0
2436	21676.55972027736	1278.114780378535	0
2437	21676.56895374554	1278.115030938501	0
2438	21676.56431380178	1278.114906034453	0
2439	21736.82949822555	1282.597103077793	0
2440	21736.83165756704	1282.597249242866	0
2441	21737.78460766434	1282.291591911981	0
2442	21736.82945896373	1282.597099721422	0
2443	21737.78407144915	1282.291569579298	0
2444	21737.78412019851	1282.291575010684	0
2445	21893.04001076388	1280.172583669677	0
2446	21893.03992342795	1280.172580912707	0
2447	21894.0401635831	1280.230453806255	0
2448	21893.04019135731	1280.17258085242	0
2449	21894.04054190251	1280.230460584264	0
2450	21894.04016567497	1280.230452122469	0
2451	21899.04864528646	1280.081194344986	0
2452	21899.04860537628	1280.081194329486	0
2453	21900.04437189695	1280.199148980546	0
2454	21899.04849416388	1280.081004873634	0
2455	21900.04297165	1280.196326491446	0
2456	21900.04432207446	1280.199144231525	0
2457	21950.98786530062	1284.061724692004	0
2458	21950.98786529963	1284.061724692007	0
2459	21951.98626147747	1284.14015275283	0
2460	21950.98796093642	1284.061724465993	0
2461	21951.98625069597	1284.1401502923	0
2462	21951.98624453524	1284.140151771953	0
2463	21998.00432104134	1287.386959915289	0
2464	21998.04704895417	1287.482808954466	0
2465	21998.96884023518	1287.193793083299	0
2466	21998.00440996249	1287.386934475915	0
2467	21998.97318091316	1287.192661603586	0
2468	21998.97308625954	1287.192685915308	0
2469	22003.95943836254	1286.735817849747	0
2470	22003.95944660728	1286.735818076443	0
2471	22004.96070761854	1286.728499612192	0
2472	22003.95935023131	1286.735815432431	0
2473	22004.96072738546	1286.728485849819	0
2474	22004.96072738445	1286.728485849697	0
2475	22138.07464240416	1282.312082179023	0
2476	22138.07460066528	1282.312083013319	0
2477	22139.07506122789	1282.271253974014	0
2478	22138.07485024023	1282.312084068636	0
2479	22139.07515681812	1282.271254738179	0
2480	22139.07504419787	1282.271254071069	0
2481	22190.14160293548	1282.015804886951	0
2482	22190.1416232769	1282.015803314948	0
2483	22191.1410235959	1281.954198958554	0
2484	22190.14176050912	1282.015818081254	0
2485	22191.14102709674	1281.954207198109	0
2486	22191.14103354098	1281.954206829705	0
2487	22214.12743422121	1280.557107399696	0
2488	22214.12746129068	1280.557105585543	0
2489	22215.12469587889	1280.47033663437	0
2490	22214.12749539997	1280.557107233248	0
2491	22215.1248548873	1280.470339581342	0
2492	22215.12470061963	1280.470337357056	0
2493	22259.04189613416	1277.008625529832	0
2494	22259.04193674778	1277.008623054875	0
2495	22260.03986433792	1276.929295788804	0
2496	22259.04199794702	1277.008621170921	0
2497	22260.03990082387	1276.929296138183	0
2498	22260.03995859724	1276.929292110191	0
2499	22358.0103510335	1271.669596006418	0
2500	22358.01037165979	1271.669594413946	0
2501	22359.00917874059	1271.60419061025	0
2502	22358.01039598644	1271.669595281963	0
2503	22359.00922964073	1271.604189158965	0
2504	22359.00919164597	1271.604189510135	0
2505	22373.01664373474	1271.103022549901	0
2506	22373.0165998503	1271.103021552728	0
2507	22374.01463885139	1271.027632496528	0
2508	22373.01663602622	1271.103022628489	0
2509	22374.01466493487	1271.027637342861	0
2510	22374.01466306824	1271.0276310493	0
2511	22423.90004752472	1266.821665169977	0
2512	22423.90004592544	1266.821664991147	0
2513	22424.89450654604	1266.705382226353	0
2514	22423.9002502696	1266.821664233323	0
2515	22424.89450304169	1266.705389446764	0
2516	22424.89450815644	1266.705381993797	0
2517	22461.7144218926	1262.625117059312	0
2518	22461.71424130882	1262.624675204889	0
2519	22462.70904021407	1262.504069040398	0
2520	22461.71442989795	1262.625117864332	0
2521	22462.71129108959	1262.527897315683	0
2522	22462.711359648	1262.527888069149	0
2523	22463.71297504864	1262.512221782784	0
2524	22462.71119824098	1262.527895773806	0
2525	22463.71290218885	1262.512224155539	0
2526	22463.71297306965	1262.512222169588	0
2527	22464.71070057629	1262.425120139446	0
2528	22464.71069866794	1262.425118942267	0
2529	22465.70915908312	1262.346794347347	0
2530	22464.71067735973	1262.425117241951	0
2531	22465.70842521756	1262.345491863254	0
2532	22465.70929535582	1262.34678826054	0
2533	22466.70392958004	1262.238065571548	0
2534	22465.70841844568	1262.345492513402	0
2535	22466.70385928718	1262.238071799183	0
2536	22466.7038606755	1262.238071652866	0
2537	22555.61193707812	1256.324169381791	0
2538	22555.6119159087	1256.324170696226	0
2539	22556.61058411544	1256.255742139497	0
2540	22555.61203303227	1256.32416299089	0
2541	22556.61063220558	1256.255740589846	0
2542	22556.6106493472	1256.255741844137	0
2543	22561.60950629811	1255.997457944252	0
2544	22561.60950112109	1255.99745541702	0
2545	22562.61071780197	1255.984180032164	0
2546	22561.60968558839	1255.997438735339	0
2547	22562.61071479538	1255.984176745144	0
2548	22562.61071774783	1255.984181284413	0
2549	22846.88274061307	1259.625559125483	0
2550	22846.8827341474	1259.625559029442	0
2551	22847.88360263783	1259.592220898056	0
2552	22846.87589760616	1259.61729446675	0
2553	22847.88380640197	1259.591263715269	0
2554	22847.88360180059	1259.592221859064	0
2555	22848.88327701367	1259.650129638182	0
2556	22848.88334043227	1259.650128572142	0
2557	22849.88407396027	1259.672349437104	0
2558	22848.88326883586	1259.650127901406	0
2559	22849.88401579911	1259.672348452218	0
2560	22849.88402391536	1259.672349176939	0
2561	22852.8865255677	1259.705507878655	0
2562	22852.88657500831	1259.705505080108	0
2563	22853.88691408213	1259.735393579386	0
2564	22852.88654084093	1259.705508347423	0
2565	22853.88681059388	1259.735395794459	0
2566	22853.88687129359	1259.73539325462	0
2567	22907.85324964916	1262.998130704992	0
2568	22907.8533201868	1262.998133204058	0
2569	22908.84378543874	1262.998646946567	0
2570	22907.85163384201	1262.994186519511	0
2571	22908.84529634144	1262.994607060055	0
2572	22908.84530798844	1262.994607735102	0
2573	23396.20740719478	1253.780396360699	0
2574	23396.20743996825	1253.780396032362	0
2575	23397.20812211256	1253.770529427071	0
2576	23396.2074271963	1253.780396327072	0
2577	23397.20809737295	1253.770528366699	0
2578	23397.20811682109	1253.770528517515	0
2579	23404.21426786454	1253.649725856183	0
2580	23404.21729898717	1253.62434235291	0
2581	23405.21336369814	1253.707810279199	0
2582	23404.21427392442	1253.649726187397	0
2583	23405.21369887987	1253.708200417227	0
2584	23405.21369887976	1253.708200822761	0
2585	23606.08500027193	1265.736349587963	0
2586	23606.08498661276	1265.736346697085	0
2587	23607.08408222699	1265.798785024788	0
2588	23606.08499615259	1265.736350030666	0
2589	23607.08412547845	1265.79878885568	0
2590	23607.08407197677	1265.798786443965	0
2591	23609.08180766406	1265.924900349858	0
2592	23609.08186501155	1265.924901994476	0
2593	23610.08052298963	1265.991439838622	0
2594	23609.08181273705	1265.924900642996	0
2595	23610.08047636525	1265.991439598558	0
2596	23610.08052054171	1265.991439949998	0
2597	23832.13203825377	1274.665154270077	0
2598	23832.1320468207	1274.665155819535	0
2599	23833.13076646004	1274.728772835562	0
2600	23832.13199725594	1274.665157447671	0
2601	23833.13109374076	1274.728791626303	0
2602	23833.13087255712	1274.728777333298	0
2603	23897.20078506158	1275.271885467249	0
2604	23897.20078803739	1275.271887069	0
2605	23898.19585493317	1275.165499622125	0
2606	23897.2007541633	1275.271886231392	0
2607	23898.19565289496	1275.165486025083	0
2608	23898.19550542707	1275.165485242767	0
2609	23923.34661048526	1276.165856786155	0
2610	23923.34668009455	1276.165852427009	0
2611	23923.36874295816	1276.138131124014	0
2612	23923.30989930795	1276.061923015159	0
2613	23923.19280248839	1276.628051765195	0
2614	23923.1934783612	1276.625560041263	0
2615	23923.37289676976	1276.120384080037	0
2616	23923.36874295872	1276.138131123189	0
2617	23955.59496931521	1278.592497301435	0
2618	23955.59454999808	1278.592236513439	0
2619	23956.54227993613	1278.300894138568	0
2620	23955.5986247006	1278.593146634094	0
2621	23956.53918593853	1278.299782223935	0
2622	23956.53917000727	1278.299782052152	0
2623	23962.2283715688	1279.93415036757	0
2624	23962.22441497335	1279.933719063162	0
2625	23962.36140222936	1279.957939596456	0
2626	23962.35999980065	1279.957799608513	0
2627	23993.58788327581	1278.895149156747	0
2628	23993.5892480335	1278.895122218213	0
2629	23994.46111070987	1279.380712772073	0
2630	23993.58705516301	1278.895172969008	0
2631	23994.46076340267	1279.380691424379	0
2632	23994.46084465439	1279.380693474284	0
2633	24409.70188059338	1260.798414004951	0
2634	24409.70191835822	1260.798412120176	0
2635	24410.68517025437	1260.987759279415	0
2636	24409.70302290408	1260.796236305374	0
2637	24410.68664209259	1260.988647735778	0
2638	24410.68518109358	1260.987758637965	0
2639	24491.61823625614	1255.77214936038	0
2640	24491.61808578038	1255.77215576945	0
2641	24492.61221844823	1255.654147041747	0
2642	24491.618211174	1255.77215726579	0
2643	24492.61274217713	1255.654125649702	0
2644	24492.61223229554	1255.654145898828	0
2645	24526.56149470469	1253.10464501482	0
2646	24526.56145704483	1253.104648086492	0
2647	24527.55515689284	1252.985351684379	0
2648	24526.56158308101	1253.104645018414	0
2649	24527.5555824718	1252.985337471239	0
2650	24527.5549910742	1252.985357287679	0
2651	24562.61533511271	1251.880122349827	0
2652	24562.61487393805	1251.880181321553	0
2653	24563.49987490723	1251.397623253554	0
2654	24562.60340141049	1251.998767578675	0
2655	24563.50270265234	1251.394042846503	0
2656	24563.49967226745	1251.397697372636	0
2657	24626.50097474593	1250.635086998882	0
2658	24626.47344060519	1250.638258369768	0
2659	24626.31390218672	1250.656215088642	0
2660	24626.49249349569	1250.636097210395	0
2661	24626.66070453478	1250.617281894645	0
2662	24626.56837670744	1250.627824386489	0
2663	24633.68437700482	1249.438353179285	0
2664	24633.80980518932	1249.397647515914	0
2665	24634.62594493383	1249.858674503431	0
2666	24633.68656321654	1249.438002061869	0
2667	24634.59372848791	1249.861942970187	0
2668	24633.684368649	1249.438353259512	0
2669	24634.59146978129	1249.862139556843	0
2670	24634.59151226254	1249.862138317366	0
2671	24883.9747101265	1241.823096940069	0
2672	24883.9746399857	1241.823099440229	0
2673	24884.97216044574	1241.738172976501	0
2674	24883.97482110238	1241.823095462546	0
2675	24884.97219213397	1241.738172878043	0
2676	24884.97218915165	1241.73817167157	0
2677	24913.91573027417	1239.444835057031	0
2678	24913.91574073674	1239.444835370309	0
2679	24914.91499348317	1239.382189678856	0
2680	24913.91586099736	1239.444827794754	0
2681	24914.91510454599	1239.382182028549	0
2682	24914.91511289325	1239.382184980469	0
2683	25109.95571105673	1231.294903066284	0
2684	25109.95576434212	1231.294902789274	0
2685	25110.95641944961	1231.270938029789	0
2686	25109.95573223154	1231.294901968513	0
2687	25110.95651795524	1231.270932038823	0
2688	25110.95643409101	1231.270937228984	0
2689	25197.04155642498	1229.601152507767	0
2690	25197.0415213247	1229.601155468072	0
2691	25198.04272017316	1229.60616889842	0
2692	25197.04156025998	1229.601152507787	0
2693	25198.04267691478	1229.606155803829	0
2694	25198.04272022683	1229.606168898237	0
2695	25290.07515378678	1233.319063720476	0
2696	25290.07515320436	1233.319065075476	0
2697	25291.07524203855	1233.364154898663	0
2698	25290.07514897713	1233.31906254769	0
2699	25291.07523903624	1233.364153990871	0
2700	25291.07527571034	1233.364155069778	0
2701	25320.05387845082	1235.061012689313	0
2702	25320.05387623341	1235.061012662572	0
2703	25321.05389517901	1235.101956525339	0
2704	25320.05389928116	1235.061013500521	0
2705	25321.05391811764	1235.101958122798	0
2706	25321.05392241784	1235.101959732392	0
2707	25602.18543810388	1244.221643817917	0
2708	25602.18545843698	1244.221642720756	0
2709	25603.18115471477	1244.325093914256	0
2710	25602.19037030795	1244.211262282938	0
2711	25603.18238227258	1244.320016241487	0
2712	25603.18115075786	1244.325095163383	0
2713	25634.03853649073	1247.645217150669	0
2714	25634.03857524078	1247.645219446826	0
2715	25635.03638984515	1247.722101518731	0
2716	25634.03856652376	1247.645221154632	0
2717	25635.03635652325	1247.722103900251	0
2718	25635.03635435733	1247.722101245226	0
2719	25742.87237392569	1255.360928689588	0
2720	25742.87238287618	1255.360930124297	0
2721	25743.87160097603	1255.413177241972	0
2722	25742.87236598196	1255.360928734816	0
2723	25743.8716270201	1255.41317942319	0
2724	25743.87161760302	1255.413178567936	0
2725	25982.92634917047	1263.87889886608	0
2726	25982.92633948652	1263.878898552595	0
2727	25983.92662309719	1263.912348047354	0
2728	25982.92639356167	1263.87890052785	0
2729	25983.92662031118	1263.912348048347	0
2730	25983.92664406982	1263.912348278061	0
2731	26033.97403052008	1263.399308920064	0
2732	26033.97403333335	1263.399308943491	0
2733	26034.97436408794	1263.424741459503	0
2734	26033.97401738144	1263.399307571697	0
2735	26034.97439712055	1263.424736827451	0
2736	26034.97436267044	1263.424741021493	0
2737	26074.92025752078	1266.200422369353	0
2738	26074.9202431365	1266.200419437981	0
2739	26075.91775776733	1266.27737095201	0
2740	26074.92026718309	1266.200422490329	0
2741	26075.91779634402	1266.277373141574	0
2742	26075.91778538064	1266.277373494259	0
2743	26081.89320304778	1266.897709162303	0
2744	26081.89478112557	1266.899882366124	0
2745	26082.8927731279	1266.911975478134	0
2746	26081.89321285355	1266.897710695154	0
2747	26082.89421465324	1266.909875824954	0
2748	26082.89421300292	1266.909878088908	0
2749	26376.14972779857	1262.826519081023	0
2750	26376.14971987741	1262.826519154831	0
2751	26377.15022534472	1262.852090689857	0
2752	26376.14973279529	1262.826510365323	0
2753	26377.15023621039	1262.852085269959	0
2754	26377.15023668379	1262.852085268318	0
2755	26458.09335929238	1267.585961399973	0
2756	26458.09338379955	1267.585962079235	0
2757	26459.09199001476	1267.650853304443	0
2758	26458.0933495014	1267.585959089413	0
2759	26459.09201024436	1267.650851440117	0
2760	26459.09199812249	1267.650853284568	0
2761	26466.07182948171	1268.254650759872	0
2762	26466.07180293454	1268.254649915511	0
2763	26467.0702305034	1268.327006696217	0
2764	26466.0717562861	1268.254648201375	0
2765	26467.07021628756	1268.327006601789	0
2766	26467.07022664692	1268.327006109685	0
2767	26536.98569633572	1273.067564474239	0
2768	26536.98569644565	1273.067564493888	0
2769	26537.98506618677	1273.123243327923	0
2770	26536.98572334491	1273.067568631257	0
2771	26537.98504249336	1273.123246005832	0
2772	26537.9850364966	1273.123245282621	0
2773	26681.1033202139	1276.74284372278	0
2774	26681.10338996877	1276.74284256554	0
2775	26682.10420587815	1276.729255758418	0
2776	26681.10334441951	1276.742846101432	0
2777	26682.10420121667	1276.729271442472	0
2778	26682.104231171	1276.729254440063	0
2779	26834.11289594476	1269.345874886597	0
2780	26834.1128953746	1269.345875064067	0
2781	26835.1120302291	1269.289491924122	0
2782	26834.11293339894	1269.345873441475	0
2783	26835.11202072315	1269.289492332157	0
2784	26835.11202583955	1269.289492130834	0
2785	26840.10675340374	1268.9707170931	0
2786	26840.1067749142	1268.970716264472	0
2787	26841.10646803247	1268.922501586133	0
2788	26840.10677991992	1268.970715193841	0
2789	26841.1064546529	1268.92250146517	0
2790	26841.10645455351	1268.922501656487	0
2791	26942.17023363464	1265.863380324818	0
2792	26942.17020292339	1265.863383134941	0
2793	26943.17125485661	1265.871936967776	0
2794	26942.17022074333	1265.863379085429	0
2795	26943.17126476288	1265.871930493318	0
2796	26943.17124741752	1265.871937130406	0
2797	27038.1876997462	1270.28064284677	0
2798	27038.18771483494	1270.280644267363	0
2799	27039.18757630238	1270.323712620337	0
2800	27038.1877184705	1270.280644199248	0
2801	27039.1875852986	1270.323713136817	0
2802	27039.18758529762	1270.323713136739	0
2803	27056.18837190855	1271.127717968534	0
2804	27056.18840888541	1271.127720621818	0
2805	27057.18942343377	1271.121022657278	0
2806	27056.18841783905	1271.127726480936	0
2807	27057.18946585632	1271.121028346344	0
2808	27057.18944871854	1271.121021340604	0
2809	27157.29231402347	1269.744079079773	0
2810	27157.2923610361	1269.744077945495	0
2811	27158.29132675159	1269.686837049738	0
2812	27157.29237468122	1269.744079157173	0
2813	27158.29135663581	1269.686838256006	0
2814	27158.29133985779	1269.686836638643	0
2815	27206.2367309281	1266.414018264768	0
2816	27206.2367406216	1266.414017316218	0
2817	27207.2345128151	1266.33381799135	0
2818	27206.23675214727	1266.414020567448	0
2819	27207.23449232881	1266.33382057686	0
2820	27207.23452703778	1266.333816618424	0
2821	27213.21848561141	1265.816272120397	0
2822	27213.21847968568	1265.816271115212	0
2823	27214.2164639953	1265.739128757992	0
2824	27213.21848060992	1265.81627109249	0
2825	27214.21646424328	1265.739128509301	0
2826	27214.21650492326	1265.739125348817	0
2827	27222.1992079577	1265.094533380099	0
2828	27222.19920444507	1265.094533944299	0
2829	27223.19813342945	1265.02869320638	0
2830	27222.19922170079	1265.094527458048	0
2831	27223.19814569622	1265.028691655284	0
2832	27223.19812932684	1265.028693065905	0
2833	27236.17636068811	1264.035164311208	0
2834	27236.17634861035	1264.035164772827	0
2835	27237.17693171993	1263.99506982062	0
2836	27236.17631009153	1264.035132903532	0
2837	27237.1769391974	1263.995043060269	0
2838	27237.17692848607	1263.995070148527	0
2839	27341.28372245852	1261.470171389695	0
2840	27341.28370008007	1261.470171179677	0
2841	27342.28506262101	1261.474639126085	0
2842	27341.28372162674	1261.470167547229	0
2843	27342.28504615899	1261.474633026898	0
2844	27342.28504137764	1261.474632954434	0
2845	27347.28974912488	1261.588641907905	0
2846	27347.2898273321	1261.588638630063	0
2847	27348.29025384668	1261.623167003954	0
2848	27347.28991938559	1261.588629423639	0
2849	27348.29031929619	1261.623166186003	0
2850	27348.29028063319	1261.623167436042	0
2851	27412.28556061509	1265.056472314321	0
2852	27412.28557902239	1265.056473417793	0
2853	27413.28435140628	1265.123459259626	0
2854	27412.28552042924	1265.05646589972	0
2855	27413.2842847002	1265.123452404482	0
2856	27413.28440785812	1265.12346352428	0
2857	27461.21027415117	1268.728791502908	0
2858	27461.21022787067	1268.728788928696	0
2859	27462.20815563785	1268.810312449591	0
2860	27461.21027770274	1268.728791564724	0
2861	27462.20814248897	1268.810311488287	0
2862	27462.20817203107	1268.810313734461	0
2863	27527.08596962426	1273.894206966328	0
2864	27527.0859994913	1273.894206704988	0
2865	27528.08425159576	1273.967620703397	0
2866	27527.08600037713	1273.894209994358	0
2867	27528.08418414919	1273.967618926932	0
2868	27528.08425524104	1273.967620615355	0
2869	27564.05985708946	1276.172698874956	0
2870	27564.05985040706	1276.17269848705	0
2871	27565.05995429714	1276.212808294031	0
2872	27564.0598676046	1276.172700478075	0
2873	27565.06001761929	1276.212813353407	0
2874	27565.05995902936	1276.212809160234	0
2875	27623.13499919001	1276.217187102533	0
2876	27623.13499170928	1276.217186921712	0
2877	27624.13587481911	1276.209533901039	0
2878	27623.13497411654	1276.217187552015	0
2879	27624.13584880757	1276.20953508587	0
2880	27624.13587249706	1276.209533874977	0
2881	27643.14224082171	1275.253734269611	0
2882	27643.14234207842	1275.253414828929	0
2883	27644.13754462761	1275.3583281083	0
2884	27643.14225120871	1275.253732669653	0
2885	27644.13796007429	1275.35907798597	0
2886	27644.13799701758	1275.359080036186	0
2887	27782.0541368232	1283.611146786089	0
2888	27782.05414577305	1283.611147700229	0
2889	27783.05276127782	1283.677200512993	0
2890	27782.05414740717	1283.611147395326	0
2891	27783.05277115659	1283.677201590947	0
2892	27783.05274386514	1283.677199570139	0
2893	27959.95165340316	1293.984953601509	0
2894	27959.95167058128	1293.984953658159	0
2895	27960.95162681382	1294.029543829464	0
2896	27959.95166630588	1293.984955351306	0
2897	27960.9516519965	1294.029545060435	0
2898	27960.95163167943	1294.029544041097	0
2899	28042.03211171593	1293.32321863391	0
2900	28042.03213180447	1293.323218328407	0
2901	28043.0328878285	1293.30973656965	0
2902	28042.0321308232	1293.323218613106	0
2903	28043.03291182957	1293.309737057286	0
2904	28043.03288374183	1293.309735603952	0
2905	28044.0336496602	1293.29211280733	0
2906	28044.03364149573	1293.292113302112	0
2907	28045.03439660371	1293.270307952117	0
2908	28044.03365814623	1293.292112891279	0
2909	28045.03437750563	1293.270308937073	0
2910	28045.03441386649	1293.270307726691	0
2911	28046.03508314119	1293.246912792698	0
2912	28046.03509396283	1293.246912507499	0
2913	28047.03552331849	1293.220760016249	0
2914	28046.03517372009	1293.246912061423	0
2915	28047.03546951348	1293.220760849407	0
2916	28047.03551802161	1293.22075967964	0
2917	28177.14770519071	1290.529327538182	0
2918	28177.14760573822	1290.52933864703	0
2919	28178.13788410626	1290.359421325391	0
2920	28177.14731985724	1290.530176207181	0
2921	28178.13816464948	1290.333942799986	0
2922	28178.1378874421	1290.359426258208	0
2923	28184.13408098267	1290.856128279292	0
2924	28184.1340770006	1290.856128079813	0
2925	28185.13464666997	1290.875373319107	0
2926	28184.13411226874	1290.856129371427	0
2927	28185.13461712623	1290.875374308666	0
2928	28185.13466160029	1290.875374247031	0
2929	28253.13576299871	1293.989544202842	0
2930	28253.13577659833	1293.989544080427	0
2931	28254.13659787052	1294.003726982847	0
2932	28253.13577696759	1293.989545794912	0
2933	28254.13654833273	1294.003726036215	0
2934	28254.13663740343	1294.003727585188	0
2935	28297.1712345655	1294.950980872183	0
2936	28297.17124458212	1294.950981457289	0
2937	28298.1703656981	1295.010986164184	0
2938	28297.17124209826	1294.950978180919	0
2939	28298.17041694746	1295.010985476563	0
2940	28298.17036468068	1295.010985692162	0
2941	28322.14549611485	1296.596608518206	0
2942	28322.14554644176	1296.596608765479	0
2943	28323.14533667184	1296.641887833641	0
2944	28322.14551197357	1296.596610270825	0
2945	28323.14532217879	1296.641887900781	0
2946	28323.14533057686	1296.641887556897	0
2947	28367.14165386264	1298.824991031661	0
2948	28367.14173149398	1298.824994151495	0
2949	28368.14128465956	1298.877716301427	0
2950	28367.14166340367	1298.82499802582	0
2951	28368.1412226999	1298.877721113188	0
2952	28368.14130417584	1298.877716882602	0
2953	28383.15000710508	1299.38944319811	0
2954	28383.14999659212	1299.389443506831	0
2955	28384.15111888831	1299.400852588358	0
2956	28383.14999861649	1299.389448540156	0
2957	28384.15112446914	1299.400855547461	0
2958	28384.15112606102	1299.400852573558	0
2959	28385.15218235191	1299.405018733305	0
2960	28385.15217993929	1299.405018794612	0
2961	28386.15328807536	1299.398027941824	0
2962	28385.15218799856	1299.405024756623	0
2963	28386.15322015323	1299.398035176753	0
2964	28386.15329677417	1299.398028249592	0
2965	28430.19019021988	1298.165640782348	0
2966	28430.1902037281	1298.165641786698	0
2967	28431.18962987001	1298.109925392125	0
2968	28430.1901688531	1298.165646312484	0
2969	28431.18957257276	1298.109929925986	0
2970	28431.18958990335	1298.109928426312	0
2971	28469.16764922415	1295.84117888702	0
2972	28469.1676455553	1295.841180391199	0
2973	28470.1671053691	1295.779395650558	0
2974	28469.16761425522	1295.841181322035	0
2975	28470.16705339711	1295.779397379816	0
2976	28470.167114249	1295.779394932449	0
2977	28536.1363053329	1292.057032335792	0
2978	28536.13623871306	1292.057034457297	0
2979	28537.13191468079	1291.955575015124	0
2980	28536.13612668975	1292.057038495643	0
2981	28537.13176619284	1291.955575023553	0
2982	28537.13184108324	1291.955576446226	0
2983	28650.39409990694	1290.432801127621	0
2984	28650.385107202	1290.432538645474	0
2985	28650.41417608127	1290.433943305668	0
2986	28650.39422641714	1290.432797723686	0
2987	28810.25340070339	1278.268736236034	0
2988	28810.25341353117	1278.268736364521	0
2989	28811.24485781619	1278.129202307309	0
2990	28810.25363661444	1278.268729291134	0
2991	28811.24493889631	1278.129196615841	0
2992	28811.24492187834	1278.129197973924	0
2993	28983.09264687489	1267.50646513492	0
2994	28983.09271017256	1267.506462783977	0
2995	28984.08614457267	1267.386100280913	0
2996	28983.09265172961	1267.506464710162	0
2997	28984.08601646375	1267.386104680059	0
2998	28984.08607822708	1267.386103514549	0
2999	29196.16733122347	1256.299056485465	0
3000	29196.16731128033	1256.299056944827	0
3001	29196.22287758219	1256.286766733696	0
3002	29196.21500007004	1256.290315379744	0
3003	29222.55465394651	1257.477383509203	0
3004	29222.40611994592	1257.529954511316	0
3005	29222.69451692781	1257.453603849581	0
3006	29222.55056180545	1257.474555977616	0
3007	29222.56145209638	1257.477177623321	0
3008	29222.56111601547	1257.481862301194	0
3009	29274.65227595924	1255.343423785334	0
3010	29274.65227380579	1255.343424577263	0
3011	29275.65188672751	1255.399480989572	0
3012	29274.65228915882	1255.343421185617	0
3013	29275.65252376413	1255.39946927115	0
3014	29275.65193171793	1255.399482105175	0
3015	29379.76122164317	1256.360808413756	0
3016	29379.76120711877	1256.360808437217	0
3017	29380.76216614283	1256.359474527636	0
3018	29379.76132154049	1256.360806331154	0
3019	29380.76220579721	1256.35947327852	0
3020	29380.76218785955	1256.359474530384	0
3021	29436.80465458573	1254.813648500886	0
3022	29436.80463794835	1254.813648214405	0
3023	29437.80559042648	1254.837976716407	0
3024	29436.80481898996	1254.81363911136	0
3025	29437.80565564827	1254.837974744985	0
3026	29437.80556182894	1254.837977268021	0
3027	29564.86415498138	1259.572656828799	0
3028	29564.86416195219	1259.572656654311	0
3029	29565.86337200198	1259.634388101913	0
3030	29564.86413412436	1259.572651019865	0
3031	29565.86341576314	1259.634386741576	0
3032	29565.86336064556	1259.634386832714	0
3033	29613.80635008607	1263.010632899044	0
3034	29613.80635694201	1263.010633800347	0
3035	29614.80567973953	1263.072245056385	0
3036	29613.80642426243	1263.010632373341	0
3037	29614.80570233583	1263.072243712727	0
3038	29614.805701995	1263.072246047751	0
3039	29646.77015408733	1265.259281345193	0
3040	29646.77011488933	1265.259280035001	0
3041	29647.7700401457	1265.308346935288	0
3042	29646.77012260653	1265.259290191978	0
3043	29647.77000823197	1265.308350761449	0
3044	29647.77003128478	1265.308347015263	0
3045	29753.8694407809	1267.765694116678	0
3046	29753.86949170316	1267.76569015019	0
3047	29754.87027612881	1267.766774772927	0
3048	29753.86947180689	1267.765695330964	0
3049	29754.87021405908	1267.766780223959	0
3050	29754.87029771978	1267.766773792161	0
3051	29815.90427374269	1265.372164639393	0
3052	29815.90428526974	1265.372164260833	0
3053	29816.90543909913	1265.381564438962	0
3054	29815.90426957429	1265.372158076991	0
3055	29816.90542813109	1265.381554640693	0
3056	29816.90546324234	1265.381564061888	0
3057	29856.94827514292	1266.178108253678	0
3058	29856.94822265322	1266.178110519013	0
3059	29857.94865388276	1266.223931913518	0
3060	29856.94824771558	1266.178108060023	0
3061	29857.94879345157	1266.223926663929	0
3062	29857.9487136842	1266.223927850526	0
3063	29918.04011233255	1267.175463324764	0
3064	29918.03984663972	1267.175464937715	0
3065	29919.02417871997	1267.342580325318	0
3066	29918.04041656544	1267.1754365344	0
3067	29919.02462596524	1267.342569655234	0
3068	29919.02417918284	1267.342580315372	0
3069	29933.34171221348	1267.773745954059	0
3070	29933.34163313814	1267.773725357229	0
3071	29933.38074250328	1267.774544954146	0
3072	29933.38527536876	1267.77464698302	0
3073	29949.66207469189	1266.416359328685	0
3074	29949.66167733097	1266.416399807858	0
3075	29950.63024101879	1266.166351719355	0
3076	29949.66128879801	1266.416405356756	0
3077	29950.62958784683	1266.166382555009	0
3078	29950.63033556389	1266.166342860009	0
3079	30038.54197848662	1259.698677695334	0
3080	30038.5420055763	1259.698679545385	0
3081	30039.54271247747	1259.634042996579	0
3082	30038.54141451071	1259.698668821838	0
3083	30039.54260618006	1259.634041584919	0
3084	30039.54260618105	1259.634041584981	0
3085	30043.57886136036	1259.928302215025	0
3086	30043.34909170477	1259.966468107917	0
3087	30043.77963904813	1260.011895693729	0
3088	30043.57875150088	1259.928297203237	0
3089	30072.44664822902	1256.609442414084	0
3090	30072.44669773315	1256.609435550166	0
3091	30073.44468668068	1256.527857470325	0
3092	30072.44664245514	1256.609431832317	0
3093	30073.44468384212	1256.527852772827	0
3094	30073.44471707228	1256.527855948222	0
3095	30103.41060208034	1254.305612287423	0
3096	30103.41065618376	1254.305616390389	0
3097	30104.41034055598	1254.258059098649	0
3098	30103.41061401643	1254.305610690451	0
3099	30104.41035264424	1254.258055629248	0
3100	30104.41034152812	1254.258059427006	0
3101	30179.50124201114	1252.886062189777	0
3102	30179.50125214899	1252.886061547764	0
3103	30180.50248334478	1252.881701369897	0
3104	30179.50125577801	1252.886059981398	0
3105	30180.50244098235	1252.881694425394	0
3106	30180.5024674774	1252.881701507254	0
3107	30194.51197120634	1253.391044472537	0
3108	30194.51196299741	1253.391043716008	0
3109	30195.51213283817	1253.430126699507	0
3110	30194.51197821431	1253.391042797228	0
3111	30195.51213530263	1253.430125882934	0
3112	30195.51217059946	1253.430129510498	0
3113	30243.51802407583	1255.671277236323	0
3114	30243.51805021633	1255.671278694505	0
3115	30244.51874235123	1255.698536126007	0
3116	30243.51805743343	1255.671288516877	0
3117	30244.51872857645	1255.698536247016	0
3118	30244.51873469547	1255.698536095851	0
3119	30249.51697961358	1255.959891291946	0
3120	30249.51698256599	1255.959891733629	0
3121	30250.51709874336	1255.998621865892	0
3122	30249.51694693363	1255.95989112879	0
3123	30250.51709579473	1255.998624211541	0
3124	30250.51710447114	1255.998621650731	0
3125	30331.59583724972	1256.286280304763	0
3126	30331.59582810222	1256.286280571382	0
3127	30333.59752305036	1256.295874302248	0
3128	30331.59584537165	1256.286280238182	0
3129	30333.59749540535	1256.295874883486	0
3130	30333.59754304044	1256.295875860387	0
3131	30352.59521001438	1257.209806712601	0
3132	30352.59524036697	1257.20980781705	0
3133	30353.59568392157	1257.242158973657	0
3134	30352.59520959603	1257.209806893664	0
3135	30353.59564918277	1257.242159916897	0
3136	30353.59569794722	1257.242159425425	0
3137	30424.65791492641	1258.792987640348	0
3138	30424.65794671901	1258.7929867785	0
3139	30425.65897161037	1258.77119907	0
3140	30424.65800076856	1258.792991085355	0
3141	30425.65893062714	1258.771210168785	0
3142	30425.65894578637	1258.77120610184	0
3143	30433.66350219772	1258.478097559813	0
3144	30433.66350177435	1258.478097843746	0
3145	30434.66387078542	1258.450476928213	0
3146	30433.66344475683	1258.478103298972	0
3147	30434.66373197718	1258.450493824945	0
3148	30434.66379627697	1258.450480127071	0
3149	30482.79984809249	1255.386914861848	0
3150	30482.80960090225	1255.386301646487	0
3151	30483.42405342429	1255.34770186224	0
3152	30483.42586207485	1255.347587198547	0
3153	30744.55561114418	1242.052679698314	0
3154	30744.55560783427	1242.0526825712	0
3155	30745.55454760641	1241.987601191649	0
3156	30744.55561349815	1242.05267946962	0
3157	30745.55446501858	1241.987598016348	0
3158	30745.55447650277	1241.987596153848	0
3159	30832.40194997566	1235.237344589359	0
3160	30832.40188119881	1235.23734664066	0
3161	30833.39931342392	1235.151703166247	0
3162	30832.40193284503	1235.237346107786	0
3163	30833.39929879503	1235.151708607259	0
3164	30833.39927490915	1235.151705492947	0
3165	30878.19981149204	1230.177593307029	0
3166	30878.20058103013	1230.174643195076	0
3167	30879.19774589684	1230.271427052859	0
3168	30878.1998574363	1230.177591095742	0
3169	30879.19763797557	1230.271350167668	0
3170	30879.1976340171	1230.271350240304	0
3171	30909.22637405748	1229.053264826801	0
3172	30909.23923176608	1229.024372922388	0
3173	30910.20955122798	1228.97570844037	0
3174	30909.2264462942	1229.053259372471	0
3175	30910.21621841635	1228.975401220081	0
3176	30910.21628070954	1228.975395647794	0
3177	31042.33660158951	1226.044580114369	0
3178	31042.33669455934	1226.044578712979	0
3179	31043.32917866977	1225.93377496036	0
3180	31042.33691864869	1226.044560592218	0
3181	31043.32930418183	1225.933773901543	0
3182	31043.32923409169	1225.93377347841	0
3183	31071.68542609875	1226.228588429391	0
3184	31071.68544375498	1226.22858780646	0
3185	31071.73266850727	1226.228022868605	0
3186	31071.73266136781	1226.228023288465	0
3187	31297.18273582665	1219.247108104727	0
3188	31297.18274687412	1219.247109000481	0
3189	31298.18345615363	1219.260959052446	0
3190	31297.182496741	1219.247109259897	0
3191	31298.1834075312	1219.260959606896	0
3192	31298.18346958077	1219.260961189104	0
3193	31678.50942217607	1230.628183372652	0
3194	31678.50946477772	1230.628184007647	0
3195	31679.51040799403	1230.649273691608	0
3196	31678.50942576303	1230.628183261624	0
3197	31679.51031216709	1230.649271336693	0
3198	31679.5104329407	1230.649273361666	0
3199	31684.51600630848	1230.500805577565	0
3200	31684.51724450707	1230.496659317073	0
3201	31685.51531750341	1230.545884742698	0
3202	31684.51600998232	1230.500805814745	0
3203	31685.51600135404	1230.547853135313	0
3204	31685.51599449247	1230.547852947441	0
3205	31823.42303620751	1239.157745980715	0
3206	31823.42305150622	1239.157746989554	0
3207	31824.42147292308	1239.231807004193	0
3208	31823.42302151571	1239.157745291368	0
3209	31824.42143838781	1239.231804639436	0
3210	31824.42150840318	1239.231808778803	0
3211	31912.27185228255	1246.035539497335	0
3212	31912.27190681268	1246.035542548921	0
3213	31913.27008015912	1246.111700472892	0
3214	31912.27181585639	1246.035538025438	0
3215	31913.27008305181	1246.111702099665	0
3216	31913.27011767419	1246.111703397534	0
3217	31970.16634869377	1250.516327072796	0
3218	31970.16632630166	1250.516322574605	0
3219	31971.16545562323	1250.579912672059	0
3220	31970.16636069463	1250.516328002016	0
3221	31971.16544840991	1250.579912868541	0
3222	31971.16544627728	1250.579912136124	0
3223	32350.16888682191	1268.755368636949	0
3224	32350.16891260081	1268.755369965615	0
3225	32351.16767689207	1268.823092007364	0
3226	32350.16890448132	1268.75536926103	0
3227	32351.16768804247	1268.823094807284	0
3228	32351.16773888196	1268.823095029424	0
3229	32383.0960853155	1271.435421935644	0
3230	32383.09610072651	1271.43542269426	0
3231	32384.09490947874	1271.501216162109	0
3232	32383.09606129034	1271.435421768493	0
3233	32384.09489951477	1271.501218199799	0
3234	32384.09491528362	1271.501218805856	0
3235	32530.08847342112	1278.406211651423	0
3236	32530.08839869503	1278.406209390027	0
3237	32531.08919410676	1278.449287585005	0
3238	32530.08843298921	1278.406216285123	0
3239	32531.08898304325	1278.449281889172	0
3240	32531.088973033	1278.449279733898	0
3241	32559.40211769654	1279.515301600007	0
3242	32559.40520051889	1279.515412085725	0
3243	32559.78290804581	1279.528955210261	0
3244	32559.79142117153	1279.529262311156	0
3245	32565.27850161949	1279.711796119485	0
3246	32565.27986037425	1279.711795095254	0
3247	32565.87725111214	1279.718006857335	0
3248	32565.87259271472	1279.717946668461	0
3249	32763.23519577139	1284.796756428052	0
3250	32763.23518000353	1284.796756193894	0
3251	32764.23334370157	1284.87049029827	0
3252	32763.23536226656	1284.796798635687	0
3253	32764.23365796601	1284.870651005977	0
3254	32764.23335809529	1284.870490954662	0
3255	33022.51936692785	1282.182896235157	0
3256	33022.51938970094	1282.182897285084	0
3257	33023.5202559883	1282.165284382831	0
3258	33022.51935585471	1282.182899355203	0
3259	33023.52026788521	1282.165287942621	0
3260	33023.52032177065	1282.165285243242	0
3261	33343.69532189203	1271.390071796945	0
3262	33343.69534086457	1271.390070488122	0
3263	33344.69503215836	1271.340157392513	0
3264	33343.69532619006	1271.390074267384	0
3265	33344.69499799572	1271.340162386275	0
3266	33344.69503653929	1271.340157162904	0
3267	33391.63716702251	1268.132163444507	0
3268	33391.6371598834	1268.132164026132	0
3269	33392.63611941033	1268.070061696933	0
3270	33391.63714302332	1268.132160463547	0
3271	33392.63610307896	1268.070056451329	0
3272	33392.63613372774	1268.070053833605	0
3273	33433.52512937444	1264.540149972558	0
3274	33433.52513102222	1264.540149653592	0
3275	33434.52302181861	1264.462790571793	0
3276	33433.52512457733	1264.540150090881	0
3277	33434.52298421687	1264.462791364538	0
3278	33434.52301985508	1264.462790920244	0
3279	33655.34965338163	1251.16058100954	0
3280	33655.34965683583	1251.160580732183	0
3281	33656.34721439658	1251.080776515944	0
3282	33655.34966491805	1251.160580711935	0
3283	33656.34724361607	1251.080775546241	0
3284	33656.34725967714	1251.080773387063	0
3285	33670.30290906084	1249.809002620741	0
3286	33670.3029346506	1249.809001255823	0
3287	33671.3012235454	1249.736293867668	0
3288	33670.3029145697	1249.809001712836	0
3289	33671.30124743083	1249.736291777719	0
3290	33671.30125872109	1249.736291354731	0
3291	33673.29752924051	1249.586858734754	0
3292	33673.29749589813	1249.586861403835	0
3293	33674.29539250863	1249.509916692013	0
3294	33673.29752733109	1249.586858734462	0
3295	33674.29536937261	1249.509916053963	0
3296	33674.29538192564	1249.509917621811	0
3297	33886.17832460471	1237.988899562785	0
3298	33886.17832700126	1237.988899766577	0
3299	33887.17733252934	1237.929514535504	0
3300	33886.17835297623	1237.988897982075	0
3301	33887.17730809356	1237.929515522076	0
3302	33887.17730522675	1237.929515737932	0
3303	34090.08503569337	1227.322122826615	0
3304	34090.08505277304	1227.322122009822	0
3305	34091.08379177782	1227.258110480887	0
3306	34090.08503898724	1227.322123393661	0
3307	34091.08377823659	1227.258111165966	0
3308	34091.08380620772	1227.258109523678	0
3309	34102.06680888273	1226.46976826202	0
3310	34102.06681529881	1226.469768170636	0
3311	34103.06603489107	1226.411750408673	0
3312	34102.06684084371	1226.469763263928	0
3313	34103.06603752349	1226.411749793223	0
3314	34103.066015984	1226.411751555032	0
3315	34132.08832034886	1225.813768777912	0
3316	34132.08834781448	1225.813767899855	0
3317	34133.08798649663	1225.76443808512	0
3318	34132.08829100212	1225.813770262429	0
3319	34133.08797124915	1225.764439484477	0
3320	34133.08798257272	1225.764438817585	0
3321	34271.95729588952	1216.79387702838	0
3322	34271.95730641914	1216.79387670349	0
3323	34272.92012902369	1216.517575586377	0
3324	34271.96165583908	1216.800960082094	0
3325	34272.92016442981	1216.516963106718	0
3326	34272.92011268586	1216.517578090062	0
3327	34353.95769599036	1213.415077825048	0
3328	34353.95770490616	1213.415077495574	0
3329	34354.95687545933	1213.351602731061	0
3330	34353.95772424169	1213.41507606583	0
3331	34354.9568676336	1213.351602551885	0
3332	34354.95686653049	1213.351602892126	0
3333	34383.89859850311	1211.053235786067	0
3334	34383.89859493411	1211.05323629277	0
3335	34384.8974134638	1210.985584098641	0
3336	34383.89857866805	1211.053235347835	0
3337	34384.89742977042	1210.985583096317	0
3338	34384.89743348283	1210.985583438923	0
3339	34409.85448599027	1209.104103167258	0
3340	34409.8544851003	1209.104104221851	0
3341	34410.85395013729	1209.048014127155	0
3342	34409.85449216121	1209.104098052614	0
3343	34410.85393726407	1209.048012153903	0
3344	34410.85396705049	1209.048013207971	0
3345	34635.00333018364	1201.960976433207	0
3346	34635.0033286007	1201.960975946544	0
3347	34636.00417872279	1201.940693588336	0
3348	34635.0033244272	1201.960974197368	0
3349	34636.00417946715	1201.940693331175	0
3350	34636.00417384339	1201.940693789363	0
3351	34666.0398162509	1202.054802911494	0
3352	34666.03985528631	1202.054802103603	0
3353	34667.04092362439	1202.041035237321	0
3354	34666.0398304148	1202.054801370078	0
3355	34667.04093420743	1202.041031409236	0
3356	34667.04094833713	1202.041035866879	0
3357	34780.17697306336	1201.46070716726	0
3358	34780.17697137899	1201.460706548452	0
3359	34781.17793437433	1201.483841165729	0
3360	34780.17697388648	1201.46070202663	0
3361	34781.17804386123	1201.483839026188	0
3362	34781.1779355378	1201.483841586799	0
3363	34816.18596798457	1203.045341987359	0
3364	34816.18594367938	1203.045340272937	0
3365	34817.18638188061	1203.086338237477	0
3366	34816.18597254626	1203.045342067521	0
3367	34817.18635042693	1203.086337949686	0
3368	34817.18636666587	1203.086339529023	0
3369	34831.18038557756	1203.889857618048	0
3370	34831.18039019767	1203.889857810356	0
3371	34832.17879897923	1203.958631577301	0
3372	34831.18040093172	1203.88985784333	0
3373	34832.17884911451	1203.958633281242	0
3374	34832.17885526726	1203.958633983625	0
3375	34921.20224468211	1207.623703903854	0
3376	34921.20224210919	1207.623703820684	0
3377	34922.20183042675	1207.678001936321	0
3378	34921.20223415984	1207.623700914564	0
3379	34922.2018289253	1207.67800131585	0
3380	34922.20183412752	1207.678001631245	0
3381	34996.15900967347	1211.936454890262	0
3382	34996.15902826987	1211.936455957488	0
3383	34997.15818655378	1211.995483291542	0
3384	34996.15901142482	1211.936454879104	0
3385	34997.15820623107	1211.9954843236	0
3386	34997.15819442286	1211.995483690805	0
3387	35243.11133886074	1224.076583109099	0
3388	35243.11136594768	1224.076584211063	0
3389	35244.10979794102	1224.146251100847	0
3390	35243.11135937466	1224.076583593128	0
3391	35244.10979069712	1224.146250576718	0
3392	35244.10983598915	1224.146253198759	0
3393	35248.10386381033	1224.423330813455	0
3394	35248.10387616971	1224.423331102007	0
3395	35249.10266904628	1224.487824011798	0
3396	35248.10384694119	1224.423330861821	0
3397	35249.10266879033	1224.487824467034	0
3398	35249.10267177101	1224.487824839738	0
3399	35478.9171854489	1238.228491896492	0
3400	35478.91717641576	1238.228491915947	0
3401	35479.91499774135	1238.306091816886	0
3402	35478.91716956386	1238.228491811038	0
3403	35479.91500814792	1238.306092249768	0
3404	35479.91502372575	1238.306093327036	0
3405	35493.87807489416	1239.508199537149	0
3406	35493.87806961475	1239.508201857156	0
3407	35494.87794343233	1239.555534942511	0
3408	35493.87806363678	1239.508200875817	0
3409	35494.87793069929	1239.55553515561	0
3410	35493.8780804192	1239.508200111252	0
3411	35494.87793726112	1239.555534120834	0
3412	35494.87795352288	1239.555535392888	0
3413	35496.87926724357	1239.601493019531	0
3414	35496.87923128186	1239.601491407808	0
3415	35497.87973159573	1239.634038186715	0
3416	35496.87926724258	1239.601493019512	0
3417	35497.87976485765	1239.634043552477	0
3418	35497.87979067591	1239.634039724278	0
3419	35683.06900378764	1239.804375293614	0
3420	35683.06900212132	1239.804375059301	0
3421	35684.0693125511	1239.83845844522	0
3422	35683.06909216822	1239.804371902045	0
3423	35684.06936131229	1239.838455305448	0
3424	35684.06936690484	1239.838459664283	0
3425	35821.11108969368	1245.15186954745	0
3426	35821.11103169947	1245.151869828227	0
3427	35822.11028545112	1245.212211786049	0
3428	35821.11108129253	1245.151868040513	0
3429	35822.1102850564	1245.212209996196	0
3430	35822.11030611437	1245.212212122256	0
3431	35944.89583838174	1254.430410260932	0
3432	35944.8958488381	1254.430410912193	0
3433	35945.89343786042	1254.51028012562	0
3434	35944.89584938194	1254.430410126494	0
3435	35945.89337416011	1254.510272821332	0
3436	35945.89348576662	1254.510283211192	0
3437	35964.82375217439	1256.343144097409	0
3438	35964.82374474758	1256.343145450663	0
3439	35965.82091904199	1256.429134023004	0
3440	35964.82371968515	1256.343141718153	0
3441	35965.82090614811	1256.429131119519	0
3442	35965.8209093082	1256.429132726889	0
3443	36099.76985288072	1263.406148968878	0
3444	36099.76987747808	1263.406150193817	0
3445	36100.76880798052	1263.46757452774	0
3446	36099.7698941448	1263.40615132573	0
3447	36100.76882167559	1263.467575937389	0
3448	36100.76882196751	1263.467575936515	0
3449	36161.65802062304	1268.041566221062	0
3450	36161.65811693158	1268.041570187978	0
3451	36162.65734040729	1268.096302628415	0
3452	36161.65801451896	1268.041565431079	0
3453	36162.65734247867	1268.096306759427	0
3454	36162.65735301862	1268.096303341707	0
3455	36178.63843778523	1269.133441870963	0
3456	36178.63847031081	1269.133442318564	0
3457	36179.63748861386	1269.190876853396	0
3458	36178.6384605538	1269.133443592299	0
3459	36179.63748955086	1269.190880339429	0
3460	36179.63752372114	1269.190878249599	0
3461	36456.89882617376	1271.413571155425	0
3462	36456.8988349909	1271.413571256259	0
3463	36457.89867737373	1271.457385012523	0
3464	36456.89886349059	1271.413569738072	0
3465	36457.89870558125	1271.457384052786	0
3466	36457.89874517774	1271.457388623197	0
3467	36459.89830466561	1271.554091394105	0
3468	36459.8983251588	1271.554091423821	0
3469	36460.89784540167	1271.606046430825	0
3470	36459.89834049284	1271.554091684004	0
3471	36460.89782095991	1271.606043277757	0
3472	36460.89784340547	1271.606046436031	0
3473	36522.80090643284	1276.074489633644	0
3474	36522.80094232907	1276.074492070284	0
3475	36523.79854630972	1276.152772648008	0
3476	36522.80092420366	1276.074491988864	0
3477	36523.79850819772	1276.152772922917	0
3478	36523.79854631071	1276.152772648084	0
3479	36528.79268174741	1276.477311928144	0
3480	36528.79268200794	1276.477311856864	0
3481	36529.79230122109	1276.531637650943	0
3482	36528.79268793211	1276.477314057055	0
3483	36529.7923718124	1276.531642459497	0
3484	36529.79236386275	1276.531640691086	0
3485	36753.88043180959	1285.29505724199	0
3486	36753.88043236564	1285.295057243445	0
3487	36754.88128346857	1285.307677956699	0
3488	36753.88042831561	1285.295059829391	0
3489	36754.88129995477	1285.307679452964	0
3490	36754.88134175516	1285.307678277019	0
3491	36988.13654144532	1281.748878704819	0
3492	36988.13656770348	1281.748877725483	0
3493	36989.12420338119	1281.588785056283	0
3494	36988.13664869309	1281.749010064692	0
3495	36989.12409443067	1281.588828887914	0
3496	36989.1241826949	1281.588785589408	0
3497	37185.15483579849	1272.897396324227	0
3498	37185.1548243916	1272.89739598485	0
3499	37186.1556494537	1272.868480550087	0
3500	37185.15484244386	1272.897364392885	0
3501	37186.15563446929	1272.868477689117	0
3502	37186.15565116025	1272.868480653972	0
3503	37240.20627234749	1273.87475618679	0
3504	37240.20624068165	1273.874756204385	0
3505	37241.20741762446	1273.871332989223	0
3506	37240.20634131584	1273.874759538652	0
3507	37241.20741432936	1273.871332859135	0
3508	37241.20741623958	1273.871332896661	0
3509	37281.24716577793	1273.142964409703	0
3510	37281.24715974283	1273.142964763103	0
3511	37282.24662643192	1273.102296792078	0
3512	37281.24716786948	1273.142980947081	0
3513	37282.2466098731	1273.102299735645	0
3514	37282.24662749773	1273.102298908449	0
3515	37331.25740911891	1269.422131505444	0
3516	37331.2574498848	1269.422128811727	0
3517	37332.06336763662	1269.371638706204	0
3518	37332.06334688872	1269.371640378419	0
3519	37549.98711154196	1256.319318657737	0
3520	37549.98712218506	1256.319317981166	0
3521	37550.98596128487	1256.257407462755	0
3522	37549.98712784547	1256.319317232296	0
3523	37550.98594367225	1256.257408098897	0
3524	37550.98596172164	1256.25740738381	0
3525	37950.81943125577	1234.647179235445	0
3526	37950.81943321479	1234.647179240301	0
3527	37951.82035817898	1234.64357548803	0
3528	37950.81943610358	1234.647170657286	0
3529	37951.82036680441	1234.643701479451	0
3530	37951.82041551808	1234.643572476971	0
3531	38022.69267768725	1229.11500591305	0
3532	38022.69264812487	1229.11500898768	0
3533	38023.69275501485	1229.067659482161	0
3534	38022.6926436361	1229.115006667477	0
3535	38023.69281512577	1229.067653955109	0
3536	38023.69273463284	1229.067659922984	0
3537	38166.7826822257	1224.304956444253	0
3538	38166.78266604532	1224.30495943981	0
3539	38167.78318373807	1224.273905598879	0
3540	38166.78268826514	1224.304956055167	0
3541	38167.78317810929	1224.273904699295	0
3542	38167.78317733313	1224.273906243517	0
3543	38194.80387012449	1223.687830957374	0
3544	38194.80386663858	1223.687832308018	0
3545	38195.7771967745	1223.530604441322	0
3546	38194.80649949634	1223.6875217872	0
3547	38195.73944418028	1223.44105214272	0
3548	38195.77720781463	1223.530605197522	0
3549	38205.80485954966	1224.157608211903	0
3550	38205.80537190568	1224.157155737493	0
3551	38206.80308822513	1224.210993945543	0
3552	38205.80488836184	1224.157610251456	0
3553	38206.80356671676	1224.21173453908	0
3554	38206.80350958545	1224.211729497056	0
3555	38404.80432136088	1234.439280026995	0
3556	38404.80432488753	1234.439280196576	0
3557	38405.80366498246	1234.496714028549	0
3558	38405.80370237937	1234.496713780647	0
3559	38406.80386716215	1234.537897822943	0
3560	38404.80440852102	1234.439284953183	0
3561	38405.80365062037	1234.496714399025	0
3562	38405.80366815226	1234.49671522541	0
3563	38406.80384814116	1234.53789751339	0
3564	38406.80388191653	1234.537898041653	0
3565	38660.90148820102	1245.217731795314	0
3566	38660.90149074711	1245.217732061561	0
3567	38661.90237077287	1245.235321082725	0
3568	38660.90147331928	1245.217740017447	0
3569	38661.90234669646	1245.235324274345	0
3570	38661.9023538855	1245.235320763154	0
3571	38682.92341691546	1244.823093059644	0
3572	38682.92342810854	1244.823093090208	0
3573	38683.92420422492	1244.804932435849	0
3574	38682.9234219361	1244.823102751056	0
3575	38683.92421290439	1244.804939839931	0
3576	38683.92417960248	1244.804933010169	0
3577	38790.9224357819	1239.766024960715	0
3578	38790.92243299702	1239.766023831048	0
3579	38791.9220364476	1239.714821857158	0
3580	38790.92243527158	1239.766024671062	0
3581	38791.92203644191	1239.714823496671	0
3582	38791.92203813711	1239.714821826204	0
3583	38792.92154772621	1239.661070922324	0
3584	38792.92156440623	1239.661070060381	0
3585	38793.92057474002	1239.603109276978	0
3586	38792.92155741466	1239.661070401321	0
3587	38793.92052791222	1239.603111846269	0
3588	38793.92057180963	1239.603109509736	0
3589	38952.7733271526	1229.700089153746	0
3590	38952.77332654814	1229.700089408846	0
3591	38953.77192445983	1229.632814111476	0
3592	38952.77331709627	1229.700089113438	0
3593	38953.77192320544	1229.632813387947	0
3594	38953.77191597579	1229.632814200995	0
3595	39081.67177329936	1222.18247082952	0
3596	39081.67180053429	1222.182469412023	0
3597	39082.67055318067	1222.121028691567	0
3598	39081.67177566778	1222.182462941312	0
3599	39082.67056959167	1222.12099714204	0
3600	39082.67057206555	1222.121028085233	0
3601	39377.89565870412	1220.874225587743	0
3602	39377.89566949684	1220.874225654177	0
3603	39378.89565857022	1220.843416261087	0
3604	39377.89565883749	1220.874226387804	0
3605	39378.8956996805	1220.843415257867	0
3606	39378.89568596282	1220.843415403853	0
3607	39442.9070435533	1218.521129191457	0
3608	39442.90705029757	1218.521128824671	0
3609	39443.90761444865	1218.51262619595	0
3610	39442.90703818053	1218.52112917386	0
3611	39443.90764643682	1218.512620768954	0
3612	39443.90761174156	1218.512623452561	0
3613	39482.89518007941	1220.408074001276	0
3614	39482.89521247196	1220.40807550304	0
3615	39484.89022328535	1220.56761346733	0
3616	39482.89522019491	1220.408075333937	0
3617	39484.89022567339	1220.567613827476	0
3618	39484.89023047259	1220.5676141562	0
3619	40831.48052066059	1239.5137441049	0
3620	40831.48050835935	1239.513744116976	0
3621	40832.47050293462	1239.655049749654	0
3622	40831.47988986382	1239.513258126953	0
3623	40832.4690457624	1239.660695132663	0
3624	40832.47050225351	1239.655049693727	0
3625	41248.79537358757	1242.932789900866	0
3626	41248.79537339185	1242.93278922299	0
3627	41249.79598098274	1242.919396779306	0
3628	41248.79535995209	1242.932793842521	0
3629	41249.79600996499	1242.919395636701	0
3630	41249.79599802798	1242.919395333473	0
3631	41284.75107578935	1240.655368921666	0
3632	41284.75108753498	1240.655370176968	0
3633	41285.74845659476	1240.573475188086	0
3634	41284.75103816759	1240.655381337112	0
3635	41285.74849380942	1240.573482360994	0
3636	41285.74845159053	1240.573475097728	0
3637	41401.60264851058	1233.050029780155	0
3638	41401.60265454234	1233.050028756397	0
3639	41402.59666618861	1232.932464101334	0
3640	41401.60265236993	1233.050029807021	0
3641	41402.5966908785	1232.932461830545	0
3642	41402.59670333549	1232.932460936254	0
3643	41407.57808506552	1232.456290579415	0
3644	41407.57811316521	1232.456288952736	0
3645	41408.57120423069	1232.332161661193	0
3646	41407.5781495824	1232.456288428571	0
3647	41408.57121274209	1232.332164262235	0
3648	41408.5712012814	1232.332161815382	0
3649	41410.55885918109	1232.09161720767	0
3650	41410.55883616169	1232.091617537712	0
3651	41411.5511180908	1231.960505834656	0
3652	41410.55878895461	1232.091623101361	0
3653	41411.5510902051	1231.960502909786	0
3654	41411.55119345166	1231.960499032425	0
3655	41417.52038017025	1231.282140705417	0
3656	41417.5203785533	1231.282140654811	0
3657	41418.52024698996	1231.227895254688	0
3658	41417.52021759171	1231.282141157275	0
3659	41418.52023376548	1231.227893929708	0
3660	41418.52024464666	1231.22789558972	0
3661	41441.50581810866	1229.782348659969	0
3662	41441.50575764747	1229.782349171414	0
3663	41442.50703444677	1229.755820162062	0
3664	41441.50561045697	1229.782347701912	0
3665	41442.50691374433	1229.755820552886	0
3666	41442.50706033166	1229.755819768298	0
3667	41443.50805644347	1229.725843575866	0
3668	41443.50842314574	1229.725832309953	0
3669	41444.50932137781	1229.674666121733	0
3670	41443.50822829741	1229.72582595066	0
3671	41444.50926827735	1229.674657749985	0
3672	41444.5092399925	1229.674665151116	0
3673	41474.59583412031	1230.03254789317	0
3674	41474.59581759667	1230.032550304839	0
3675	41475.63906342364	1230.238798144585	0
3676	41475.61897837579	1230.248467294265	0
3677	41475.66797403951	1230.24539737697	0
3678	41475.60068703019	1230.251243237183	0
3679	41475.75824205724	1230.213242681076	0
3680	41475.6447330013	1230.247378028774	0
3681	41476.60340526621	1229.75576668919	0
3682	41476.60272480087	1229.75604424133	0
3683	41477.59460227617	1229.558662846247	0
3684	41476.6012139001	1229.756445315285	0
3685	41477.59602894361	1229.558527066033	0
3686	41477.59561811297	1229.558538713859	0
3687	41484.6345266366	1229.39796526347	0
3688	41474.60364497896	1230.04675561096	0
3689	41484.67826651426	1229.47880408343	0
3690	41484.63459763882	1229.397966947088	0
3691	41492.59686879186	1228.335298536294	0
3692	41492.59679495981	1228.335300241607	0
3693	41493.5657302915	1228.081668781935	0
3694	41492.59780006552	1228.335245209007	0
3695	41493.56627814154	1228.081631550404	0
3696	41493.56576043086	1228.081664219299	0
3697	41505.9146094017	1227.707927945864	0
3698	41505.91448157657	1227.707933967437	0
3699	41505.96070841235	1227.704970407537	0
3700	41505.96963881751	1227.704391584573	0
3701	41557.14297366492	1223.142539802097	0
3702	41557.14308596223	1223.142530787213	0
3703	41558.11805172683	1222.913264286669	0
3704	41557.14247696757	1223.142588454059	0
3705	41558.11710078864	1222.913344326938	0
3706	41558.11730401057	1222.913327461246	0
3707	41581.04840745098	1220.698931659403	0
3708	41581.04863201104	1220.698913387399	0
3709	41582.03977078261	1220.557481436145	0
3710	41581.04830767053	1220.69893708974	0
3711	41582.03967273661	1220.557488586285	0
3712	41582.03967602057	1220.55748831447	0
3713	41619.9676862249	1217.54095181634	0
3714	41619.96772995739	1217.54094778286	0
3715	41620.96142863086	1217.418113265843	0
3716	41619.9676319902	1217.540955538681	0
3717	41620.96138576026	1217.418117174766	0
3718	41620.96142507937	1217.418113505374	0
3719	41631.91205031246	1216.234650208703	0
3720	41631.91206379075	1216.234648848771	0
3721	41632.90621387811	1216.116016861089	0
3722	41631.91204749396	1216.234649913269	0
3723	41632.90608228185	1216.116026900884	0
3724	41632.9062281321	1216.116015659645	0
3725	41646.86867987204	1214.8921486688	0
3726	41646.86874072524	1214.892146601027	0
3727	41647.86230387053	1214.764312268388	0
3728	41646.86866398184	1214.892150177501	0
3729	41647.86231682504	1214.764309538913	0
3730	41647.86231697187	1214.76431125058	0
3731	41670.81994647245	1212.952497347273	0
3732	41670.81996489346	1212.952496282933	0
3733	41671.81840221145	1212.877885109808	0
3734	41670.81997165834	1212.952493438835	0
3735	41671.81829344076	1212.877864882188	0
3736	41671.81844349931	1212.877882366605	0
3737	41673.81590706227	1212.736424068321	0
3738	41673.81594386152	1212.736423204172	0
3739	41674.81506084868	1212.674862398412	0
3740	41673.81590706325	1212.736424068091	0
3741	41674.81504517809	1212.674862302634	0
3742	41674.81504131144	1212.674863482024	0
3743	41703.80305190864	1210.964754339578	0
3744	41703.80308022824	1210.96475165384	0
3745	41704.80345778552	1210.92362779019	0
3746	41703.8030425829	1210.964751796379	0
3747	41704.80339902438	1210.923627911502	0
3748	41704.80348993645	1210.923625657529	0
3749	41880.00728412031	1206.244798049739	0
3750	41880.00730396569	1206.244798589752	0
3751	41881.00857192686	1206.245570596559	0
3752	41880.00733732655	1206.244791692334	0
3753	41881.00852394469	1206.24556780599	0
3754	41881.008573773	1206.245570740261	0
3755	41964.1015887199	1208.685473606077	0
3756	41964.10161451335	1208.685474152337	0
3757	41965.10254989162	1208.711355652924	0
3758	41964.10153750714	1208.68547052895	0
3759	41965.10251251797	1208.711354398059	0
3760	41965.10254912631	1208.71135565485	0
3761	41985.09903043591	1209.82456169977	0
3762	41985.09904346358	1209.824562321511	0
3763	41986.09926420727	1209.863515538663	0
3764	41985.09904769003	1209.824562465098	0
3765	41986.09939070899	1209.863520427807	0
3766	41986.0993783817	1209.863521449599	0
3767	42114.20103431379	1213.704159776746	0
3768	42114.2010243695	1213.704159227131	0
3769	42115.20095103952	1213.766940784951	0
3770	42114.20106420678	1213.704138756206	0
3771	42115.20156678474	1213.766878285548	0
3772	42115.20100918174	1213.766943023187	0
3773	42188.9569750827	1219.844363395088	0
3774	42188.93281589873	1219.843557324425	0
3775	42189.08466600224	1219.848920331585	0
3776	42188.95697246065	1219.844363111514	0
3777	42258.0875115629	1222.904592181674	0
3778	42258.087504064	1222.904594704572	0
3779	42259.08494258796	1222.989192852272	0
3780	42258.08750460942	1222.904592329176	0
3781	42259.08487877854	1222.989188755749	0
3782	42259.0849135462	1222.989190443239	0
3783	42331.97850847834	1228.308194755042	0
3784	42331.9785035641	1228.308195886424	0
3785	42332.97676011008	1228.382488948695	0
3786	42331.97851906811	1228.30819568204	0
3787	42332.97679652609	1228.38249177954	0
3788	42332.97679181711	1228.38249091563	0
3789	42443.90053493006	1235.005357521914	0
3790	42443.9005624309	1235.005358998608	0
3791	42444.90059895642	1235.048821760643	0
3792	42443.90058044651	1235.005362139724	0
3793	42444.90058556127	1235.048822042175	0
3794	42444.90062758048	1235.048822685438	0
3795	42461.91915879097	1235.04128632106	0
3796	42461.91917395988	1235.041284838948	0
3797	42462.91952140546	1235.075097325562	0
3798	42461.91916239066	1235.041286822677	0
3799	42462.91948748104	1235.075096667742	0
3800	42462.91949905072	1235.075097523275	0
3801	42489.94630509883	1235.441660147744	0
3802	42489.9463414462	1235.441662731564	0
3803	42490.94595873993	1235.495816741975	0
3804	42489.94634214853	1235.441658858176	0
3805	42490.94601643834	1235.495811026114	0
3806	42490.9459463421	1235.495814385159	0
3807	42559.82445269841	1240.683479631012	0
3808	42559.82447668145	1240.683481265656	0
3809	42560.82293306887	1240.753097567361	0
3810	42559.82453438747	1240.683488870671	0
3811	42560.82294868616	1240.753099855875	0
3812	42560.82295043168	1240.753099233887	0
3813	42845.75732530797	1254.830927270214	0
3814	42845.75731803729	1254.830926806853	0
3815	42846.75622551249	1254.895518832265	0
3816	42845.75732998964	1254.830928216359	0
3817	42846.75622648153	1254.895520045402	0
3818	42846.75619551555	1254.895517097168	0
3819	42929.67464721665	1260.203561929374	0
3820	42929.67465509366	1260.203562309464	0
3821	42930.67331695141	1260.2679615179	0
3822	42929.67465977872	1260.203563649956	0
3823	42930.67331209551	1260.267962810733	0
3824	42930.67332312649	1260.267962683523	0
3825	42993.6215492416	1264.222359891515	0
3826	42993.62154235994	1264.222359504374	0
3827	42994.62162892649	1264.273067200912	0
3828	42993.62155154601	1264.22236254422	0
3829	42994.62159845707	1264.27307320919	0
3830	42994.62162302265	1264.273073985594	0
3831	43050.66143060856	1266.148799794651	0
3832	43050.66146896507	1266.148800450994	0
3833	43051.66255031617	1266.158563856798	0
3834	43050.66141888436	1266.14879949464	0
3835	43051.66252992291	1266.158585528254	0
3836	43051.66257071775	1266.158565327952	0
3837	43083.6928213017	1265.341484079001	0
3838	43083.69280547252	1265.341487721167	0
3839	43084.69366379898	1265.31787581492	0
3840	43083.69288780954	1265.341483161902	0
3841	43084.69367174994	1265.31786920914	0
3842	43084.69374622702	1265.317866762058	0
3843	43185.72090867813	1260.572626092571	0
3844	43185.72093392311	1260.572625097258	0
3845	43186.7212353506	1260.527133365566	0
3846	43185.72085938563	1260.572626568281	0
3847	43186.72128001143	1260.527129929815	0
3848	43186.72124364832	1260.527133030766	0
3849	43576.00782614901	1249.56380176292	0
3850	43576.00786704075	1249.563801422567	0
3851	43577.00895275645	1249.563652388813	0
3852	43576.00792354372	1249.563793568355	0
3853	43577.00887817873	1249.563650479649	0
3854	43577.00895791301	1249.563653542717	0
3855	43660.04242743809	1252.800231041033	0
3856	43660.04240867926	1252.80023006752	0
3857	43661.04265722262	1252.842316565024	0
3858	43660.04239056135	1252.800228729331	0
3859	43661.04266993465	1252.842316769026	0
3860	43661.0426658858	1252.842316834842	0
3861	43678.02272755972	1253.97632526577	0
3862	43678.02274305735	1253.976326215819	0
3863	43679.02194958817	1254.035590200471	0
3864	43678.02274834924	1253.976326940122	0
3865	43679.02190041298	1254.035589206766	0
3866	43679.02190041399	1254.035589206775	0
3867	43726.01411646051	1256.488119826795	0
3868	43726.01417777014	1256.488120670322	0
3869	43727.01487373756	1256.501670306339	0
3870	43726.01412577289	1256.488120313428	0
3871	43727.01485377426	1256.501670498709	0
3872	43727.01486977867	1256.50167025281	0
3873	43778.07103799043	1256.67475239425	0
3874	43778.07100589945	1256.674753477033	0
3875	43779.07191678238	1256.663587639182	0
3876	43778.07103837931	1256.674753389978	0
3877	43779.07188562705	1256.663588807955	0
3878	43779.07191363775	1256.663587772558	0
3879	43813.10468080879	1257.205615072474	0
3880	43813.10471603039	1257.2056146957	0
3881	43814.10556944469	1257.193611816855	0
3882	43813.10466465975	1257.205616838005	0
3883	43814.10558935787	1257.193616634381	0
3884	43814.10558435939	1257.193611851013	0
3885	43822.10774228162	1256.851706094595	0
3886	43822.10775951917	1256.85170599358	0
3887	43823.107762672	1256.806432726137	0
3888	43822.10772293056	1256.851709199781	0
3889	43823.10766423602	1256.80643814548	0
3890	43823.10776514823	1256.806432634131	0
3891	44038.11719542511	1246.880478776246	0
3892	44038.1171943859	1246.880478289406	0
3893	44039.11644704459	1246.820735113905	0
3894	44038.11718611868	1246.88047950571	0
3895	44039.11642801777	1246.820736697945	0
3896	44039.11644772757	1246.820735119014	0
3897	44145.9169306826	1238.526186411692	0
3898	44145.91695863155	1238.526185237204	0
3899	44146.9154434364	1238.458485605822	0
3900	44145.91693914019	1238.526185670715	0
3901	44146.91541877461	1238.458483226462	0
3902	44146.9154434374	1238.45848560577	0
3903	44344.94694338919	1230.228985856996	0
3904	44344.94693525595	1230.228986545624	0
3905	44345.94616177912	1230.171900739015	0
3906	44344.94682722017	1230.228992800945	0
3907	44345.94614547828	1230.171901870274	0
3908	44345.94612231179	1230.171903311798	0
3909	44362.90773388748	1228.777842479258	0
3910	44362.90777069695	1228.777841806034	0
3911	44363.90691950286	1228.715148091153	0
3912	44362.90774167301	1228.777841675598	0
3913	44363.90692357749	1228.715145601131	0
3914	44363.90691771688	1228.715146028104	0
3915	44515.89479375465	1221.557348979763	0
3916	44515.89481803276	1221.557347798385	0
3917	44516.89423820965	1221.501139528793	0
3918	44515.89479976978	1221.557346574258	0
3919	44516.89424686805	1221.501138758834	0
3920	44516.89425497701	1221.501138885481	0
3921	44518.89391892448	1221.399446842139	0
3922	44518.89393289842	1221.399446600849	0
3923	44519.89377115781	1221.352932227382	0
3924	44518.89389701974	1221.399441813291	0
3925	44519.89376966755	1221.352930745674	0
3926	44519.89377095781	1221.352932829171	0
3927	44608.92021470659	1217.449426793821	0
3928	44608.92020647435	1217.449426294327	0
3929	44609.92099395104	1217.428575890925	0
3930	44608.92022170701	1217.449424307398	0
3931	44609.92096097281	1217.428573003711	0
3932	44609.92099395004	1217.428575890837	0
3933	44682.00003701611	1218.699919932504	0
3934	44682.00004520301	1218.699918998087	0
3935	44683.00092380508	1218.71968845577	0
3936	44682.00006451229	1218.699918053855	0
3937	44683.0009636039	1218.71968668558	0
3938	44683.00096429239	1218.719690244477	0
3939	44717.03262416708	1219.297854966875	0
3940	44717.03266425867	1219.297855010383	0
3941	44718.03294005254	1219.330639855167	0
3942	44717.03262991164	1219.297853492242	0
3943	44718.03295288824	1219.330639679415	0
3944	44718.03296488198	1219.330640199585	0
3945	44828.02810515642	1224.74865483357	0
3946	44828.0281015212	1224.748654919068	0
3947	44829.02846096073	1224.7819355433	0
3948	44828.02806552866	1224.748655135523	0
3949	44829.02836860572	1224.781933687213	0
3950	44829.02846096173	1224.781935543317	0
3951	45131.35748803075	1227.179607316916	0
3952	45131.357482499	1227.179610250483	0
3953	45132.35781126485	1227.219607826047	0
3954	45131.3574863871	1227.179606952641	0
3955	45132.35779146541	1227.219606434862	0
3956	45132.3577683695	1227.219606585761	0
3957	45239.25481107605	1234.171325316503	0
3958	45239.25485615386	1234.171327244075	0
3959	45240.25385088915	1234.233892158093	0
3960	45239.25483113394	1234.171325066599	0
3961	45240.25387838622	1234.233892847108	0
3962	45240.25385540938	1234.233892503438	0
3963	45284.13308917816	1238.073804768826	0
3964	45284.1330989378	1238.073805277951	0
3965	45285.13115764119	1238.147820539789	0
3966	45284.1331181348	1238.073807338512	0
3967	45285.13118720392	1238.14782306473	0
3968	45285.1311767371	1238.147821917181	0
3969	45426.99020077354	1247.244924470154	0
3970	45426.99021702586	1247.244922927694	0
3971	45427.98006458695	1247.392195344982	0
3972	45426.99290345354	1247.237104083797	0
3973	45427.98312332172	1247.332458667911	0
3974	45427.98009731188	1247.392197815157	0
3975	45433.94777604078	1248.071565891588	0
3976	45433.94777738205	1248.07156401075	0
3977	45434.94396959979	1248.168095393007	0
3978	45433.94777952812	1248.071565972268	0
3979	45434.94403929674	1248.168104035555	0
3980	45434.94399336805	1248.168097757955	0
3981	45467.80826186213	1251.524213609992	0
3982	45467.80826212065	1251.5242136947	0
3983	45468.80514043074	1251.612868632412	0
3984	45467.80819830127	1251.524211920892	0
3985	45468.80503489279	1251.612868415488	0
3986	45468.80511423008	1251.612865400309	0
3987	45625.65283597547	1261.408661906288	0
3988	45625.65281152858	1261.408660210743	0
3989	45626.65031460272	1261.494531427177	0
3990	45625.65282955931	1261.408661834677	0
3991	45626.65034611029	1261.494533961564	0
3992	45626.65032440089	1261.494532321769	0
3993	45739.46292273593	1269.806144183913	0
3994	45739.4630265732	1269.806150620391	0
3995	45740.46029162996	1269.890873444161	0
3996	45739.46298844751	1269.806150490459	0
3997	45740.46017689448	1269.890870041355	0
3998	45740.46041101153	1269.89088050198	0
3999	45760.41155852345	1271.571578229426	0
4000	45760.4115670738	1271.571578933534	0
4001	45761.411067653	1271.624378393428	0
4002	45760.41156168489	1271.571583861375	0
4003	45761.41105282083	1271.624381706231	0
4004	45761.41106787009	1271.624381371338	0
4005	45889.53025012807	1273.195532552208	0
4006	45889.53026472872	1273.195532606375	0
4007	45890.53064492087	1273.216842918821	0
4008	45889.53022449409	1273.195534217519	0
4009	45890.53056225221	1273.21684553213	0
4010	45890.53067048117	1273.216843324816	0
4011	46087.68820979354	1273.952667750667	0
4012	46087.68821440185	1273.952667846476	0
4013	46088.6889425117	1273.957934539855	0
4014	46087.68817988212	1273.952667508544	0
4015	46088.68894163606	1273.957934322519	0
4016	46088.68895948995	1273.957934637966	0
4017	46116.69171206737	1275.043250919998	0
4018	46116.69172871237	1275.04325030167	0
4019	46117.69244263086	1275.053491141013	0
4020	46116.69173434779	1275.043252012093	0
4021	46117.69240036002	1275.053493134475	0
4022	46117.6924269916	1275.053491257161	0
4023	46265.79454645058	1271.028977226601	0
4024	46265.79456481482	1271.028976946997	0
4025	46266.79557264125	1271.037027821704	0
4026	46265.79452412687	1271.028975785669	0
4027	46266.79543057102	1271.037024795297	0
4028	46266.79543120106	1271.037025778255	0
4029	46748.00036366449	1289.819305097306	0
4030	46748.00018303225	1289.819275675459	0
4031	46748.96800425936	1289.986829030654	0
4032	46748.02011915779	1289.823688283483	0
4033	46748.95644547033	1289.994498963955	0
4034	46748.96813196019	1289.986842724643	0
4035	46940.04887034809	1277.508424986892	0
4036	46940.05755171541	1277.508021428163	0
4037	46940.11675650141	1277.505129220973	0
4038	46940.11851615278	1277.50501517038	0
4039	46960.24247489415	1276.484403953774	0
4040	46960.24188398796	1276.484433779219	0
4041	46961.06765607183	1275.921768147655	0
4042	46960.24167131578	1276.484431298884	0
4043	46961.06726603496	1275.921798259704	0
4044	46961.06789657026	1275.921747762484	0
4045	47128.34598496636	1272.23605854199	0
4046	47128.34598496537	1272.236058542138	0
4047	47129.34267471189	1272.333053793323	0
4048	47128.34601089915	1272.236053745655	0
4049	47129.3425911891	1272.333054372546	0
4050	47129.34260261196	1272.333057401171	0
4051	47275.43981240135	1276.331931571187	0
4052	47275.43981669541	1276.331931714288	0
4053	47276.43978695999	1276.373852998186	0
4054	47275.43976216975	1276.331930587898	0
4055	47276.43972506087	1276.373851511126	0
4056	47276.43980899221	1276.373853874544	0
4057	47899.59376683043	1299.644008284412	0
4058	47899.59379637262	1299.644011734874	0
4059	47900.5957848741	1299.671291690116	0
4060	47899.59371948358	1299.644001769105	0
4061	47900.59578594054	1299.671282015619	0
4062	47900.59578069339	1299.671288413553	0
4063	47905.56798926995	1300.454039805589	0
4064	47905.55962802136	1300.499666352579	0
4065	47905.64182449545	1300.347039665449	0
4066	47905.56802416882	1300.454047875394	0
4067	47917.64831321727	1300.730786354968	0
4068	47917.64832194971	1300.730786171111	0
4069	47918.46954439388	1300.787253861425	0
4070	47918.47038326464	1300.787312027632	0
4071	47991.51963190718	1304.998540887202	0
4072	47991.5195682671	1304.99856041326	0
4073	47992.48240388362	1304.719616275839	0
4074	47991.52380772761	1305.008380428709	0
4075	47992.47645571968	1304.657266131538	0
4076	47992.48240365407	1304.719619733216	0
4077	48025.47803238015	1306.617638770063	0
4078	48025.47801709198	1306.617640746991	0
4079	48026.47846290218	1306.641633907558	0
4080	48025.47802630666	1306.617638709687	0
4081	48026.47840067696	1306.641629007636	0
4082	48026.47846403404	1306.641633903948	0
4083	48108.54203995235	1308.694568532072	0
4084	48108.5420592214	1308.694564082235	0
4085	48109.54296627315	1308.694910739901	0
4086	48108.54203245953	1308.694569351224	0
4087	48109.5429699312	1308.69491314223	0
4088	48109.54297170154	1308.694910541763	0
4089	48210.62148448504	1305.79043179408	0
4090	48210.621497623	1305.79043165324	0
4091	48211.62178293957	1305.754375234877	0
4092	48210.62146457003	1305.7904325503	0
4093	48211.6217415262	1305.754377279106	0
4094	48211.62180023132	1305.754374351048	0
4095	48243.64564487201	1305.073437961567	0
4096	48243.64562860698	1305.073438671929	0
4097	48244.6450572385	1305.017230548758	0
4098	48243.64561842036	1305.073439997049	0
4099	48244.64508733464	1305.017232273713	0
4100	48244.6450458004	1305.017231028053	0
4101	48297.56083594853	1301.158705573923	0
4102	48297.56086588943	1301.158705439665	0
4103	48298.55991922174	1301.0991625162	0
4104	48297.56083939624	1301.158705363293	0
4105	48298.55991928495	1301.099162143073	0
4106	48298.55991284627	1301.099162245145	0
4107	48571.4451270362	1286.924518149026	0
4108	48571.44515502323	1286.924516746719	0
4109	48572.44424788886	1286.866358259819	0
4110	48571.44512227017	1286.924518148502	0
4111	48572.44426248907	1286.86635710453	0
4112	48572.44426352399	1286.866357624665	0
4113	49168.26961747761	1258.841043537635	0
4114	49168.26957864308	1258.841044893142	0
4115	49169.2678226067	1258.77041747748	0
4116	49168.26959676558	1258.841045768353	0
4117	49169.26786140403	1258.770416484479	0
4118	49169.26785933349	1258.770415548358	0
4119	49204.16638643316	1255.711365538001	0
4120	49204.16638601376	1255.711365537672	0
4121	49205.16529588658	1255.650032439562	0
4122	49204.16639713801	1255.711358300135	0
4123	49205.16525616495	1255.650031670618	0
4124	49205.16525260614	1255.65003185412	0
4125	49556.05050655345	1238.199585590586	0
4126	49556.05054663501	1238.199583920035	0
4127	49557.0511764959	1238.177825043287	0
4128	49556.05053136571	1238.199581468908	0
4129	49557.05114661242	1238.177820797074	0
4130	49557.05117871913	1238.177824999771	0
4131	49563.05611424938	1238.1463680345	0
4132	49563.05611559859	1238.146367926625	0
4133	49564.05690192598	1238.146099852005	0
4134	49563.05612541117	1238.146366194075	0
4135	49564.05691124108	1238.146097118591	0
4136	49564.05690811303	1238.146100092083	0
4137	49904.33556735579	1242.194200509128	0
4138	49904.3355630752	1242.194200419831	0
4139	49905.33625116245	1242.171120279504	0
4140	49904.33553720998	1242.194203304986	0
4141	49905.33625275193	1242.171122761633	0
4142	49905.33627183135	1242.171120196959	0
4143	49907.33675824364	1242.100145751799	0
4144	49907.33675090734	1242.100146002056	0
4145	49908.3368482498	1242.059765255819	0
4146	49907.33672345205	1242.100151155003	0
4147	49908.33687528034	1242.059764664341	0
4148	49908.33686190945	1242.059763987141	0
4149	49955.24886685148	1238.510955971709	0
4150	49955.24885874635	1238.510956325654	0
4151	49956.24600913667	1238.426530040157	0
4152	49955.24885777044	1238.510956091402	0
4153	49956.24600025314	1238.426529488568	0
4154	49956.24601129167	1238.426529604216	0
4155	50009.1553288654	1234.472688569327	0
4156	50009.15534488756	1234.472687079066	0
4157	50010.15582466264	1234.440122273404	0
4158	50009.15533972099	1234.47268740363	0
4159	50010.15584445737	1234.44012017713	0
4160	50010.15585567358	1234.440120683229	0
4161	50135.29018360416	1234.037717653505	0
4162	50135.29019146896	1234.037717347613	0
4163	50136.29068030776	1234.059110446859	0
4164	50135.29019999269	1234.037717046284	0
4165	50136.29069396876	1234.059110167243	0
4166	50136.29071291064	1234.059110187538	0
4167	50249.37263008163	1237.084687582486	0
4168	50249.37263036507	1237.084687582352	0
4169	50250.37359374365	1237.072716869288	0
4170	50249.3726209067	1237.084689317013	0
4171	50250.37358240205	1237.072719232166	0
4172	50250.37361165853	1237.072716457161	0
4173	50525.37560235788	1224.393918336767	0
4174	50525.37562069973	1224.393917454196	0
4175	50526.37494080037	1224.335332044726	0
4176	50525.37566008024	1224.393916389356	0
4177	50526.37491512283	1224.33533335922	0
4178	50526.37493382712	1224.335332191328	0
4179	50636.20202164537	1216.291184319002	0
4180	50636.2020167646	1216.291184360375	0
4181	50637.20104749023	1216.229513087536	0
4182	50636.20202989449	1216.291180485131	0
4183	50637.20099871181	1216.229513971569	0
4184	50637.20106186359	1216.229511955288	0
4185	50750.17933544348	1210.205749801494	0
4186	50750.1793432692	1210.205749908372	0
4187	50751.17984391182	1210.177753621858	0
4188	50750.17932767433	1210.205749217638	0
4189	50751.17984239906	1210.177752983579	0
4190	50751.17985144883	1210.177753959927	0
4191	50941.35701999664	1214.070405136006	0
4192	50941.35704074296	1214.070405302405	0
4193	50942.35799577423	1214.066157422711	0
4194	50941.3570375663	1214.070406733885	0
4195	50942.35800754675	1214.06615740562	0
4196	50942.3580545665	1214.066156119142	0
4197	51090.32357061307	1208.976439844769	0
4198	51090.32356757932	1208.976439235526	0
4199	51090.36320069413	1208.965782469466	0
4200	51090.35175561991	1208.970599462446	0
4201	51163.56332707642	1210.440514628517	0
4202	51163.56333509299	1210.440515176316	0
4203	51164.55413550336	1210.588929203369	0
4204	51163.56908108675	1210.438465603218	0
4205	51164.55483776495	1210.588576394934	0
4206	51164.55413807583	1210.588929261763	0
4207	51223.46812318733	1215.06712763212	0
4208	51223.46815413849	1215.067130107516	0
4209	51224.46657228347	1215.135653495241	0
4210	51223.46815728241	1215.067135353683	0
4211	51224.4665983338	1215.135654413959	0
4212	51224.46661445652	1215.135653597633	0
4213	51237.50838586553	1215.290352178713	0
4214	51237.50889061107	1215.291724742723	0
4215	51238.46373660562	1214.87644493483	0
4216	51237.50834665362	1215.290341419011	0
4217	51238.45421877191	1214.948542654482	0
4218	51238.45421877092	1214.94854265445	0
4219	51283.39680989668	1218.876793757979	0
4220	51283.39681928751	1218.876793873807	0
4221	51284.39649059391	1218.92777943561	0
4222	51283.39687837297	1218.876809137133	0
4223	51284.39647603228	1218.927782595299	0
4224	51284.39650197209	1218.927778737148	0
4225	51420.55384555675	1217.085608764453	0
4226	51420.55385956204	1217.08560848705	0
4227	51421.5542560438	1217.056339330027	0
4228	51420.5538486724	1217.085609436077	0
4229	51421.55423388755	1217.056339861653	0
4230	51421.55423396637	1217.056338716687	0
4231	51428.55335126814	1216.715643596629	0
4232	51428.5533715276	1216.71564368963	0
4233	51429.55331044661	1216.673586622051	0
4234	51428.55335515878	1216.715643552576	0
4235	51429.55336710979	1216.673582500144	0
4236	51429.55332595501	1216.673585945548	0
4237	51455.54568449141	1215.282205358877	0
4238	51455.54567445965	1215.282205612404	0
4239	51456.54662623122	1215.267141394886	0
4240	51455.5457007877	1215.282203664677	0
4241	51456.54663395853	1215.267136904862	0
4242	51456.54662955297	1215.26713804812	0
4243	51624.72422711482	1217.675055744048	0
4244	51624.72423414175	1217.675054649202	0
4245	51625.72386905234	1217.725651631386	0
4246	51624.72425757325	1217.675049697429	0
4247	51625.72385135935	1217.725646623879	0
4248	51625.7238605766	1217.725651784001	0
4249	51660.64473418204	1220.593995022572	0
4250	51660.64477222217	1220.59399706144	0
4251	51661.64272300054	1220.6700565526	0
4252	51660.64474535995	1220.593995183458	0
4253	51661.64269300439	1220.670055830275	0
4254	51661.64271425173	1220.670055865416	0
4255	51663.63879094696	1220.823455482068	0
4256	51663.63875868684	1220.823453367027	0
4257	51664.63659423409	1220.902282710844	0
4258	51663.63883395009	1220.823458713819	0
4259	51664.63665155968	1220.902285884957	0
4260	51664.63663725858	1220.902285072839	0
4261	51799.45757698292	1230.113045949169	0
4262	51799.45767323655	1230.113051199058	0
4263	51800.45578721827	1230.185066062888	0
4264	51799.45764560736	1230.113050799519	0
4265	51800.45570666501	1230.185064488765	0
4266	51800.45574708435	1230.185063368419	0
4267	51996.44631962897	1239.120990962328	0
4268	51996.44631942279	1239.120990962565	0
4269	51997.44362376174	1239.204514422426	0
4270	51996.4464121807	1239.12098913467	0
4271	51997.44361093942	1239.204510936793	0
4272	51997.44364224292	1239.204515673865	0
4273	52035.36152626861	1242.22313379384	0
4274	52035.36149399827	1242.223132238646	0
4275	52036.35873415553	1242.30976114704	0
4276	52035.3615097604	1242.223132390129	0
4277	52036.35871584951	1242.309760243857	0
4278	52036.35873300309	1242.309761827249	0
4279	52089.19181847732	1247.147919243696	0
4280	52089.19183487313	1247.147920599001	0
4281	52090.18629100944	1247.261090899421	0
4282	52089.19185002009	1247.147921769237	0
4283	52090.18636210477	1247.261097278635	0
4284	52090.18637192096	1247.261098040695	0
4285	52113.15522925194	1248.836073099098	0
4286	52113.15523488087	1248.836073368933	0
4287	52114.15140413338	1248.931632731208	0
4288	52113.15525659254	1248.836074278213	0
4289	52114.1513936975	1248.931632089434	0
4290	52114.15142519715	1248.931634560229	0
4291	52140.05271229674	1251.487483829828	0
4292	52140.05270547551	1251.487483393846	0
4293	52141.05069157304	1251.564625028053	0
4294	52140.05271285409	1251.487491877425	0
4295	52141.05069186165	1251.564628371649	0
4296	52141.05069157403	1251.564625028104	0
4297	52166.9809784321	1253.786432955508	0
4298	52166.98098902955	1253.786432278038	0
4299	52167.98038872738	1253.841635652277	0
4300	52166.98095886067	1253.786432008239	0
4301	52167.98037077055	1253.841637916589	0
4302	52167.98039637514	1253.841638762055	0
4303	52852.25891510453	1277.513199939306	0
4304	52852.25889509028	1277.513197087905	0
4305	52853.25927004682	1277.54706957989	0
4306	52852.25892781596	1277.513200299893	0
4307	52853.25929169225	1277.547070475026	0
4308	52853.25928441481	1277.547069937093	0
4309	52870.25430080333	1278.435953051987	0
4310	52870.25430080434	1278.435953051965	0
4311	52871.25453526712	1278.471349133648	0
4312	52870.25429128584	1278.435954027495	0
4313	52871.25458860301	1278.471359953259	0
4314	52871.25455178643	1278.471347290112	0
4315	53088.53756233524	1282.75490493293	0
4316	53088.51594190436	1282.779843353396	0
4317	53088.8053221513	1282.78563123801	0
4318	53088.53755532175	1282.754909219723	0
4319	53098.46287294885	1280.868271495153	0
4320	53098.46323804495	1280.868307302176	0
4321	53099.4070601964	1280.864488050811	0
4322	53099.40740134054	1280.86448092053	0
4323	53152.43689965556	1277.914474284384	0
4324	53152.4369094098	1277.914474477677	0
4325	53153.43644801983	1277.860487083206	0
4326	53152.43692205246	1277.914473519959	0
4327	53153.43645367384	1277.860486109336	0
4328	53153.43646895597	1277.860485216372	0
4329	53230.38930448036	1273.282841605488	0
4330	53230.3893150576	1273.282841050199	0
4331	53231.38889798107	1273.231520939326	0
4332	53230.38928467686	1273.282842960892	0
4333	53231.38892311979	1273.231519753165	0
4334	53231.38891054705	1273.231520511236	0
4335	53760.5766271011	1254.493496877398	0
4336	53760.57664156565	1254.493496318727	0
4337	53761.57803115263	1254.507031559696	0
4338	53760.57325287564	1254.516117589184	0
4339	53761.57560649745	1254.541032728596	0
4340	53761.57804062611	1254.507029941323	0
4341	53779.47757137132	1252.391746570014	0
4342	53779.47756750076	1252.391746309525	0
4343	53780.47487984421	1252.307401937637	0
4344	53779.47757257056	1252.391749652883	0
4345	53780.47486372537	1252.307403801782	0
4346	53780.47494573151	1252.307396466721	0
4347	53796.40766009241	1250.67983225945	0
4348	53796.40767922739	1250.679830524533	0
4349	53797.40180099688	1250.563112100912	0
4350	53796.4076825494	1250.679830806595	0
4351	53797.40181327135	1250.563111566694	0
4352	53797.40180099787	1250.563112100849	0
4353	53802.37689727419	1250.018605210775	0
4354	53802.37695252365	1250.018603243261	0
4355	53803.37263795079	1249.917871937302	0
4356	53802.37694178505	1250.0186013431	0
4357	53803.37268539002	1249.917864709841	0
4358	53803.37262825917	1249.917873146966	0
4359	53829.28136875993	1247.465629543891	0
4360	53829.28137618009	1247.465629397441	0
4361	53830.28085763987	1247.409357613221	0
4362	53829.28141742986	1247.465632163656	0
4363	53830.28088701961	1247.409365802362	0
4364	53830.28087912537	1247.409366106475	0
4365	54126.54732341257	1243.299103787598	0
4366	54126.5473459173	1243.299101600559	0
4367	54127.54597748703	1243.231782028867	0
4368	54126.5473407789	1243.299103826012	0
4369	54127.54592263708	1243.231788111759	0
4370	54127.5459808037	1243.23178194878	0
4371	54169.44323819996	1239.742663585932	0
4372	54169.4432725422	1239.742661029097	0
4373	54170.43905486601	1239.641674429381	0
4374	54169.44327806742	1239.742664931896	0
4375	54170.43904955149	1239.641674640541	0
4376	54170.43909702478	1239.641672431159	0
4377	54180.40113191857	1238.666593276479	0
4378	54180.40113999256	1238.666592611542	0
4379	54181.39919328613	1238.589610999479	0
4380	54180.4011924014	1238.66658540156	0
4381	54181.39916908458	1238.589612563419	0
4382	54181.39917381814	1238.589612109051	0
4383	54201.35416723951	1236.967007786626	0
4384	54201.35416869753	1236.967008137207	0
4385	54202.35379658767	1236.918111925359	0
4386	54201.35417074148	1236.967006370215	0
4387	54202.35384271807	1236.918104761016	0
4388	54202.35381644578	1236.918111245847	0
4389	54274.42308941489	1236.020614328998	0
4390	54274.42311749775	1236.020611581448	0
4391	54275.42283393526	1236.070034725996	0
4392	54274.42322523587	1236.020577103395	0
4393	54275.42298867515	1236.07042397788	0
4394	54275.42285731098	1236.070033862379	0
4395	54299.39743514539	1234.467678246464	0
4396	54299.39743975562	1234.467677527001	0
4397	54300.39876597217	1234.476129804102	0
4398	54299.39756636724	1234.467369296268	0
4399	54300.39819002717	1234.475699705809	0
4400	54300.39877123065	1234.476128716688	0
4401	54459.52162389804	1238.496130128646	0
4402	54459.52161795594	1238.496130097032	0
4403	54460.52244458648	1238.503415494922	0
4404	54459.52166369193	1238.496132509888	0
4405	54460.52241126769	1238.50341796163	0
4406	54460.52241672294	1238.503415730052	0
4407	54771.76101028885	1232.923112053871	0
4408	54771.76103904431	1232.923108859497	0
4409	54772.76121406772	1232.888493782273	0
4410	54771.76102587602	1232.923111749669	0
4411	54772.76122393712	1232.888495296717	0
4412	54772.76121723622	1232.888494006919	0
4413	55179.58860475833	1211.585373340773	0
4414	55179.58862980759	1211.585372907056	0
4415	55180.58698060309	1211.513162751489	0
4416	55179.58859786865	1211.585375089938	0
4417	55180.58697885997	1211.513161858497	0
4418	55180.586953331	1211.513163925654	0
4419	55183.5786732694	1211.255359747197	0
4420	55183.57867704247	1211.255359653782	0
4421	55184.57728549635	1211.187010658268	0
4422	55183.57866529613	1211.255357901914	0
4423	55184.5772723038	1211.187011818857	0
4424	55184.57727302796	1211.187011751305	0
4425	55231.46369005318	1207.274510968396	0
4426	55231.46373267793	1207.274510746538	0
4427	55232.46169015631	1207.196304540741	0
4428	55231.46369278309	1207.274509735407	0
4429	55232.46168724132	1207.196303646843	0
4430	55232.46169218404	1207.196303958596	0
4431	55345.48108262181	1202.286774339765	0
4432	55345.48108750616	1202.286772622627	0
4433	55346.48106299296	1202.241657451201	0
4434	55345.48108136669	1202.286773855353	0
4435	55346.48101006864	1202.241659924482	0
4436	55346.48106557583	1202.241656988548	0
4437	55436.35434976414	1195.76487969356	0
4438	55436.35434699573	1195.764880463241	0
4439	55437.35261710262	1195.690258551935	0
4440	55436.35435766266	1195.764877924735	0
4441	55437.35257300431	1195.690261487506	0
4442	55437.35262140533	1195.690256701166	0
4443	55438.34941558878	1195.595886951772	0
4444	55438.34945250121	1195.595889731633	0
4445	55439.34752101661	1195.517497936169	0
4446	55437.35257249291	1195.690261502658	0
4447	55438.34937904965	1195.59588762674	0
4448	55438.34938095578	1195.595889404785	0
4449	55439.34752405377	1195.517494096643	0
4450	55439.34755125101	1195.517495267939	0
4451	55442.33832921144	1195.238972923325	0
4452	55442.33836192362	1195.238970394729	0
4453	55443.33580287529	1195.153820844015	0
4454	55442.33836381503	1195.238966824332	0
4455	55443.33568453381	1195.153820740694	0
4456	55443.33582244744	1195.153819399594	0
4457	55479.28834587897	1192.512947695585	0
4458	55479.28834950683	1192.512946811189	0
4459	55480.28454355036	1192.413777519649	0
4460	55479.28828466504	1192.512948316814	0
4461	55480.28457100419	1192.413770361487	0
4462	55480.28457450066	1192.413774407154	0
4463	55482.27322362153	1192.170433547526	0
4464	55482.27319937025	1192.170436412966	0
4465	55483.26940685069	1192.068252539332	0
4466	55482.27328504725	1192.169918969014	0
4467	55483.26879249546	1192.065162749182	0
4468	55483.26945127475	1192.068249956031	0
4469	55496.29289046759	1191.999450306778	0
4470	55496.2928667195	1191.999449448135	0
4471	55497.29394301264	1191.98442560406	0
4472	55496.29289290577	1191.999447366444	0
4473	55497.29397721169	1191.984424374178	0
4474	55497.29399169159	1191.984425251613	0
4475	55574.41763867348	1192.181073022462	0
4476	55574.41776334393	1192.181002987565	0
4477	55575.41454634781	1192.273864442578	0
4478	55574.41768982173	1192.181074437493	0
4479	55575.41449639267	1192.274050639119	0
4480	55575.41451876745	1192.274050990361	0
4481	55621.37087256627	1195.62412236953	0
4482	55621.37090168797	1195.624123690105	0
4483	55622.37108015514	1195.670081607341	0
4484	55621.37082491823	1195.624121307512	0
4485	55622.37111167348	1195.67008461655	0
4486	55622.37108652789	1195.670081900185	0
4487	55691.44238803747	1197.375091365198	0
4488	55691.44242451077	1197.375093047521	0
4489	55692.44175336792	1197.430297249651	0
4490	55691.44246133108	1197.37509019812	0
4491	55692.44182530438	1197.430287470317	0
4492	55692.44173544272	1197.430296169143	0
4493	55760.33770929196	1202.516582599518	0
4494	55760.33772243138	1202.516583703693	0
4495	55761.33601078696	1202.590435580282	0
4496	55760.33766499421	1202.516581393907	0
4497	55761.33601352441	1202.59043665084	0
4498	55761.33602309811	1202.590436048728	0
4499	55884.27651652475	1209.526334979349	0
4500	55884.276524159	1209.526335269321	0
4501	55885.27436240674	1209.606071139928	0
4502	55884.27644513727	1209.526330478479	0
4503	55885.27436684703	1209.606071806522	0
4504	55885.27437271766	1209.606071940747	0
4505	55898.22407313542	1210.88999461879	0
4506	55898.22406442725	1210.889994504283	0
4507	55899.22041589085	1210.986682593495	0
4508	55898.22407340755	1210.889994324527	0
4509	55899.2204458065	1210.986686219189	0
4510	55899.22041400387	1210.986681955461	0
4511	55925.12167681389	1213.528788637736	0
4512	55925.12173435275	1213.528790552933	0
4513	55926.11886098905	1213.61560071337	0
4514	55925.1216739467	1213.528788891324	0
4515	55926.11883051968	1213.615600736745	0
4516	55926.11884645427	1213.615599840978	0
4517	56249.1470677627	1226.901289619243	0
4518	56249.14708736205	1226.901289959697	0
4519	56250.14661270842	1226.955286164761	0
4520	56249.1470754798	1226.901290035357	0
4521	56250.14651131038	1226.955285011307	0
4522	56250.14657095879	1226.955284599899	0
4523	56581.02975335741	1244.209964454713	0
4524	56581.02974317305	1244.209963917095	0
4525	56582.02916472707	1244.264029441483	0
4526	56581.0297734519	1244.209965894925	0
4527	56582.02918667332	1244.264031119588	0
4528	56582.02916023217	1244.264029445215	0
4529	56773.02389187848	1253.496631967319	0
4530	56773.02389917775	1253.496632027054	0
4531	56774.02390196473	1253.537683600753	0
4532	56773.02386809648	1253.496632869363	0
4533	56774.02394161303	1253.537685895343	0
4534	56774.02399056512	1253.537686549413	0
4535	56887.09776525845	1257.766759532591	0
4536	56887.097775567	1257.766760382085	0
4537	56888.09898360116	1257.780463745052	0
4538	56887.09776696856	1257.766764399363	0
4539	56888.09901656671	1257.780467994007	0
4540	56888.09900085447	1257.78046366468	0
4541	57131.32007019348	1250.772570574056	0
4542	57131.3200690646	1250.772570154537	0
4543	57132.31997398519	1250.724194703618	0
4544	57131.32005809858	1250.772571511504	0
4545	57132.31993421572	1250.724196132634	0
4546	57132.32002891602	1250.724191308325	0
4547	57148.29037900619	1249.47700568349	0
4548	57148.29044241155	1249.477004429841	0
4549	57149.28903896607	1249.405242414916	0
4550	57148.29038590527	1249.477005437917	0
4551	57149.28884887568	1249.405247742013	0
4552	57149.28903551606	1249.405240243712	0
4553	57166.24756131745	1247.946521303687	0
4554	57166.24757190442	1247.946519870809	0
4555	57167.24499512705	1247.861800720282	0
4556	57166.24757944428	1247.94652161723	0
4557	57167.24503551475	1247.861802335004	0
4558	57167.24500282802	1247.861800449506	0
4559	57398.29651686422	1237.695093967802	0
4560	57398.29654278291	1237.695093250542	0
4561	57399.29347385467	1237.603636932129	0
4562	57398.29652632362	1237.695092406509	0
4563	57399.29330527974	1237.603639770304	0
4564	57399.29348536579	1237.603635984162	0
4565	57412.26937748459	1236.586399500516	0
4566	57412.26937069264	1236.586399388289	0
4567	57413.26614608854	1236.49777826382	0
4568	57412.2693272031	1236.586399212186	0
4569	57413.26609614459	1236.497778149319	0
4570	57413.26615425312	1236.497777567771	0
4571	57423.23973342653	1235.634635032119	0
4572	57423.23973061713	1235.634637717145	0
4573	57424.23641923677	1235.53980261196	0
4574	57423.23967098815	1235.634636186705	0
4575	57424.23633591782	1235.539802490692	0
4576	57424.2364185859	1235.539803061334	0
4577	57436.19671496837	1234.413382773518	0
4578	57436.196520316	1234.413378099084	0
4579	57437.19378774749	1234.324880537021	0
4580	57436.19670505863	1234.413383163873	0
4581	57437.19381062264	1234.324888091184	0
4582	57437.19387042723	1234.32488362422	0
4583	57445.18014323033	1233.714465769524	0
4584	57445.18012365104	1233.714461002786	0
4585	57446.17911091772	1233.653070857657	0
4586	57445.18015970851	1233.714464866675	0
4587	57446.17923885471	1233.653080571676	0
4588	57446.1792375313	1233.653080445822	0
4589	57609.35225843831	1230.100076895921	0
4590	57609.35230464739	1230.100078762915	0
4591	57610.35305988472	1230.067029727687	0
4592	57609.35213696246	1230.100069437873	0
4593	57610.35302540412	1230.067025949314	0
4594	57610.35303203071	1230.067025730554	0
4595	57965.40640128026	1247.855270696573	0
4596	57965.40632563356	1247.855266620422	0
4597	57966.37539903937	1248.095867563451	0
4598	57965.40532625316	1247.855508094374	0
4599	57966.36673027107	1248.097481118587	0
4600	57966.37531831225	1248.095874604917	0
4601	58027.60761558494	1244.994164651312	0
4602	58027.6062902902	1244.993966858867	0
4603	58027.65478443332	1244.987193212746	0
4604	58027.66442464034	1244.985943411511	0
4605	58040.86860204519	1245.789567372618	0
4606	58040.86595326493	1245.786983640186	0
4607	58041.15715010893	1245.716907382615	0
4608	58040.86841338863	1245.789490171863	0
4609	58046.00612213859	1247.487522992222	0
4610	58046.00115640485	1247.495106207534	0
4611	58046.04520451082	1247.49030422943	0
4612	58046.05019983958	1247.490699014529	0
4613	58052.23593187876	1245.98318702954	0
4614	58052.23356102136	1245.992221746661	0
4615	58052.24748431997	1245.949894311708	0
4616	58052.23496373832	1245.983420741875	0
4617	58154.17327185137	1255.350719159922	0
4618	58154.17342050032	1255.350737805882	0
4619	58155.17352343219	1255.257363999488	0
4620	58154.19745196365	1255.395788829827	0
4621	58155.17409406931	1255.25733098647	0
4622	58155.17361530721	1255.257373513104	0
4623	58215.08002863598	1259.974792040195	0
4624	58215.07989678792	1259.974782833768	0
4625	58216.07198780626	1260.108260920078	0
4626	58215.08006396895	1259.974789363136	0
4627	58216.0723289431	1260.108285690761	0
4628	58216.07232894209	1260.108285690641	0
4629	58239.01291765771	1262.168199190912	0
4630	58239.01289392134	1262.168197774811	0
4631	58240.00731288062	1262.289364875177	0
4632	58239.01254468661	1262.168208418509	0
4633	58240.00714338019	1262.28962871425	0
4634	58240.00722724669	1262.289359145493	0
4635	58310.90338973929	1267.634653741118	0
4636	58310.90337201267	1267.634655767416	0
4637	58311.9034855795	1267.674562665265	0
4638	58310.90334808894	1267.634658388128	0
4639	58311.90348603586	1267.674564622295	0
4640	58311.9034975787	1267.674564610695	0
4641	58316.90821958037	1267.801741705772	0
4642	58316.90824479318	1267.801742603907	0
4643	58317.90923117204	1267.822633111149	0
4644	58316.90824099478	1267.801749817644	0
4645	58317.90925482878	1267.822639858876	0
4646	58317.90923132166	1267.822634838908	0
4647	58431.04769478102	1266.752470751379	0
4648	58431.04765908355	1266.752471171118	0
4649	58432.0487746103	1266.766698901718	0
4650	58431.04765851454	1266.752468982853	0
4651	58432.04879226206	1266.766700110956	0
4652	58432.0487792454	1266.766699916375	0
4653	58548.1673355365	1268.767176966276	0
4654	58548.16734204411	1268.767177296233	0
4655	58549.16856095641	1268.776674248779	0
4656	58548.16731002881	1268.767180862026	0
4657	58549.16854216794	1268.776685467562	0
4658	58549.16860833466	1268.776675219325	0
4659	58614.21221973244	1265.864673208372	0
4660	58614.2130920806	1265.864436635693	0
4661	58615.20730367097	1265.748546947934	0
4662	58614.21222049035	1265.864673949118	0
4663	58615.20346622589	1265.750111025758	0
4664	58615.20667191913	1265.748834876421	0
4665	58616.17474233224	1265.29878335309	0
4666	58616.13224198849	1265.315132479559	0
4667	58624.22111126684	1265.414902553602	0
4668	58616.15345941026	1265.304250022217	0
4669	58616.1914941996	1265.292102801121	0
4670	58616.17923443513	1265.2975820895	0
4671	58624.25505619506	1265.437788799281	0
4672	58624.25505619605	1265.437788799306	0
4673	58892.60871397416	1262.802211224084	0
4674	58892.60871397336	1262.802211223502	0
4675	58893.60867221481	1262.855414445706	0
4676	58892.60887505759	1262.802204476934	0
4677	58893.60880226666	1262.855412399027	0
4678	58893.60881517488	1262.855414688738	0
4679	58967.57792095618	1267.479379997641	0
4680	58967.57794470556	1267.479381262376	0
4681	58968.57581458306	1267.569169254992	0
4682	58967.57792886187	1267.479379494093	0
4683	58968.57584503768	1267.569166221673	0
4684	58968.57586643782	1267.569169347945	0
4685	59050.51422793691	1273.382500544754	0
4686	59050.51423186811	1273.382500285127	0
4687	59051.5154825101	1273.402832348022	0
4688	59050.51440716445	1273.382506031022	0
4689	59051.51614225777	1273.402851591365	0
4690	59051.51590406191	1273.402854523176	0
4691	59066.47516841262	1274.872704568626	0
4692	59066.47496992944	1274.872696363814	0
4693	59067.47124165946	1274.982586956178	0
4694	59066.47531696388	1274.872715807697	0
4695	59067.47150355913	1274.982593872706	0
4696	59067.47127983328	1274.98258925121	0
4697	59117.58466823184	1277.008435567907	0
4698	59117.58454431759	1277.008425773148	0
4699	59118.54507422585	1277.300762873401	0
4700	59117.58558898637	1277.00843060308	0
4701	59118.54545258743	1277.300790013293	0
4702	59118.54514077547	1277.300765539642	0
4703	59178.68195331026	1279.257840110163	0
4704	59178.66061933016	1279.263240883089	0
4705	59179.65418069351	1279.358870908904	0
4706	59179.6565906055	1279.359648025	0
4707	59180.7710308876	1278.80826930324	0
4708	59178.77459523459	1279.254436665571	0
4709	59180.74914636804	1278.811447088307	0
4710	59180.76538579042	1278.809758676596	0
4711	59182.71986124041	1278.305931678959	0
4712	59182.72339472772	1278.305429448357	0
4713	59183.72741691869	1278.143459703532	0
4714	59182.72003763381	1278.30596144558	0
4715	59183.7247132018	1278.144181447892	0
4716	59183.72475521535	1278.144203052521	0
4717	59185.59407291481	1278.445739369924	0
4718	59185.29899826437	1278.662975565357	0
4719	59185.90236379374	1278.371012212969	0
4720	59185.59513976773	1278.445713539527	0
4721	59187.76351017532	1278.484052609025	0
4722	59187.51834185351	1278.956923164719	0
4723	59187.90581670906	1278.081068513206	0
4724	59187.7637594086	1278.484025041774	0
4725	59188.73706037699	1277.850357517198	0
4726	59188.73795167253	1277.850230788762	0
4727	59189.75702713505	1277.703337569167	0
4728	59188.73759316143	1277.849881129613	0
4729	59189.75838892668	1277.702694829683	0
4730	59189.75740727683	1277.703129060746	0
4731	59210.80306060793	1276.18925738902	0
4732	59210.80285632588	1276.18929993004	0
4733	59212.78617282259	1276.016246131542	0
4734	59212.78715349265	1276.016096328834	0
4735	59213.84830301154	1275.898044474302	0
4736	59213.84748783441	1275.898157666286	0
4737	59214.67603320878	1275.783105419298	0
4738	59214.67636161677	1275.783233634316	0
4739	59215.72754227941	1275.593921578153	0
4740	59215.72857268365	1275.593596902675	0
4741	59216.69819550108	1275.314662513228	0
4742	59215.72201363158	1275.594881448483	0
4743	59216.69668094545	1275.314446115607	0
4744	59216.67740215852	1275.33514711382	0
4745	59217.07086369798	1274.491141608899	0
4746	59216.69527863325	1275.315061867612	0
4747	59217.38749825233	1274.658392118071	0
4748	59217.38749518901	1274.65839212858	0
4749	59218.59548227952	1274.484840730339	0
4750	59218.5862736808	1274.486246412759	0
4751	59220.15307992884	1274.169053194182	0
4752	59218.60502397407	1274.483339867906	0
4753	59220.03752276702	1274.196136846468	0
4754	59220.04050326814	1274.195414840712	0
4755	59228.35996056465	1273.993710056521	0
4756	59228.35278854623	1273.995804210859	0
4757	59229.35453572215	1274.078613443874	0
4758	59228.35939092036	1273.993762595361	0
4759	59229.35370178967	1274.078128137397	0
4760	59229.35446552738	1274.078122727055	0
4761	59256.83544275691	1270.13502668742	0
4762	59256.83867556282	1270.133456038419	0
4763	59257.90562026842	1269.710151368065	0
4764	59257.90245455095	1269.711723043614	0
4765	59259.42479949083	1268.953919543656	0
4766	59259.2848221798	1268.978347694102	0
4767	59259.29189632745	1268.809758320242	0
4768	59259.38078868249	1268.960558927171	0
4769	59259.5870799702	1268.951933374638	0
4770	59259.72489063541	1268.867008147949	0
4771	59259.99988302126	1268.800392805016	0
4772	59259.57956007859	1268.95180963379	0
4773	59259.33390292207	1268.947635205772	0
4774	59259.42334241872	1268.952270935286	0
4775	59395.85810276654	1264.312392042636	0
4776	59395.85823365949	1264.312373141021	0
4777	59396.81940056482	1264.597057684415	0
4778	59395.85877764518	1264.312327485755	0
4779	59396.81993222728	1264.597043698539	0
4780	59396.8195469999	1264.59704139299	0
4781	59593.94553624972	1256.614022183358	0
4782	59593.94534271674	1256.614037061609	0
4783	59594.93661221528	1256.755360532276	0
4784	59593.94557219938	1256.61402041926	0
4785	59594.93683459046	1256.755353390831	0
4786	59594.93679337516	1256.75535531026	0
4787	59632.97922569284	1257.899411247244	0
4788	59632.9790844265	1257.899414566796	0
4789	59633.9761251752	1257.992731380833	0
4790	59632.97924456033	1257.899411392196	0
4791	59633.97652012068	1257.992719783968	0
4792	59633.97612156771	1257.99273079541	0
4793	59647.9520191573	1259.063259847075	0
4794	59647.95202120473	1259.063259811994	0
4795	59648.94094710972	1259.214414288032	0
4796	59647.96560158762	1259.07473513568	0
4797	59648.93903613909	1259.215356796886	0
4798	59648.94089725609	1259.214415973467	0
4799	59697.02254632233	1259.558822666588	0
4800	59697.02258613482	1259.558822762217	0
4801	59698.02356224489	1259.542666209845	0
4802	59697.02295168295	1259.558827542045	0
4803	59698.02365840039	1259.542670223485	0
4804	59698.02353234574	1259.542667735614	0
4805	59779.98864671367	1254.786562524112	0
4806	59779.98862581446	1254.786563732953	0
4807	59780.98909081597	1254.760033453189	0
4808	59779.98868005754	1254.786561225619	0
4809	59780.98924756236	1254.760029903824	0
4810	59780.98909111319	1254.760033419357	0
4811	59860.8810421444	1249.174807028533	0
4812	59860.8810572584	1249.174806613832	0
4813	59861.88155393386	1249.147096690134	0
4814	59860.88115677957	1249.174800315381	0
4815	59861.88163468475	1249.147094405462	0
4816	59861.88154783419	1249.147097435801	0
4817	60044.93999666014	1242.255491546652	0
4818	60044.96941469516	1242.149460417951	0
4819	60045.89782272792	1242.468098257183	0
4820	60044.94000822896	1242.255491541705	0
4821	60045.910612151	1242.453618204523	0
4822	60045.91078547754	1242.453644323139	0
4823	60240.04042360614	1237.45333930067	0
4824	60240.04046672956	1237.453336795895	0
4825	60241.04014786204	1237.505308010007	0
4826	60240.04055744728	1237.453324490348	0
4827	60241.04024443907	1237.505299830493	0
4828	60241.04012117355	1237.505307769785	0
4829	60582.20371922882	1249.442253477141	0
4830	60582.20372453385	1249.442253393058	0
4831	60583.20404120793	1249.413519077049	0
4832	60582.20372588596	1249.442253643575	0
4833	60583.20409118261	1249.413519878166	0
4834	60583.20403883042	1249.413519088622	0
4835	60744.30245547205	1244.669482700561	0
4836	60744.30245297234	1244.669484667184	0
4837	60745.30319378772	1244.681746718044	0
4838	60744.30247318834	1244.669482189904	0
4839	60745.30322085604	1244.681742208635	0
4840	60745.30317928839	1244.681747216219	0
4841	60840.36311669891	1246.963160852049	0
4842	60840.36308872981	1246.963162158065	0
4843	60841.36186713073	1247.02460157375	0
4844	60840.36310367275	1246.963159080782	0
4845	60841.36189097312	1247.024599997238	0
4846	60841.3618968903	1247.024601982648	0
4847	60891.28952508084	1250.459066824842	0
4848	60891.28953603346	1250.459067537748	0
4849	60892.2875686432	1250.531168365663	0
4850	60891.28959745402	1250.459065748827	0
4851	60892.28759892993	1250.531168765031	0
4852	60892.28757854432	1250.531168993665	0
4853	60936.18896725648	1254.038347753348	0
4854	60936.18895198724	1254.038348052202	0
4855	60937.18692347111	1254.112520347136	0
4856	60936.18898668241	1254.038348420516	0
4857	60937.18694312742	1254.112521527104	0
4858	60937.18691706159	1254.112519931784	0
4859	61380.32017721724	1268.364314231326	0
4860	61380.32016725881	1268.364311703441	0
4861	61381.32096611353	1268.369019352275	0
4862	61380.32017306033	1268.364314146574	0
4863	61381.32099616032	1268.369022608588	0
4864	61381.32098981733	1268.369020653568	0
4865	61386.32257365937	1268.208076975378	0
4866	61386.32258629619	1268.20807755973	0
4867	61387.32216241037	1268.158725603388	0
4868	61386.3225840928	1268.208078438799	0
4869	61387.32218206545	1268.158729888554	0
4870	61387.32217368455	1268.158725535996	0
4871	61398.3065560469	1267.4198449338	0
4872	61398.30653029947	1267.419843683599	0
4873	61399.30482937833	1267.349523526055	0
4874	61398.30654841403	1267.4198452988	0
4875	61399.30480597354	1267.349525643767	0
4876	61399.30483146318	1267.349522728537	0
4877	61407.27965353771	1266.631507513522	0
4878	61407.27966925695	1266.631506553568	0
4879	61408.27829157095	1266.566791022185	0
4880	61407.27967134302	1266.631505448261	0
4881	61408.27830240614	1266.566791331104	0
4882	61408.27831460268	1266.566790635146	0
4883	61416.26066065193	1265.94541059836	0
4884	61416.26066357297	1265.945410665248	0
4885	61417.25798150442	1265.861490477885	0
4886	61416.26065194139	1265.945410800246	0
4887	61417.25797134879	1265.861490085697	0
4888	61417.25797347984	1265.861490113465	0
4889	61599.15843440817	1255.720751885426	0
4890	61599.15843278953	1255.72075188138	0
4891	61600.15931253539	1255.721757435555	0
4892	61599.16043520376	1255.714611159929	0
4893	61600.15894002862	1255.719418901956	0
4894	61600.1593076661	1255.721757276017	0
4895	61615.16096826831	1255.137437709961	0
4896	61615.16102157336	1255.137435406408	0
4897	61616.16145842768	1255.112919258199	0
4898	61615.16103917975	1255.137424333737	0
4899	61616.1614456553	1255.112917048794	0
4900	61616.16144483543	1255.112917238594	0
4901	61884.42329904518	1255.130417332363	0
4902	61884.42328119437	1255.130416043196	0
4903	61885.42340336691	1255.164263554947	0
4904	61884.42332236333	1255.130412419219	0
4905	61885.42347414059	1255.164263515162	0
4906	61885.4234549718	1255.164262712589	0
4907	62151.25130682243	1271.362110432189	0
4908	62151.25130684407	1271.362110240615	0
4909	62152.25042039408	1271.420206923023	0
4910	62151.25128913561	1271.362109150934	0
4911	62152.25037917149	1271.420204574216	0
4912	62152.25042039308	1271.420206922915	0
4913	62240.19697669293	1276.587682977389	0
4914	62240.19697546359	1276.587682959871	0
4915	62241.19710910606	1276.623838029996	0
4916	62240.19700744366	1276.5876876816	0
4917	62241.19715472799	1276.623842803026	0
4918	62241.19711711063	1276.623837028475	0
4919	62529.3835775588	1269.59191905199	0
4920	62529.38359148894	1269.591917836057	0
4921	62530.38227055997	1269.531556154302	0
4922	62529.38334670594	1269.591973781483	0
4923	62530.38408889159	1269.546601015303	0
4924	62530.38227236579	1269.531556484467	0
4925	62562.31245846091	1267.036586456963	0
4926	62562.31245887082	1267.036586067023	0
4927	62563.31267347177	1267.012112864348	0
4928	62562.31246595385	1267.036585207999	0
4929	62563.31266327359	1267.012112705988	0
4930	62563.31268153081	1267.01211328156	0
4931	63021.58422269965	1268.579070425641	0
4932	63021.58422069757	1268.579070421396	0
4933	63022.58474069501	1268.569802148199	0
4934	63021.58421742979	1268.579070143256	0
4935	63022.58474925708	1268.569800617622	0
4936	63022.58474069602	1268.569802148213	0
4937	63273.7320562148	1271.625183745849	0
4938	63273.73204126687	1271.625183894192	0
4939	63274.73245075312	1271.607113247209	0
4940	63273.73204058002	1271.625185638708	0
4941	63274.73239429622	1271.607117827624	0
4942	63274.7324720033	1271.607112207828	0
4943	63345.74876264251	1268.923180532885	0
4944	63345.74875382653	1268.923180059856	0
4945	63346.7493568424	1268.936345418046	0
4946	63345.74880365046	1268.923175188362	0
4947	63346.74938110077	1268.936341897985	0
4948	63346.7493788623	1268.936345897709	0
4949	63348.75104273235	1268.965965154337	0
4950	63348.75105260358	1268.96596486247	0
4951	63349.75100556293	1269.005160997674	0
4952	63348.75104166232	1268.965962065422	0
4953	63349.75102033093	1269.005154727667	0
4954	63349.75102481044	1269.005161115698	0
4955	63579.5849038379	1282.252603492008	0
4956	63579.58495135321	1282.252604769003	0
4957	63580.58504187215	1282.286832156999	0
4958	63579.58490888698	1282.252603611979	0
4959	63580.58505543511	1282.286833676528	0
4960	63580.58502657849	1282.28683243018	0
4961	63582.58637140139	1282.327903209428	0
4962	63582.58637156396	1282.327903094881	0
4963	63583.58712263707	1282.342503265228	0
4964	63582.58639837825	1282.327905465816	0
4965	63583.58711074269	1282.342504317014	0
4966	63583.58713450243	1282.342503656501	0
4967	63654.66110210571	1281.60910073468	0
4968	63654.66112483829	1281.60910170543	0
4969	63655.66116376622	1281.656066485798	0
4970	63654.66106566363	1281.609053519169	0
4971	63655.66132353909	1281.655996993182	0
4972	63655.66114242345	1281.656065540362	0
4973	63756.56573299878	1288.163900983015	0
4974	63756.56576053933	1288.163902471798	0
4975	63757.56520626498	1288.218211274294	0
4976	63756.56574891743	1288.163902201087	0
4977	63757.56524240132	1288.218213346556	0
4978	63757.5652578459	1288.218214045528	0
4979	63917.56926645233	1295.299287873252	0
4980	63917.56926611561	1295.299287630172	0
4981	63918.5681074137	1295.362614672374	0
4982	63917.56926645133	1295.299287873121	0
4983	63918.56817383369	1295.362618334601	0
4984	63918.56816217505	1295.362618103769	0
4985	63987.47013604624	1300.374298125021	0
4986	63987.47014099098	1300.374298711438	0
4987	63988.46994977489	1300.424646505534	0
4988	63987.47009128452	1300.374296761118	0
4989	63988.46991809634	1300.424647218088	0
4990	63988.46993883761	1300.424646426498	0
4991	64041.44567008211	1303.476673526614	0
4992	64041.44567383301	1303.476673139311	0
4993	64042.44637153857	1303.508848701624	0
4994	64041.44564516861	1303.476677227701	0
4995	64042.44639781499	1303.508855723035	0
4996	64042.44637636153	1303.508848703322	0
4997	64221.68472701385	1304.75724045264	0
4998	64221.68474355032	1304.757238901997	0
4999	64222.6855631572	1304.73391591855	0
5000	64221.68473345736	1304.757242094454	0
5001	64222.68562793169	1304.733917611152	0
5002	64222.68565069249	1304.733915270542	0
5003	64230.68961318149	1304.431769916505	0
5004	64230.68960917516	1304.431771254976	0
5005	64231.68972859193	1304.384265895855	0
5006	64230.6895945777	1304.431770707448	0
5007	64231.6897263785	1304.384263545973	0
5008	64231.6897402993	1304.384263478805	0
5009	64329.63554521805	1298.442896607944	0
5010	64329.63557915712	1298.442894561418	0
5011	64330.63471473654	1298.380379280905	0
5012	64329.63556729319	1298.442895711553	0
5013	64330.63467556392	1298.380382179863	0
5014	64330.63470598061	1298.380380131558	0
5015	64450.55076141116	1291.121757517252	0
5016	64450.55075171253	1291.121758105147	0
5017	64451.54975668061	1291.058737824576	0
5018	64450.55076675947	1291.121756870727	0
5019	64451.54979193536	1291.058735344716	0
5020	64451.54974025509	1291.058738894875	0
5021	64458.54579319584	1290.673465398156	0
5022	64458.54579781807	1290.673465211581	0
5023	64459.54480304689	1290.608773567539	0
5024	64458.54574242718	1290.673469564161	0
5025	64459.54482421545	1290.608772127523	0
5026	64459.54479950708	1290.608773949018	0
5027	64671.3398591326	1277.088270857924	0
5028	64671.33986361181	1277.088270138452	0
5029	64672.33793704656	1277.01138491082	0
5030	64671.33981273628	1277.088273900622	0
5031	64672.33786368772	1277.011384340043	0
5032	64672.33791724245	1277.011386080623	0
5033	64767.20515522423	1270.31580454167	0
5034	64767.20515318328	1270.315804796189	0
5035	64768.20353866612	1270.24645439162	0
5036	64767.20513124698	1270.315803717555	0
5037	64768.20357758893	1270.246450627163	0
5038	64768.20358495716	1270.246449966312	0
5039	64920.03942653472	1260.136787598922	0
5040	64920.03943121987	1260.136785366328	0
5041	64921.03862806138	1260.083402747597	0
5042	64920.03943121339	1260.136787342816	0
5043	64921.03873232796	1260.083407585633	0
5044	64921.03871137503	1260.083408324935	0
5045	65118.04798665827	1251.039879460985	0
5046	65118.0480098699	1251.039879603171	0
5047	65119.04830859292	1251.003053575909	0
5048	65118.04800799973	1251.039869562899	0
5049	65119.04824267953	1251.003051301244	0
5050	65119.04827135875	1251.003051840185	0
5051	65456.42702157853	1250.152151701469	0
5052	65456.42702900852	1250.152152954555	0
5053	65457.42766988671	1250.168132166243	0
5054	65456.42703114053	1250.152146917548	0
5055	65457.42766298062	1250.168127808603	0
5056	65457.42765732601	1250.168127745007	0
5057	65615.46434551865	1257.171455744446	0
5058	65615.46433241165	1257.171455169177	0
5059	65616.46463813598	1257.21126459725	0
5060	65615.46436163154	1257.171455452444	0
5061	65616.46460136276	1257.211262476302	0
5062	65616.46461038417	1257.211263407147	0
5063	65750.50971505532	1263.007308545291	0
5064	65750.50974352445	1263.007308715972	0
5065	65751.51073622252	1263.022412459184	0
5066	65750.50976799024	1263.007312047281	0
5067	65751.51077593694	1263.022417555641	0
5068	65751.51073391628	1263.022411217089	0
5069	65761.52045146181	1262.849388393028	0
5070	65761.52047953327	1262.849390713625	0
5071	65762.52101078068	1262.827716356991	0
5072	65761.52040743403	1262.849391841607	0
5073	65762.52099834464	1262.827718430961	0
5074	65762.52099959957	1262.827717715644	0
5075	65892.57128721182	1257.792934480638	0
5076	65892.57126415437	1257.792935648836	0
5077	65893.57047581265	1257.73427826761	0
5078	65892.57131149984	1257.792936880789	0
5079	65893.57048240898	1257.734278320536	0
5080	65893.57047563503	1257.734278174257	0
5081	65998.49951907844	1251.520589237287	0
5082	65998.49951294943	1251.520589675691	0
5083	65999.49810928159	1251.452733334326	0
5084	65998.49952213469	1251.520601948328	0
5085	65999.49807906957	1251.452736867893	0
5086	65999.49810438658	1251.452733795277	0
5087	66040.41910077288	1248.251464007129	0
5088	66040.4190966	1248.251464014385	0
5089	66041.41791160469	1248.187120075068	0
5090	66040.41918640884	1248.25145218783	0
5091	66041.4178990956	1248.187117533791	0
5092	66041.41791489272	1248.187120202781	0
5093	66106.4688745804	1246.587731211385	0
5094	66106.46889034534	1246.587729496464	0
5095	66107.46849476628	1246.535327879054	0
5096	66106.46885521666	1246.587729786456	0
5097	66107.46851762966	1246.535327253289	0
5098	66107.4685043268	1246.535326698887	0
5099	66133.43658676749	1244.774743234996	0
5100	66133.43661177065	1244.774746635963	0
5101	66134.43699815948	1244.739222873612	0
5102	66133.4365774261	1244.774742758595	0
5103	66134.43696320435	1244.739219687022	0
5104	66134.43699766096	1244.739221189995	0
5105	66301.56487894739	1240.154082885638	0
5106	66301.56486357842	1240.154083181825	0
5107	66302.56597386888	1240.171775454176	0
5108	66301.56490471316	1240.154081471585	0
5109	66302.56594939658	1240.171766561508	0
5110	66302.56600227917	1240.171776350173	0
5111	66396.61630689944	1243.55151962569	0
5112	66396.6162881011	1243.551519633153	0
5113	66397.61655567048	1243.583102395521	0
5114	66396.61631346974	1243.551519742566	0
5115	66397.6166543451	1243.583103822102	0
5116	66397.61665702646	1243.583104939075	0
5117	66832.86333423891	1256.918887652677	0
5118	66832.86333048643	1256.918887106351	0
5119	66833.86327991105	1256.966717919643	0
5120	66832.86337217232	1256.918885221976	0
5121	66833.86328657696	1256.966716334806	0
5122	66833.86324754456	1256.966716210351	0
5123	66922.69088105744	1263.913160730543	0
5124	66922.69089972854	1263.913162252073	0
5125	66924.68562071444	1264.084234909339	0
5126	66922.69088932269	1263.913162305489	0
5127	66924.68560085131	1264.084233837745	0
5128	66924.68562514437	1264.084235220372	0
5129	67048.65957329742	1270.409023272704	0
5130	67048.65969944518	1270.409032098994	0
5131	67049.65837812604	1270.476496811037	0
5132	67048.65959582661	1270.409024855752	0
5133	67049.65832603682	1270.476493077148	0
5134	67049.6583702692	1270.476495760142	0
5135	67111.54183756176	1275.271700038061	0
5136	67111.54185293321	1275.271699848324	0
5137	67112.53803110274	1275.372136234245	0
5138	67111.54171579797	1275.271695062967	0
5139	67112.53791351375	1275.372130637388	0
5140	67112.53802899757	1275.372136269603	0
5141	67135.54482664732	1276.353969908047	0
5142	67135.5448351666	1276.353970193455	0
5143	67136.54306922964	1276.434582533787	0
5144	67135.54479285362	1276.35396580217	0
5145	67136.54290227263	1276.434572998055	0
5146	67136.54297180378	1276.434577451995	0
5147	67201.42947277406	1281.846487966375	0
5148	67201.42949691392	1281.846471627716	0
5149	67202.41771780045	1281.696877922582	0
5150	67201.42819206943	1281.846386566055	0
5151	67202.41573146349	1281.696719619063	0
5152	67202.41807985082	1281.696904185686	0
5153	67212.54496349144	1283.232583286822	0
5154	67212.52737257213	1283.233375314877	0
5155	67212.55177541319	1283.232420848071	0
5156	67212.54661041999	1283.232321407501	0
5157	67215.95084362436	1282.611003171117	0
5158	67215.94869414633	1282.611395199012	0
5159	67216.28796052243	1282.602807557041	0
5160	67216.28794806081	1282.602808828532	0
5161	67415.86229104994	1287.906775086352	0
5162	67415.8623101316	1287.906776911029	0
5163	67416.86315215859	1287.884167722245	0
5164	67415.86215155083	1287.906768519471	0
5165	67416.86300283609	1287.884160037815	0
5166	67416.86317860286	1287.884166870376	0
5167	67421.86893146354	1287.793313871137	0
5168	67421.86899594995	1287.793322927808	0
5169	67422.86863679852	1287.735866207271	0
5170	67421.86896181683	1287.79331312223	0
5171	67422.8685738311	1287.735861028811	0
5172	67422.86865160501	1287.735862924078	0
5173	67451.86285119422	1286.142721985818	0
5174	67451.86279415269	1286.142715426124	0
5175	67452.8624852942	1286.0846565288	0
5176	67451.86284944473	1286.142722651222	0
5177	67452.86260013576	1286.084665717034	0
5178	67452.86255925964	1286.084652616592	0
5179	67499.81553291442	1282.932723165852	0
5180	67499.81555384494	1282.932720862028	0
5181	67500.81438788574	1282.863945061054	0
5182	67499.81555430437	1282.932722333411	0
5183	67500.8143878112	1282.863948139277	0
5184	67500.81440154492	1282.863946596311	0
5185	67504.8111847415	1282.617476935444	0
5186	67504.81123141412	1282.617475485693	0
5187	67505.81011443745	1282.554509800421	0
5188	67504.81126064024	1282.617476013217	0
5189	67505.81015794305	1282.554509829821	0
5190	67505.81012436814	1282.5545093562	0
5191	67563.72870769823	1278.41270160722	0
5192	67563.72871243587	1278.412701213271	0
5193	67564.7278757887	1278.351323642183	0
5194	67563.72871632664	1278.412700662573	0
5195	67564.72789208218	1278.351323271661	0
5196	67564.72790759584	1278.351323464451	0
5197	67767.79035111447	1270.445037715422	0
5198	67767.79033012735	1270.445037220435	0
5199	67768.79020275633	1270.396481766378	0
5200	67767.79035118551	1270.445037023691	0
5201	67768.79020820133	1270.396480095527	0
5202	67768.79019551162	1270.39648219029	0
5203	67808.82367583702	1269.439348536812	0
5204	67808.82367821893	1269.439347348189	0
5205	67809.82481902311	1269.442755193656	0
5206	67808.82367679116	1269.439347579118	0
5207	67809.82481938027	1269.442758281788	0
5208	67809.82483302706	1269.442758254623	0
5209	67842.84277522689	1270.592022579643	0
5210	67842.84281974778	1270.592023893497	0
5211	67843.84255326871	1270.639819865905	0
5212	67842.84276804113	1270.592008864489	0
5213	67843.84255578669	1270.639810122578	0
5214	67843.84254629057	1270.639819781923	0
5215	67895.84859108573	1273.096958469624	0
5216	67895.84855542507	1273.096956650545	0
5217	67896.84892801289	1273.135162630673	0
5218	67895.84860521689	1273.096958610756	0
5219	67896.84898984426	1273.135164330815	0
5220	67896.8489296466	1273.135162085762	0
5221	67973.91014425069	1275.454513211693	0
5222	67973.91014236957	1275.454513615353	0
5223	67974.91113062698	1275.450636425187	0
5224	67973.91018036695	1275.454515997887	0
5225	67974.91115310192	1275.450637703844	0
5226	67974.91113157323	1275.450635302341	0
5227	67994.91464240302	1274.551390991691	0
5228	67994.91464070967	1274.551392114185	0
5229	67995.91371009155	1274.493414070811	0
5230	67994.91463892721	1274.551395252652	0
5231	67995.91374063215	1274.493413870669	0
5232	67995.91370963617	1274.493414276996	0
5233	68081.82874547632	1268.922027075163	0
5234	68081.82877742557	1268.922025376503	0
5235	68082.82797784181	1268.860772284733	0
5236	68081.82872565973	1268.922027906133	0
5237	68082.82800905703	1268.86077114771	0
5238	68082.82801461004	1268.860771696494	0
5239	68366.73979524549	1255.119938146295	0
5240	68366.73977683572	1255.119938820176	0
5241	68367.73825803559	1255.051525848614	0
5242	68366.73975057647	1255.1199389753	0
5243	68367.73824734392	1255.051524767895	0
5244	68367.73825291698	1255.051525879905	0
5245	68666.6807351803	1241.21605649504	0
5246	68666.68073741975	1241.216056313946	0
5247	68667.68017984225	1241.156790862344	0
5248	68666.68072101678	1241.216057018504	0
5249	68667.68007527592	1241.156783316667	0
5250	68667.68017771441	1241.156790810661	0
5251	68668.68123039519	1241.179433860357	0
5252	68667.68006464787	1241.156783017164	0
5253	68668.68109388414	1241.179428156001	0
5254	68668.68121572904	1241.179434157408	0
5255	68708.69617599429	1242.591956867142	0
5256	68708.6961953142	1242.591957232886	0
5257	68709.69695439568	1242.610526243968	0
5258	68708.6961851957	1242.591957013185	0
5259	68709.69696786921	1242.610527364513	0
5260	68709.69696191829	1242.61052683498	0
5261	68735.70849467977	1243.592220388473	0
5262	68735.708519893	1243.592220762441	0
5263	68736.70955571832	1243.594733475903	0
5264	68735.70849549939	1243.592222659376	0
5265	68736.70950662682	1243.594740661915	0
5266	68736.70953508775	1243.594739952049	0
5267	68852.74247623919	1238.923604647671	0
5268	68852.74249800606	1238.92360309062	0
5269	68853.74106019986	1238.857989730849	0
5270	68852.74243197389	1238.923606794517	0
5271	68853.74105315041	1238.857987098582	0
5272	68853.74111412	1238.857986603673	0
5273	68933.63642663998	1233.268522019746	0
5274	68933.63645854086	1233.268522752487	0
5275	68934.63568693009	1233.210262073377	0
5276	68933.63643160884	1233.26852176053	0
5277	68934.63568083412	1233.210257907635	0
5278	68934.63573587497	1233.210261535127	0
5279	69317.93976667209	1222.76029804715	0
5280	69317.93974691469	1222.760297262601	0
5281	69318.94074587282	1222.759336890757	0
5282	69317.93967851272	1222.760287267396	0
5283	69318.94074852415	1222.759336316311	0
5284	69318.94073565488	1222.759335772748	0
5285	69609.23954412431	1229.489711631807	0
5286	69609.23960972359	1229.489714157479	0
5287	69610.24096751038	1229.482325407676	0
5288	69609.23961991607	1229.489707609715	0
5289	69610.24102930189	1229.482299024008	0
5290	69610.24077118319	1229.482316440064	0
5291	69704.1312320084	1236.344898598246	0
5292	69704.09851423136	1236.342133757174	0
5293	69704.1264946461	1236.345908165263	0
5294	69704.1311694663	1236.344900340437	0
5295	69776.72514713442	1236.072437989908	0
5296	69776.49226796802	1235.979478055188	0
5297	69776.3307795478	1236.016691005013	0
5298	69776.72936845422	1236.073574223043	0
5299	69776.84090517706	1236.101762581075	0
5300	69776.8503430484	1236.10409829833	0
5301	69846.84375116954	1240.691613411708	0
5302	69846.84391432305	1240.691618573932	0
5303	69847.78461510793	1241.037640841501	0
5304	69846.84336240162	1240.69159481602	0
5305	69847.78404753245	1241.037646317329	0
5306	69847.78413266843	1241.037632184381	0
5307	69971.86305366008	1247.489385817227	0
5308	69971.86276856461	1247.489344489203	0
5309	69972.83317550583	1247.748538791798	0
5310	69971.86358527537	1247.489365070913	0
5311	69972.83326110404	1247.748537582196	0
5312	69972.83333238238	1247.748546385731	0
5313	70026.95698761597	1250.632287629585	0
5314	70026.95703365238	1250.632281130244	0
5315	70027.93044112809	1250.879845623182	0
5316	70026.956096596	1250.632313632521	0
5317	70027.92862523155	1250.879990135274	0
5318	70027.93049537446	1250.879844282312	0
5319	70060.20578125169	1249.71740487951	0
5320	70059.89660981996	1249.949567984738	0
5321	70062.19769418269	1248.806375721387	0
5322	70060.20577614041	1249.717405716473	0
5323	70062.20851909122	1248.791941444392	0
5324	70062.21070347962	1248.788831190081	0
5325	70063.06659076456	1248.131398891424	0
5326	70063.02524589366	1248.12988541732	0
5327	70062.14473822457	1246.308494514403	0
5328	70063.06574464406	1248.133841248001	0
5329	70064.07977302521	1247.377974123292	0
5330	70064.06672869824	1247.374013856227	0
5331	70062.55880337229	1246.430597623183	0
5332	70062.55691755563	1246.434650039654	0
5333	70062.44691473636	1245.325881090942	0
5334	70062.44699519061	1245.324083957802	0
5335	70064.73360368938	1244.925468570748	0
5336	70062.44613518444	1245.326250563119	0
5337	70064.73283401137	1244.870778359193	0
5338	70064.73203240085	1244.870953073512	0
5339	70065.10854130978	1245.932809358152	0
5340	70065.11339324585	1245.91801921233	0
5341	70064.1946842316	1247.307305010479	0
5342	70065.04809433391	1245.958446308936	0
5343	70064.10831632995	1247.36348341646	0
5344	70064.07979476935	1247.377975073777	0
5345	70068.57110279845	1249.191667397177	0
5346	70068.57539503809	1249.19272475549	0
5347	70070.81611711369	1249.664290629049	0
5348	70070.81187070755	1249.662861013233	0
5349	70077.50274814974	1251.312897370739	0
5350	70077.50498363009	1251.313494913909	0
5351	70077.53537557597	1251.314583057769	0
5352	70077.53281741141	1251.313759444802	0
5353	70225.58044574849	1253.732227239961	0
5354	70225.58018003296	1253.732234372749	0
5355	70226.57062007484	1253.554588512463	0
5356	70225.5813386862	1253.732296852457	0
5357	70226.5718690237	1253.554622670964	0
5358	70226.5707608714	1253.554601328542	0
5359	70233.5950776673	1253.527484148894	0
5360	70233.59516056295	1253.52748541064	0
5361	70234.58000677809	1253.650045529107	0
5362	70233.59983641133	1253.528621087421	0
5363	70234.56581765373	1253.682540060339	0
5364	70234.58014510092	1253.650034386234	0
5365	70262.61448543216	1251.454761377469	0
5366	70262.6144587181	1251.45476346224	0
5367	70263.59874242923	1251.258513137745	0
5368	70262.61574622564	1251.454807241121	0
5369	70263.59919050545	1251.258508044128	0
5370	70263.59886954568	1251.258507144179	0
5371	70275.60654179801	1250.501652243801	0
5372	70275.60656981394	1250.50165005345	0
5373	70276.59642741227	1250.34909869145	0
5374	70275.60753713956	1250.503686908925	0
5375	70276.59724916457	1250.35477786189	0
5376	70276.59638802541	1250.349102021158	0
5377	70307.51267812066	1247.279076651869	0
5378	70307.51263841349	1247.279071843778	0
5379	70308.49559135659	1247.082701898133	0
5380	70307.51269754666	1247.279075394853	0
5381	70308.4959540019	1247.082701907466	0
5382	70308.49575820446	1247.082705150322	0
5383	70367.4683569051	1242.976815354324	0
5384	70367.4684303831	1242.976804627746	0
5385	70368.45471937765	1242.79972276973	0
5386	70367.46885550933	1242.976801973116	0
5387	70368.45519033607	1242.799698796964	0
5388	70368.4547334383	1242.799722127388	0
5389	70437.31599308667	1236.587074724086	0
5390	70437.12403500307	1236.652947917042	0
5391	70437.31280972669	1236.586252740324	0
5392	70437.31697250064	1236.587035363415	0
5393	70446.40185765678	1236.452430609464	0
5394	70446.38322338264	1236.447880114889	0
5395	70446.52905843323	1236.480021473543	0
5396	70446.40185799354	1236.452430609268	0
5397	70457.52429940397	1234.021228647112	0
5398	70457.52235489074	1234.021363218843	0
5399	70457.59968247413	1234.012073600023	0
5400	70457.60188848912	1234.011915704613	0
5401	70464.26250755673	1233.250410370403	0
5402	70464.27370843658	1233.249691074062	0
5403	70464.33976045513	1233.245309849239	0
5404	70464.33261863061	1233.24586329881	0
5405	70477.77555487584	1234.13110734468	0
5406	70477.74960766087	1234.133310236856	0
5407	70477.78540595446	1234.130222404471	0
5408	70477.77571854604	1234.131118027896	0
5409	70606.01430314893	1228.035688818895	0
5410	70606.01431366455	1228.035688317645	0
5411	70607.01286573088	1227.953432147512	0
5412	70606.01453185471	1228.035683365713	0
5413	70607.01301678311	1227.953436265094	0
5414	70607.01285471884	1227.953433414356	0
5415	70609.00951144853	1227.785787495768	0
5416	70609.00955214284	1227.785786452642	0
5417	70610.00799578434	1227.707874057259	0
5418	70609.00970045352	1227.785780910833	0
5419	70610.00821412771	1227.707873076417	0
5420	70610.00801941333	1227.707873349408	0
5421	70647.90250952987	1224.143071822797	0
5422	70647.90242051185	1224.143076360516	0
5423	70648.90021776978	1224.063154670636	0
5424	70647.90264996738	1224.143056902244	0
5425	70648.90046906617	1224.063139190479	0
5426	70648.90024563667	1224.063151998139	0
5427	70701.85860722311	1220.516973783892	0
5428	70701.85857935989	1220.516973805226	0
5429	70702.85584001738	1220.428917469516	0
5430	70701.8591159686	1220.516938414016	0
5431	70702.85593485282	1220.428904688112	0
5432	70702.85582988153	1220.428918025875	0
5433	70866.93775218312	1213.572834259008	0
5434	70866.93772344617	1213.572832088826	0
5435	70867.93789158593	1213.522323678543	0
5436	70866.93782913036	1213.57282966614	0
5437	70867.93793511295	1213.522322880739	0
5438	70867.93786931536	1213.522325435663	0
5439	70896.92430424894	1211.724036571964	0
5440	70896.92425413232	1211.72403745406	0
5441	70897.92564416261	1211.707049734717	0
5442	70896.92438173675	1211.724025180446	0
5443	70897.92577561393	1211.707035185646	0
5444	70897.9256595569	1211.707049931956	0
5445	71113.23469910459	1209.988126155421	0
5446	71113.23471465521	1209.988126101977	0
5447	71114.23558271382	1210.017496296241	0
5448	71113.23471537849	1209.988121973161	0
5449	71114.23591027336	1210.017457873702	0
5450	71114.23564701091	1210.01749760306	0
5451	71153.24342075485	1212.096235380299	0
5452	71153.24340816235	1212.096235173277	0
5453	71154.24377580002	1212.134470594098	0
5454	71153.24346237906	1212.096234614704	0
5455	71154.24393864113	1212.134461154486	0
5456	71154.24384464443	1212.134474673552	0
5457	71293.38564805355	1215.815009897573	0
5458	71293.38563876835	1215.815009696453	0
5459	71294.38452112046	1215.882380871042	0
5460	71293.38583974057	1215.814990358586	0
5461	71294.3845832943	1215.882378480882	0
5462	71294.38453273565	1215.882382588711	0
5463	71455.58142606134	1225.575851996434	0
5464	71455.58372255607	1225.5761713998	0
5465	71456.042945391	1225.641593711535	0
5466	71456.03850749976	1225.641140237254	0
5467	71456.12220300612	1225.652283725541	0
5468	71456.12816176651	1225.652635815127	0
5469	71457.54690799935	1225.734774504665	0
5470	71457.5529481266	1225.734444075482	0
5471	71458.00294013272	1225.723284379277	0
5472	71458.01176140676	1225.723321328929	0
5473	71553.24991944464	1231.739780646142	0
5474	71553.24982217734	1231.739775490134	0
5475	71554.24875083973	1231.801389637795	0
5476	71553.25004982346	1231.739786594006	0
5477	71554.24883227955	1231.801395268316	0
5478	71554.24878531689	1231.80139186341	0
5479	71726.27554170767	1239.229282285615	0
5480	71726.27552115772	1239.229280238757	0
5481	71727.27427737319	1239.295723898659	0
5482	71726.27558519092	1239.229283644449	0
5483	71727.27418867967	1239.29571775687	0
5484	71727.27428561219	1239.295723347409	0
5485	71729.26904169717	1239.466292212565	0
5486	71729.26911949395	1239.46629882727	0
5487	71730.26752033099	1239.540729625623	0
5488	71729.2690697611	1239.466294491645	0
5489	71730.26745621438	1239.540723686624	0
5490	71730.26751927543	1239.540729365696	0
5491	71756.17675448631	1242.048502999026	0
5492	71756.1767582708	1242.048503194725	0
5493	71757.17205091173	1242.146399696476	0
5494	71756.17671258518	1242.048500597264	0
5495	71757.17206975297	1242.14640215764	0
5496	71757.17203809539	1242.146399132219	0
5497	71796.16113050983	1245.404579613315	0
5498	71796.161248413	1245.404591794959	0
5499	71796.97503803071	1245.463704126232	0
5500	71796.9787498184	1245.463971633588	0
5501	71965.8859836277	1256.544588899898	0
5502	71965.88601095241	1256.544589936944	0
5503	71966.88562054731	1256.590321014586	0
5504	71965.88600129934	1256.544592538476	0
5505	71966.88560261164	1256.590323302045	0
5506	71966.88562510346	1256.590321276968	0
5507	72146.05380761609	1260.646111818206	0
5508	72146.05380284929	1260.646111258957	0
5509	72147.05485339655	1260.632450493807	0
5510	72146.05388801885	1260.646122212367	0
5511	72147.05492852675	1260.632457493853	0
5512	72147.05487976753	1260.63245698412	0
5513	72182.07580448207	1259.430614120799	0
5514	72182.07578492397	1259.430613821081	0
5515	72183.07622740691	1259.408618577165	0
5516	72182.07582823507	1259.430612580949	0
5517	72183.07625106393	1259.408619012005	0
5518	72183.07624872515	1259.408619093497	0
5519	72325.27448583409	1256.855382104939	0
5520	72325.27448457794	1256.85538290145	0
5521	72326.23335835253	1256.566187011982	0
5522	72325.27606508398	1256.856605974322	0
5523	72326.21774660112	1256.559253697526	0
5524	72326.23336698522	1256.566188386814	0
5525	72452.17775793877	1265.108280492504	0
5526	72452.1777591315	1265.108280489286	0
5527	72453.17699979534	1265.169340277602	0
5528	72452.17774571152	1265.108277418731	0
5529	72453.17701824338	1265.169330091195	0
5530	72453.17709346503	1265.169346817392	0
5531	72470.14171195787	1266.572134035406	0
5532	72470.14170548771	1266.57213548782	0
5533	72471.13956420301	1266.65540403003	0
5534	72470.14172383878	1266.572132211808	0
5535	72471.13960941078	1266.655400228361	0
5536	72471.13956784247	1266.655403530135	0
5537	72558.96685019738	1273.974533808661	0
5538	72558.96693351609	1273.974554218362	0
5539	72560.95858243847	1274.181943365054	0
5540	72558.96697062769	1273.974544416858	0
5541	72560.95861581495	1274.181938383467	0
5542	72560.95859614166	1274.181945060005	0
5543	72567.87970795835	1275.32841844246	0
5544	72567.8725350817	1275.356106797248	0
5545	72568.88303706117	1275.280955658448	0
5546	72567.87975406094	1275.328417994234	0
5547	72568.88366007633	1275.279891928577	0
5548	72568.88364237908	1275.279893796237	0
5549	72785.13661776402	1281.220981368174	0
5550	72785.13661578373	1281.22098153773	0
5551	72786.13808345224	1281.253682259547	0
5552	72785.13665669211	1281.22098329377	0
5553	72786.13824294772	1281.253692703786	0
5554	72786.13817079953	1281.253680187797	0
5555	72787.13165968345	1281.38773151778	0
5556	72786.1051355649	1281.538849068032	0
5557	72787.11084574158	1281.491621350002	0
5558	72787.1316491295	1281.387731546344	0
5559	72825.11882037189	1278.941353683277	0
5560	72825.11881874051	1278.941354185199	0
5561	72826.11752050006	1278.871190433362	0
5562	72825.11885068368	1278.941354353552	0
5563	72826.11752458953	1278.871191490986	0
5564	72826.11752509966	1278.871189970926	0
5565	72845.08896092724	1277.431361724513	0
5566	72845.08905707323	1277.431355035669	0
5567	72846.08847648444	1277.369233038081	0
5568	72845.08916387029	1277.43135310198	0
5569	72846.08852260944	1277.369232054431	0
5570	72846.08859206081	1277.36922722062	0
5571	73062.08264755746	1266.121626950623	0
5572	73062.08265048542	1266.121624395473	0
5573	73063.08167682082	1266.058619596712	0
5574	73062.08265223828	1266.121626268122	0
5575	73063.08175535561	1266.058617678831	0
5576	73063.08165674028	1266.058619717661	0
5577	73094.07138940386	1264.242907245937	0
5578	73094.07141234016	1264.242911290849	0
5579	73095.07229238431	1264.224623622923	0
5580	73094.07138940488	1264.242907245885	0
5581	73095.07230238293	1264.224622337361	0
5582	73095.07227520877	1264.224624239473	0
5583	73178.16930210701	1265.460651201483	0
5584	73178.16930538273	1265.460652856032	0
5585	73179.16901848617	1265.5080372528	0
5586	73178.16944564844	1265.460639335706	0
5587	73179.16907774366	1265.508037064852	0
5588	73179.16907500406	1265.508036879672	0
5589	73196.15984764436	1266.498977551178	0
5590	73196.15985496269	1266.498978983453	0
5591	73197.15807886433	1266.57233788638	0
5592	73196.15987913404	1266.498977582555	0
5593	73197.15813800445	1266.572339098646	0
5594	73197.1580806564	1266.572337769694	0
5595	73202.14799348311	1266.968007317198	0
5596	73202.14820167195	1266.968028193263	0
5597	73203.14810863807	1267.012986094988	0
5598	73202.14801101192	1266.968007735877	0
5599	73203.1480357277	1267.012976304203	0
5600	73203.14802709199	1267.012975856546	0
5601	73235.14957641676	1268.484816406525	0
5602	73235.14953247408	1268.484817369218	0
5603	73236.15034489983	1268.479016681979	0
5604	73235.14952765623	1268.484824464857	0
5605	73236.1503819747	1268.479016798641	0
5606	73236.1504030459	1268.479016361931	0
5607	73742.20781455038	1246.788410922643	0
5608	73742.20783034878	1246.788408487713	0
5609	73743.20711144243	1246.733436210813	0
5610	73742.20782718729	1246.788410787582	0
5611	73743.20707449372	1246.733437436944	0
5612	73743.2071183385	1246.733434026313	0
5613	73782.12656729468	1243.609679932621	0
5614	73782.12657987137	1243.609679241937	0
5615	73783.12607603206	1243.552912381599	0
5616	73782.12662514223	1243.609675244224	0
5617	73783.1260883479	1243.552912602741	0
5618	73783.1260823067	1243.552912881029	0
5619	74020.21292146886	1233.26780784096	0
5620	74020.21294801979	1233.26780836198	0
5621	74021.21385427858	1233.253324459344	0
5622	74020.21291205729	1233.267807745434	0
5623	74021.21390468351	1233.253321960985	0
5624	74021.2139046845	1233.253321961019	0
5625	74156.30978128166	1237.497545922139	0
5626	74156.30979160854	1237.497545714435	0
5627	74157.31046775079	1237.513172121547	0
5628	74156.30973055481	1237.497543760368	0
5629	74157.31035833523	1237.513163619235	0
5630	74157.31045554866	1237.513171812167	0
5631	74213.31069111181	1240.204686198046	0
5632	74213.31072194074	1240.204685851976	0
5633	74214.31178712723	1240.22446061082	0
5634	74213.31069872671	1240.204686755073	0
5635	74214.31177022791	1240.224463682179	0
5636	74214.31177095207	1240.224461201751	0
5637	74269.36026457988	1238.787333878213	0
5638	74269.36028712941	1238.787332709666	0
5639	74270.35411900753	1238.681596857961	0
5640	74269.36036965414	1238.787190734025	0
5641	74270.35321249836	1238.67780493336	0
5642	74270.35413702051	1238.681596579813	0
5643	74360.44939465148	1238.872615123626	0
5644	74360.44936888918	1238.872614435119	0
5645	74361.44988494593	1238.894133460913	0
5646	74360.44937591167	1238.872610228724	0
5647	74361.44991692246	1238.894133018842	0
5648	74361.44991360992	1238.894133938307	0
5649	74528.4981398526	1245.250704248363	0
5650	74528.49814664625	1245.250704148311	0
5651	74529.49903489862	1245.272070386071	0
5652	74528.49818240307	1245.25070372921	0
5653	74529.49909709574	1245.272070433813	0
5654	74529.49904999381	1245.272069734806	0
5655	74589.58353428179	1245.602051512249	0
5656	74589.58352243979	1245.602049539819	0
5657	74590.58270225133	1245.661853123699	0
5658	74589.58350938369	1245.602034769336	0
5659	74590.58266844176	1245.661843009542	0
5660	74589.58349794222	1245.602043746974	0
5661	74590.58271114185	1245.66185042354	0
5662	74590.5827254605	1245.661853728513	0
5663	74623.48226529293	1248.812700738673	0
5664	74623.48226934241	1248.812700738165	0
5665	74624.47693176239	1248.925377432649	0
5666	74623.48227931323	1248.812704204806	0
5667	74624.47688590828	1248.92537703756	0
5668	74624.47689466423	1248.925375921355	0
5669	74640.39828976378	1250.721737408073	0
5670	74640.39829617791	1250.721738005511	0
5671	74641.39318649279	1250.832520288402	0
5672	74640.39831547296	1250.721738816548	0
5673	74641.39314715302	1250.832516605467	0
5674	74641.39317279012	1250.832519356818	0
5675	74730.15868533441	1258.732906693757	0
5676	74730.15870125155	1258.732907907443	0
5677	74731.15549368563	1258.824266183857	0
5678	74730.15875590217	1258.732910146232	0
5679	74731.15557340751	1258.824272278321	0
5680	74731.15554096689	1258.824269855918	0
5681	74822.99966102684	1266.008008799543	0
5682	74822.999706881	1266.008013069238	0
5683	74823.99874392251	1266.074710107817	0
5684	74822.99966871503	1266.00801507975	0
5685	74823.99876472465	1266.074715359108	0
5686	74823.99877786226	1266.074711460125	0
5687	74950.10515640766	1270.032358285395	0
5688	74950.10514821822	1270.032357739744	0
5689	74951.10369091222	1270.105313216523	0
5690	74950.10523588935	1270.032358119733	0
5691	74951.10372857339	1270.105313422818	0
5692	74951.10372769617	1270.105313086176	0
5693	75024.03719076788	1275.473553981135	0
5694	75024.04030008314	1275.483263347489	0
5695	75025.03722537527	1275.464500092543	0
5696	75024.03718850677	1275.473554932137	0
5697	75025.03863324161	1275.456407788555	0
5698	75025.03864694797	1275.456407252283	0
5699	75057.05452149289	1273.881547538824	0
5700	75057.05461689216	1273.881544621887	0
5701	75058.0552106516	1273.851985548497	0
5702	75057.05451801963	1273.881547363809	0
5703	75058.05519744538	1273.851984213509	0
5704	75058.05521431722	1273.851985542417	0
5705	75063.0568514936	1273.644888246801	0
5706	75063.05689602275	1273.6448868341	0
5707	75064.05770916873	1273.623816505893	0
5708	75063.05686540378	1273.644887828759	0
5709	75064.05767075575	1273.62381776602	0
5710	75064.05772784413	1273.623816481248	0
5711	75279.29294958161	1275.501533276471	0
5712	75279.29292096748	1275.501523782152	0
5713	75280.29339643961	1275.466766292689	0
5714	75279.29295607031	1275.501532940313	0
5715	75280.29346547267	1275.466773930898	0
5716	75280.29344385711	1275.4667722966	0
5717	75408.28762518134	1268.819007512815	0
5718	75408.28767369312	1268.819005880046	0
5719	75409.28826543572	1268.783185688595	0
5720	75408.28769025026	1268.819006015224	0
5721	75409.28827326611	1268.783185859511	0
5722	75409.28827731032	1268.783185759258	0
5723	75579.43069902988	1263.317083327203	0
5724	75579.43071998283	1263.317084813686	0
5725	75580.419480538	1263.454228223818	0
5726	75579.43322870811	1263.315677090676	0
5727	75580.42598605304	1263.417469326173	0
5728	75580.41946100487	1263.454228517685	0
5729	75581.41539545701	1263.56286917359	0
5730	75581.41529065857	1263.562871403787	0
5731	75582.4180237414	1263.510395280145	0
5732	75581.41540561159	1263.562872049473	0
5733	75582.4180065681	1263.510381564606	0
5734	75582.41800189196	1263.510396173619	0
5735	75584.41045621276	1263.725043506412	0
5736	75582.41812569354	1263.443801283955	0
5737	75584.40987891596	1263.724614034913	0
5738	75584.41046417376	1263.725043350894	0
5739	75587.4123167065	1263.881362377913	0
5740	75587.41234797999	1263.881361100013	0
5741	75588.40459168423	1264.016713993678	0
5742	75587.41396596769	1263.873124893928	0
5743	75588.40596088639	1264.002374266144	0
5744	75588.40600019001	1264.002382984217	0
5745	75589.38854247579	1264.208560109145	0
5746	75589.38845618884	1264.208548999119	0
5747	75590.38861289303	1264.273817953876	0
5748	75589.38846852243	1264.209212489259	0
5749	75590.39039521897	1264.260274256312	0
5750	75590.38863709397	1264.273820207598	0
5751	75594.36240789352	1264.784412368162	0
5752	75594.36247824912	1264.784418485844	0
5753	75595.36455977455	1264.788962877646	0
5754	75594.36097509478	1264.788763911735	0
5755	75595.36453058544	1264.787534121799	0
5756	75595.36456841795	1264.788963887243	0
5757	75613.27579178329	1266.827011918747	0
5758	75613.27587270059	1266.826531313321	0
5759	75614.25833489205	1267.028849527498	0
5760	75613.27581205577	1266.827012871987	0
5761	75614.25813205264	1267.027466005854	0
5762	75614.25816328064	1267.027466254114	0
5763	75615.25789627875	1267.109910079564	0
5764	75615.2578977379	1267.112312145141	0
5765	75616.26356471839	1267.063702483527	0
5766	75615.25789627974	1267.109910079598	0
5767	75616.26020314684	1267.069255709928	0
5768	75616.26017894092	1267.069257440729	0
5769	75796.21451845244	1276.790909923752	0
5770	75796.21454014283	1276.79091011397	0
5771	75797.21152220617	1276.883025564559	0
5772	75796.21474831231	1276.790913621729	0
5773	75797.21153886418	1276.883023431194	0
5774	75797.21159037485	1276.883027352027	0
5775	75821.14451962896	1279.018322542386	0
5776	75821.14453661197	1279.018324036318	0
5777	75822.14015077479	1279.121105573534	0
5778	75821.14461577486	1279.018327907461	0
5779	75822.14023501016	1279.121109464331	0
5780	75822.14019126422	1279.121107634287	0
5781	75845.0819421901	1281.112624147193	0
5782	75845.08194056046	1281.112622802796	0
5783	75846.07904336776	1281.204796635775	0
5784	75845.08194610072	1281.112624303725	0
5785	75846.07905796351	1281.204797833241	0
5786	75846.07907417248	1281.204798708754	0
5787	75854.06399294172	1281.829782262218	0
5788	75854.06398258638	1281.829781701166	0
5789	75855.06356214447	1281.883249176835	0
5790	75854.06407011932	1281.829791876114	0
5791	75855.06364155782	1281.883259683761	0
5792	75855.06358861568	1281.883249858142	0
5793	75872.05277041261	1282.90094208785	0
5794	75872.05279193871	1282.90094231977	0
5795	75873.05386275839	1282.910703222455	0
5796	75872.05278563718	1282.900951204154	0
5797	75873.05387367596	1282.91071748806	0
5798	75873.05383472939	1282.910704121085	0
5799	76154.41732876544	1281.160161690828	0
5800	76154.41739606066	1281.16015777265	0
5801	76155.41736894948	1281.114585846525	0
5802	76154.41738086077	1281.160161369226	0
5803	76155.41745975503	1281.114591871093	0
5804	76155.41752370974	1281.114583732093	0
5805	76208.35063170615	1277.242901640742	0
5806	76208.3505845964	1277.242905252849	0
5807	76209.34910716355	1277.17232953121	0
5808	76208.35069818093	1277.242901658166	0
5809	76209.3492517593	1277.172333833086	0
5810	76209.34911155037	1277.172329385766	0
5811	76341.18534929573	1267.836124011881	0
5812	76341.18537139639	1267.836122897511	0
5813	76342.18383492331	1267.769430677537	0
5814	76341.18538427763	1267.836120886649	0
5815	76342.18383155394	1267.769429715429	0
5816	76342.18382929571	1267.769430687538	0
5817	76479.26342516113	1262.655052010414	0
5818	76479.26353921453	1262.655049760862	0
5819	76480.26471679288	1262.648479991798	0
5820	76479.26349990684	1262.655034267447	0
5821	76480.26472778927	1262.648472832565	0
5822	76480.26473135289	1262.648480060205	0
5823	76514.27156074889	1264.230084451644	0
5824	76514.2715555249	1264.230085104948	0
5825	76515.27074170034	1264.287295486416	0
5826	76514.27156658185	1264.230084814356	0
5827	76515.27074256144	1264.287294631589	0
5828	76515.27074674887	1264.287295863486	0
5829	76523.26072955976	1264.841446288009	0
5830	76523.26071345207	1264.841445600977	0
5831	76524.26014073662	1264.897787498864	0
5832	76523.26067359876	1264.841456779832	0
5833	76524.26010874484	1264.8977993984	0
5834	76524.26014409674	1264.897797307091	0
5835	76586.31990065225	1266.581346038289	0
5836	76586.31996606936	1266.581345168969	0
5837	76587.32093957055	1266.575733975585	0
5838	76586.31992642023	1266.581347701032	0
5839	76587.32096268216	1266.575734827063	0
5840	76587.32095063038	1266.575733708435	0
5841	76651.34096920356	1263.632437682141	0
5842	76651.3409672181	1263.632437921356	0
5843	76653.33525541303	1263.456073668306	0
5844	76651.34100683819	1263.63243872102	0
5845	76653.33530290905	1263.456073375429	0
5846	76653.33528791778	1263.456072935838	0
5847	76739.16312826841	1256.526693488796	0
5848	76739.16313389046	1256.526693113017	0
5849	76740.16260219412	1256.470134306059	0
5850	76739.16322916321	1256.526687164103	0
5851	76740.16263205858	1256.470133030224	0
5852	76740.16266543223	1256.470131643281	0
5853	76861.27391940306	1253.752328153238	0
5854	76861.27393113734	1253.752320354558	0
5855	76862.26101843725	1253.921803172016	0
5856	76861.28360877276	1253.69228259539	0
5857	76862.25328133479	1253.950848907901	0
5858	76862.26103079296	1253.921804082858	0
5859	76931.0510645615	1247.267069486318	0
5860	76931.05105130619	1247.267070239881	0
5861	76932.04742830648	1247.366726179723	0
5862	76931.09674326779	1247.066543851163	0
5863	76932.04775869616	1247.368129570277	0
5864	76932.0473844943	1247.366725762936	0
5865	77090.92106784685	1237.795853217703	0
5866	77090.92106836065	1237.795852853068	0
5867	77091.92009743582	1237.734477114569	0
5868	77090.92107296703	1237.795852544796	0
5869	77091.92017534139	1237.73446824776	0
5870	77091.92007812855	1237.734477462675	0
5871	77188.95624693157	1234.389138124591	0
5872	77188.95633537494	1234.389133355432	0
5873	77189.95538595476	1234.330418699595	0
5874	77188.95632660078	1234.389135160659	0
5875	77189.95543120021	1234.330417027817	0
5876	77189.95538240828	1234.330418951336	0
5877	77242.88151802003	1230.715812456725	0
5878	77242.88149507652	1230.715814389328	0
5879	77243.88223449775	1230.702228887262	0
5880	77242.88153394265	1230.715811958217	0
5881	77243.88225713265	1230.70222529706	0
5882	77243.8822447788	1230.702228502289	0
5883	77603.20130853247	1224.726788255678	0
5884	77603.201360362	1224.726788434425	0
5885	77604.20247559986	1224.729569132242	0
5886	77603.20131673373	1224.726787752151	0
5887	77604.20242513201	1224.729565734185	0
5888	77604.20247544648	1224.729569520909	0
5889	78050.41253920255	1241.44768550605	0
5890	78050.41249635848	1241.447685660178	0
5891	78051.41233931397	1241.51646017712	0
5892	78050.41459174998	1241.444277259088	0
5893	78051.41483991634	1241.513477977966	0
5894	78051.41234596338	1241.516460391529	0
5895	78281.26102228038	1255.532352928382	0
5896	78281.26101859918	1255.532352086107	0
5897	78282.25852743263	1255.616824745787	0
5898	78281.26101642993	1255.532355225734	0
5899	78282.25845734339	1255.616827496308	0
5900	78282.25851730746	1255.616823974219	0
5901	78323.22941678046	1258.088491584082	0
5902	78323.22936704688	1258.088476077406	0
5903	78324.2296391236	1258.123345814144	0
5904	78323.22942544828	1258.088491620475	0
5905	78324.22965969023	1258.123363895077	0
5906	78324.22969345731	1258.123346495001	0
5907	78457.3595401356	1256.827734478474	0
5908	78457.35951137714	1256.827730076715	0
5909	78458.35935283804	1256.787079761284	0
5910	78457.35954385481	1256.827734573458	0
5911	78458.35937173513	1256.787080858853	0
5912	78458.35938156478	1256.787079646344	0
5913	78593.3504582757	1251.081522981265	0
5914	78593.35050131395	1251.081522970241	0
5915	78594.34952565152	1251.023308793254	0
5916	78593.35040835111	1251.081523108152	0
5917	78594.34951257642	1251.023308588505	0
5918	78594.34951658497	1251.023309025273	0
5919	79012.46394839272	1238.286822105634	0
5920	79012.46394905195	1238.286822089388	0
5921	79013.46370144343	1238.247489979866	0
5922	79012.46395429678	1238.286822259639	0
5923	79013.46369129088	1238.247491042137	0
5924	79013.46371530381	1238.247489804038	0
5925	79037.45627896671	1237.044182538735	0
5926	79037.46180154264	1237.050431252091	0
5927	79038.4412933127	1236.85238518134	0
5928	79037.45628167881	1237.044179757768	0
5929	79038.44011722991	1236.855779557034	0
5930	79038.44012087409	1236.855779431973	0
5931	79748.50141969888	1208.345512812216	0
5932	79748.50147762438	1208.345510824294	0
5933	79749.50123615237	1208.302301839843	0
5934	79748.50152201144	1208.345508517665	0
5935	79749.50131577143	1208.302297871272	0
5936	79749.50124109717	1208.302302444663	0
5937	79759.50197430828	1207.902986818192	0
5938	79759.50192079021	1207.902995649265	0
5939	79760.50277309923	1207.903216852445	0
5940	79759.50195859096	1207.902985770767	0
5941	79760.50288400933	1207.903208366649	0
5942	79760.50283030179	1207.903217646252	0
5943	80011.5901292146	1216.400898102903	0
5944	80011.59013590356	1216.400898267014	0
5945	80012.59006699678	1216.436760074541	0
5946	80011.59008831272	1216.400897186111	0
5947	80012.59003544284	1216.436759435479	0
5948	80012.59003448856	1216.436759450716	0
5949	80248.62306674678	1226.168517364208	0
5950	80248.62306696252	1226.168516085617	0
5951	80249.62332239602	1226.196721676492	0
5952	80248.62306195311	1226.168517353523	0
5953	80249.62347883603	1226.196732122126	0
5954	80249.62333892257	1226.196722368008	0
5955	80272.63964048799	1225.669709495215	0
5956	80272.63964251056	1225.669709297552	0
5957	80273.64016878165	1225.699954989875	0
5958	80272.63974776337	1225.669703701761	0
5959	80273.64022086433	1225.699955264743	0
5960	80273.64023163723	1225.699955354679	0
5961	80314.66607739401	1226.96519728196	0
5962	80314.6660835302	1226.965197559038	0
5963	80315.66661757018	1226.947207441434	0
5964	80314.66619398881	1226.965216102948	0
5965	80315.6668446039	1226.947228346025	0
5966	80315.6666331212	1226.947206579201	0
5967	80432.71333573025	1222.613806585495	0
5968	80432.71336281564	1222.613804193382	0
5969	80433.71122494459	1222.5358886931	0
5970	80432.71333734033	1222.61380633843	0
5971	80433.71122790119	1222.535889314711	0
5972	80433.71128314736	1222.535885813661	0
5973	80434.71009350434	1222.473491103663	0
5974	80434.7101800252	1222.473491398306	0
5975	80435.70900150447	1222.405708460915	0
5976	80434.71012972196	1222.473488321322	0
5977	80435.70892115371	1222.405707815924	0
5978	80435.70897994583	1222.405705339668	0
5979	80464.64830382331	1220.083796677097	0
5980	80464.64837668132	1220.083788868147	0
5981	80465.64814317558	1220.0316257357	0
5982	80464.64835857946	1220.083792294273	0
5983	80465.64804299653	1220.03163351959	0
5984	80465.6480431286	1220.031633366977	0
5985	80593.68313057304	1213.963440579395	0
5986	80593.68320782878	1213.963436579051	0
5987	80594.6845672371	1213.964156102838	0
5988	80593.68327325149	1213.963414277172	0
5989	80594.68458214105	1213.964145012854	0
5990	80594.68456924954	1213.964147120069	0
5991	80969.01346178533	1224.8940027451	0
5992	80969.01355375335	1224.894005859521	0
5993	80970.01224861186	1224.964198718436	0
5994	80969.01356950655	1224.893993743681	0
5995	80970.012449381	1224.964187785602	0
5996	80970.01226556452	1224.964199369361	0
5997	81025.84320683157	1230.102040764835	0
5998	81025.84319406774	1230.102039207862	0
5999	81026.8394268488	1230.199903028397	0
6000	81025.8431775191	1230.102037184432	0
6001	81026.83952262872	1230.19990970241	0
6002	81026.83945004924	1230.199904246165	0
6003	81030.82333296782	1230.602269547264	0
6004	81030.8233474555	1230.602271330485	0
6005	81031.81984971595	1230.696578863762	0
6006	81030.82334323958	1230.60227043784	0
6007	81031.81987962089	1230.696580706269	0
6008	81031.81988644574	1230.696582487209	0
6009	81335.48950300994	1250.658804008204	0
6010	81335.48950834418	1250.658804358846	0
6011	81336.4890152365	1250.710204740074	0
6012	81335.48959177124	1250.658808544032	0
6013	81336.48904972346	1250.710206626362	0
6014	81336.48906441146	1250.710206948182	0
6015	81344.49341459078	1250.92198424986	0
6016	81344.49340675378	1250.921985245431	0
6017	81345.49338206128	1250.965781647564	0
6018	81344.49340094539	1250.921984179318	0
6019	81345.49334793625	1250.965780754794	0
6020	81345.49346671047	1250.96578359665	0
6021	81518.51059078076	1258.348498770291	0
6022	81518.51059608519	1258.348499096264	0
6023	81519.51162741418	1258.355501508308	0
6024	81518.51059769033	1258.348499888801	0
6025	81519.51163028739	1258.355504922542	0
6026	81519.51169691051	1258.355502328481	0
6027	81728.80109846499	1257.837425135895	0
6028	81728.80115430435	1257.837426306759	0
6029	81729.80176637403	1257.853997274944	0
6030	81728.80114668992	1257.837411264267	0
6031	81729.80147720515	1257.853980110452	0
6032	81729.80151044345	1257.853981892601	0
6033	81774.9615477988	1258.961307568086	0
6034	81774.92967145826	1258.960723289043	0
6035	81774.96824975393	1258.961401816733	0
6036	81774.96156507244	1258.961308361274	0
6037	81831.72695971612	1265.689324568312	0
6038	81831.72697504179	1265.689327863125	0
6039	81832.71743954995	1265.836065601445	0
6040	81831.72723707368	1265.689332947323	0
6041	81832.71769347982	1265.83608075658	0
6042	81832.71753576555	1265.83607326896	0
6043	81844.64793097699	1267.291241274698	0
6044	81844.64799990886	1267.291247826917	0
6045	81845.64193051445	1267.412784175568	0
6046	81844.64807169006	1267.291251923693	0
6047	81845.64191324587	1267.412781129349	0
6048	81845.6419687281	1267.412788334085	0
6049	81901.49894495052	1272.425814870857	0
6050	81901.49885176637	1272.425814134592	0
6051	81902.4920969088	1272.555294897352	0
6052	81901.4990972903	1272.425820996048	0
6053	81902.4921951229	1272.555299263943	0
6054	81902.49210816651	1272.555295775145	0
6055	81932.39763177218	1275.472541520912	0
6056	81932.39767662104	1275.472547160372	0
6057	81933.39117438809	1275.595195526248	0
6058	81932.39780771127	1275.472556408646	0
6059	81933.39131587141	1275.595199959868	0
6060	81933.39123259444	1275.595201210394	0
6061	81940.36276687405	1276.337269557442	0
6062	81940.36297980111	1276.337291275052	0
6063	81941.3601766146	1276.429318620979	0
6064	81940.36294836414	1276.337290008411	0
6065	81941.36027368542	1276.429326159878	0
6066	81941.3602672361	1276.42932532547	0
6067	81994.3076996711	1280.325319198432	0
6068	81994.30778792434	1280.325325547996	0
6069	81995.30805993808	1280.379206060918	0
6070	81994.30781365931	1280.325329538131	0
6071	81995.30789277842	1280.379204773715	0
6072	81995.30804631792	1280.379204864772	0
6073	82084.50667755026	1282.004037204836	0
6074	82084.5040586408	1282.010833972215	0
6075	82084.50792692706	1282.000706972714	0
6076	82084.50669851431	1282.004037602563	0
6077	82115.57386885869	1282.488166364819	0
6078	82115.57715111997	1282.49328610428	0
6079	82116.56151475862	1282.451573669342	0
6080	82115.57385490742	1282.488165689881	0
6081	82116.56843155524	1282.449634339082	0
6082	82116.56846392859	1282.449631340095	0
6083	82147.6172795562	1282.421617256932	0
6084	82147.61726494791	1282.421619350902	0
6085	82148.61851857492	1282.393107520568	0
6086	82147.61737485958	1282.421630173585	0
6087	82148.61856375588	1282.39312672023	0
6088	82148.61852636296	1282.393106956339	0
6089	82309.7442533501	1276.32547822203	0
6090	82309.74424181049	1276.325477705707	0
6091	82310.74450610534	1276.283522940897	0
6092	82309.74428787746	1276.325476270122	0
6093	82310.74446747047	1276.283526027182	0
6094	82310.74451630094	1276.283522412701	0
6095	82333.78045976179	1276.209007393742	0
6096	82333.78054301484	1276.20900393918	0
6097	82334.78028165031	1276.16176403667	0
6098	82333.78030469173	1276.209031979647	0
6099	82334.78015222988	1276.161778233726	0
6100	82334.78017548387	1276.161776806145	0
6101	82384.8880484089	1273.990308052731	0
6102	82384.87293816189	1273.991973951691	0
6103	82384.91144756542	1273.987815228601	0
6104	82384.88816284263	1273.990293913423	0
6105	82392.92716641806	1272.882092569032	0
6106	82392.92655422151	1272.882174615886	0
6107	82393.89662468748	1272.63895163115	0
6108	82392.9284436033	1272.881982545966	0
6109	82393.89752984958	1272.638860693368	0
6110	82393.89685177593	1272.63892975313	0
6111	82394.88373298373	1272.468555696019	0
6112	82394.88450147415	1272.468494671893	0
6113	82395.86852760552	1272.280360626734	0
6114	82394.88367417094	1272.468557347847	0
6115	82395.86767045272	1272.280476146001	0
6116	82395.86762526049	1272.280475197367	0
6117	82511.75819905894	1263.973862910916	0
6118	82511.75829952184	1263.973849251059	0
6119	82512.71849980581	1263.697605267846	0
6120	82511.75918679609	1263.973751363097	0
6121	82512.71837881213	1263.697626898625	0
6122	82512.71850930966	1263.697604502571	0
6123	82535.76741806656	1260.405920678883	0
6124	82535.76954667733	1260.405639649742	0
6125	82536.11162108235	1260.369525194199	0
6126	82536.11761828637	1260.368886701916	0
6127	82543.70792884787	1259.882766747193	0
6128	82543.71319103829	1259.882506619345	0
6129	82543.85665386115	1259.876330150798	0
6130	82543.78437048732	1259.87945476037	0
6131	82768.22413920995	1250.655298044529	0
6132	82768.22422256964	1250.655294946418	0
6133	82769.22202207512	1250.577710395597	0
6134	82768.22421480759	1250.655297549428	0
6135	82769.22190414331	1250.577710992759	0
6136	82769.22202378412	1250.577710923159	0
6137	82873.3597345179	1250.084422803225	0
6138	82873.35969368287	1250.084425166303	0
6139	82874.3600898812	1250.042695923649	0
6140	82873.35976467025	1250.084422604007	0
6141	82874.3600891055	1250.042705717771	0
6142	82874.36011424576	1250.042695770531	0
6143	83008.2019140014	1240.537337384223	0
6144	83008.20203601656	1240.537314658726	0
6145	83009.16307523858	1240.295767443676	0
6146	83008.20379451092	1240.535140713934	0
6147	83009.12456548249	1240.210625617955	0
6148	83009.16322363971	1240.295733262808	0
6149	83146.31915588866	1236.621539846413	0
6150	83146.31916202145	1236.621539671939	0
6151	83147.3183982023	1236.561755753282	0
6152	83146.31926123492	1236.621537680072	0
6153	83147.31855952134	1236.561761401103	0
6154	83147.31839739409	1236.561755418142	0
6155	83173.25511793807	1234.281157475588	0
6156	83173.25514123667	1234.281156496989	0
6157	83174.25543017892	1234.237504255205	0
6158	83173.25506086426	1234.281156169078	0
6159	83174.25544095723	1234.237509406606	0
6160	83174.25543892646	1234.23750991567	0
6161	83197.27436619144	1233.577422762514	0
6162	83197.27433486702	1233.577420788761	0
6163	83198.27415292914	1233.525847535584	0
6164	83197.27427442916	1233.577423242961	0
6165	83198.27413209016	1233.525849511924	0
6166	83198.27414824732	1233.525848550821	0
6167	83248.25545762404	1230.676916826411	0
6168	83248.25545680022	1230.676916478608	0
6169	83249.25646831471	1230.666280155498	0
6170	83248.25543745581	1230.676905138692	0
6171	83249.25645654937	1230.666267671035	0
6172	83249.25646512635	1230.666281926745	0
6173	83512.58244903761	1234.010444853539	0
6174	83512.58246881812	1234.010443911972	0
6175	83513.5835842732	1234.023528812581	0
6176	83512.58252924957	1234.01044382523	0
6177	83513.58368108299	1234.023529411233	0
6178	83513.58358767474	1234.023528921721	0
6179	83566.63571251108	1232.68200145308	0
6180	83566.63580282274	1232.681997975712	0
6181	83567.63569494386	1232.729040930488	0
6182	83566.63571042061	1232.682001416565	0
6183	83567.63567039347	1232.729049370489	0
6184	83567.6355951326	1232.729049055527	0
6185	83808.83303839184	1241.14764523456	0
6186	83808.83305320152	1241.147646560421	0
6187	83809.83140494119	1241.226089122953	0
6188	83808.83306833575	1241.147641945567	0
6189	83809.83127296247	1241.226061819875	0
6190	83809.83139765877	1241.226088821611	0
6191	83899.55654388125	1249.89849670287	0
6192	83899.55656998858	1249.898499224364	0
6193	83900.55346741455	1249.992659150025	0
6194	83899.55659809228	1249.898499231344	0
6195	83900.55352245079	1249.992659187723	0
6196	83900.55347402053	1249.992658593805	0
6197	84055.41358698279	1260.70023370035	0
6198	84055.41355696192	1260.700231958149	0
6199	84056.4105935613	1260.795415878511	0
6200	84055.41365739054	1260.700234901858	0
6201	84056.41059151647	1260.795412455858	0
6202	84056.41061394365	1260.795413538631	0
6203	84100.26422576146	1265.140431169629	0
6204	84100.26421627498	1265.140430063747	0
6205	84101.26225397296	1265.220403299765	0
6206	84100.26425855324	1265.140437851616	0
6207	84101.26229070046	1265.220408594754	0
6208	84101.26228178752	1265.220403507578	0
6209	84319.36712704727	1275.500317069108	0
6210	84319.36709624741	1275.500312908571	0
6211	84320.36832292067	1275.507719898958	0
6212	84319.36716725692	1275.500318231025	0
6213	84320.36843223311	1275.507725456979	0
6214	84320.36840422486	1275.507721640512	0
6215	84329.37996939325	1275.772482832164	0
6216	84329.37991298872	1275.772479851345	0
6217	84330.37699329614	1275.867348812175	0
6218	84329.3802278621	1275.772659987378	0
6219	84330.37409897329	1275.86852305252	0
6220	84330.37696347493	1275.867349591196	0
6221	84355.34240611352	1273.697752468571	0
6222	84355.34242161317	1273.697753500919	0
6223	84356.33880098589	1273.599374916032	0
6224	84355.34244279048	1273.697751716795	0
6225	84356.33880888775	1273.599379791813	0
6226	84356.3388009849	1273.599374916068	0
6227	84388.29675582395	1271.170658582528	0
6228	84388.29673703943	1271.170660048054	0
6229	84389.29468282641	1271.088408109682	0
6230	84388.29685885768	1271.170653334637	0
6231	84389.29476454016	1271.088406171167	0
6232	84389.29467591	1271.088408683105	0
6233	84402.29957658792	1270.537442225818	0
6234	84402.29956899819	1270.537442225677	0
6235	84403.29711204459	1270.453269924971	0
6236	84402.2996382686	1270.537444692147	0
6237	84403.29717083497	1270.453267944067	0
6238	84403.29717083398	1270.453267944109	0
6239	84451.26199060975	1267.390198025589	0
6240	84451.26199703984	1267.390197609857	0
6241	84452.26200540358	1267.344162354607	0
6242	84451.2619781674	1267.390193882321	0
6243	84452.2621980996	1267.344153128189	0
6244	84452.26204474884	1267.344161530925	0
6245	84596.43108296968	1266.708046132304	0
6246	84596.43106759203	1266.708045781493	0
6247	84597.42684445734	1266.605922337621	0
6248	84596.43109210543	1266.708048054793	0
6249	84597.42685696884	1266.60592336634	0
6250	84597.42683517106	1266.605923356445	0
6251	84660.42983949769	1263.62644092163	0
6252	84660.42985405645	1263.626440390708	0
6253	84661.4307490456	1263.614415832836	0
6254	84660.42990592693	1263.626436425897	0
6255	84661.43090038488	1263.614404661894	0
6256	84661.43074390586	1263.614415461938	0
6257	84688.45131321598	1264.409117414674	0
6258	84688.45136027574	1264.409117336684	0
6259	84689.45215302487	1264.393936205712	0
6260	84688.4514956873	1264.409114646003	0
6261	84689.45211972637	1264.393934098658	0
6262	84689.45212841095	1264.393934048188	0
6263	84851.58528353175	1259.215580719475	0
6264	84851.5853031236	1259.215580405925	0
6265	84852.58608893689	1259.242027485515	0
6266	84851.58537640303	1259.215568412336	0
6267	84852.58612928347	1259.24202399208	0
6268	84852.58613197613	1259.242024849565	0
6269	84981.6093289711	1265.412359930798	0
6270	84981.60931011196	1265.412360733781	0
6271	84982.60718451449	1265.495623884205	0
6272	84981.60934373867	1265.412357400908	0
6273	84982.60713622291	1265.495624184769	0
6274	84982.60717798676	1265.495622606153	0
6275	84987.59859936117	1265.876580212992	0
6276	84987.59861999363	1265.876580672953	0
6277	84988.59364008397	1265.985721150985	0
6278	84987.5986077585	1265.876581074124	0
6279	84988.59360314484	1265.985723091101	0
6280	84988.59359836273	1265.98572259479	0
6281	85065.49977469942	1271.549454716999	0
6282	85065.49986220174	1271.549459507495	0
6283	85066.50027225129	1271.580712834564	0
6284	85065.49991540003	1271.54946802893	0
6285	85066.50032577955	1271.580722417207	0
6286	85066.50027818244	1271.580713765253	0
6287	85314.8067539609	1269.846263152487	0
6288	85314.80676549696	1269.846264537747	0
6289	85315.80644900716	1269.88851970256	0
6290	85314.80664063859	1269.84625890951	0
6291	85315.80644008378	1269.888519785171	0
6292	85315.80644189566	1269.888519676166	0
6293	85398.8028340679	1276.283511470563	0
6294	85398.79099362768	1276.284964300501	0
6295	85398.82336970887	1276.280972161789	0
6296	85398.80286887757	1276.28351143746	0
6297	85591.1603302029	1273.31223411996	0
6298	85591.1651544206	1273.322587615915	0
6299	85592.16135146614	1273.29354930816	0
6300	85591.16024714865	1273.312233500302	0
6301	85592.16115180877	1273.293507284754	0
6302	85592.16115599722	1273.293507357271	0
6303	85593.16171362778	1273.26332268659	0
6304	85593.16780465102	1273.281649412605	0
6305	85594.15883481773	1273.243880197949	0
6306	85593.16173646852	1273.263322020989	0
6307	85594.16193502708	1273.234182473362	0
6308	85594.16291311549	1273.224906891194	0
6309	85595.15183666022	1273.056810948447	0
6310	85594.16187562683	1273.23419022553	0
6311	85595.15169263532	1273.056859222655	0
6312	85595.15169089549	1273.056863244773	0
6313	85612.05780326005	1271.034608249783	0
6314	85612.0577992193	1271.03460941254	0
6315	85613.05543990107	1270.947177203996	0
6316	85612.05770963838	1271.034594534146	0
6317	85613.05541823211	1270.947177286985	0
6318	85613.05542794621	1270.947178676947	0
6319	85669.05545403081	1268.128453603605	0
6320	85669.05542840928	1268.128454773985	0
6321	85670.05395441351	1268.057021710476	0
6322	85669.05548076631	1268.128453099805	0
6323	85670.05393255496	1268.05702231974	0
6324	85670.05394855206	1268.057021742528	0
6325	85774.03413769644	1262.672187522506	0
6326	85774.03410874977	1262.672188310348	0
6327	85775.03302888092	1262.607629430652	0
6328	85774.03408399207	1262.672187742362	0
6329	85775.03299220715	1262.60762948013	0
6330	85775.03304528468	1262.607627873445	0
6331	85942.09977387331	1255.90379926667	0
6332	85942.0998064568	1255.903796887491	0
6333	85943.09836768321	1255.833346330233	0
6334	85942.0997816108	1255.903798505222	0
6335	85943.09835013119	1255.833347611122	0
6336	85943.09833182933	1255.833345018169	0
6337	86043.92372285775	1247.951497668774	0
6338	86043.92370947337	1247.951498956016	0
6339	86044.91845833781	1247.835931028032	0
6340	86043.92388876449	1247.951503079548	0
6341	86044.91853191759	1247.835932147023	0
6342	86044.91846405235	1247.835930550332	0
6343	86187.76182686083	1237.924335737418	0
6344	86187.76195995722	1237.924335165188	0
6345	86188.76083839411	1237.86066854895	0
6346	86187.76176625397	1237.924334914011	0
6347	86188.76080692225	1237.860671625516	0
6348	86188.76086332375	1237.860665380346	0
6349	86222.64322937539	1234.509099024927	0
6350	86222.64312449866	1234.509102543658	0
6351	86223.63967645896	1234.411419077908	0
6352	86222.64316974493	1234.509100611486	0
6353	86223.63974497706	1234.411411317537	0
6354	86223.63980161987	1234.41140887087	0
6355	86229.61093140111	1233.739747428661	0
6356	86229.61092645561	1233.739747573237	0
6357	86230.60678779258	1233.635546588994	0
6358	86229.61086741378	1233.739746586634	0
6359	86230.60667290154	1233.635550856714	0
6360	86230.60678064908	1233.635547384508	0
6361	86232.59718676467	1233.412245324836	0
6362	86232.59720470614	1233.412247269803	0
6363	86233.59007949379	1233.281065608904	0
6364	86232.5971920373	1233.412244995925	0
6365	86233.58995261902	1233.281057861094	0
6366	86233.58998042034	1233.281065163653	0
6367	86250.55612693031	1231.830246618196	0
6368	86250.5560996659	1231.830247439484	0
6369	86251.55355869036	1231.743851867506	0
6370	86250.55604637443	1231.830245246721	0
6371	86251.55357744143	1231.743833170181	0
6372	86251.55363257058	1231.743850671749	0
6373	86313.64150463231	1230.735142547869	0
6374	86313.64155890117	1230.735141690638	0
6375	86314.64030281766	1230.666905882763	0
6376	86313.6414791756	1230.735140755844	0
6377	86314.64027360274	1230.666903370438	0
6378	86314.64041925268	1230.666905414067	0
6379	86319.64047893803	1230.413494630588	0
6380	86319.64058976213	1230.413492812356	0
6381	86320.64046535204	1230.359462045551	0
6382	86319.64046869832	1230.413494296085	0
6383	86320.64044607131	1230.359458772394	0
6384	86320.64043879736	1230.359462868358	0
6385	86346.65259317996	1229.274526147156	0
6386	86346.65266792223	1229.274522966408	0
6387	86347.65400953355	1229.263708172816	0
6388	86346.65239628003	1229.274509544757	0
6389	86347.65385083196	1229.263696380389	0
6390	86347.65408696744	1229.263708100683	0
6391	86370.68940828848	1229.583554239291	0
6392	86370.68947833334	1229.583550946183	0
6393	86371.69079022983	1229.587130268616	0
6394	86370.68951591488	1229.583547707215	0
6395	86371.69085723942	1229.587128882847	0
6396	86371.69085149781	1229.587128384896	0
6397	86451.72943978079	1225.038251319016	0
6398	86451.73113771391	1225.035687338018	0
6399	86452.69348337266	1224.920133995119	0
6400	86451.72958498521	1225.038248653314	0
6401	86452.71728661051	1224.933101379333	0
6402	86452.7172866115	1224.933101379204	0
6403	86856.83738852572	1248.158091637983	0
6404	86856.83738164921	1248.158090633348	0
6405	86857.83515519797	1248.246182224571	0
6406	86856.83736030001	1248.158084433669	0
6407	86857.83517477379	1248.246181615268	0
6408	86857.83516505992	1248.246181056252	0
6409	86916.65997164015	1253.929265291738	0
6410	86916.66010464763	1253.929267046856	0
6411	86917.65716632389	1254.024803398537	0
6412	86916.65989651033	1253.929263167471	0
6413	86917.65707468777	1254.024808905342	0
6414	86917.65715671069	1254.024806371695	0
6415	86919.65185046382	1254.207265044517	0
6416	86919.65175214794	1254.207267541468	0
6417	86920.65069126716	1254.280225852542	0
6418	86919.65189814867	1254.207267552597	0
6419	86920.65070890493	1254.280223078752	0
6420	86920.65070499387	1254.28022303687	0
6421	86922.65047880588	1254.391995040148	0
6422	86922.65035835785	1254.391997905542	0
6423	86923.64855785345	1254.471065364421	0
6424	86922.65045604724	1254.391994925407	0
6425	86923.64865827115	1254.471061263258	0
6426	86923.64858764564	1254.471054163305	0
6427	87201.00417872248	1255.809683305575	0
6428	87201.00413139173	1255.809683664743	0
6429	87202.00207989037	1255.729989016698	0
6430	87201.00422561888	1255.809687059542	0
6431	87202.00211594449	1255.729992483175	0
6432	87202.00203499375	1255.729989748422	0
6433	87215.97702188013	1254.62015526583	0
6434	87215.97702203231	1254.62015528801	0
6435	87216.97324529098	1254.518740522617	0
6436	87215.97703742958	1254.620156826703	0
6437	87216.97321739921	1254.518740013845	0
6438	87216.9732542031	1254.518740544558	0
6439	87260.95297102822	1251.628903363149	0
6440	87260.95295473796	1251.628901097215	0
6441	87261.95157188526	1251.553888105218	0
6442	87260.95323467473	1251.628898786685	0
6443	87261.95165038796	1251.553886194588	0
6444	87261.95153532753	1251.553890509927	0
6445	87275.93774905949	1250.472699861193	0
6446	87275.9411960569	1249.710513039784	0
6447	87276.90040818218	1250.203221328718	0
6448	87275.93775154478	1250.472699185333	0
6449	87276.90322667221	1250.21024089213	0
6450	87276.903223728	1250.210241526443	0
6451	87444.12875364284	1255.738703254342	0
6452	87444.12873495527	1255.738702164444	0
6453	87445.12534113077	1255.833938433999	0
6454	87444.1288460489	1255.738697331631	0
6455	87445.12544477216	1255.833935646392	0
6456	87445.12533336462	1255.833938059776	0
6457	87448.12034016236	1256.07185667522	0
6458	87448.12046148372	1256.071860177611	0
6459	87449.11843710567	1256.156761165984	0
6460	87448.12041418729	1256.071851464302	0
6461	87449.11836119587	1256.156749088321	0
6462	87449.11846049706	1256.156759032865	0
6463	87540.93349050725	1264.077840380745	0
6464	87540.93349712944	1264.077840331896	0
6465	87541.92994102722	1264.175146253085	0
6466	87540.9336754856	1264.077844640326	0
6467	87541.92997848743	1264.175141264934	0
6468	87541.92998148469	1264.175146600538	0
6469	87613.76869688157	1270.588770878434	0
6470	87613.76870423913	1270.588769850994	0
6471	87614.76088141391	1270.723605491385	0
6472	87613.76876223515	1270.588773691794	0
6473	87614.7613522489	1270.723639750656	0
6474	87614.76081862833	1270.723602763037	0
6475	87839.07927008381	1275.940414059286	0
6476	87839.07927837723	1275.940414133033	0
6477	87840.0781467444	1276.017408290041	0
6478	87839.07939793295	1275.940410539725	0
6479	87840.07837607744	1276.017409252086	0
6480	87840.07814158805	1276.017408296502	0
6481	87947.06564223842	1282.710158178446	0
6482	87947.06553895844	1282.710156735897	0
6483	87948.0641998814	1282.789430623044	0
6484	87947.06565352157	1282.710158428755	0
6485	87948.06445400615	1282.789439468531	0
6486	87948.06431990699	1282.789432975409	0
6487	88112.36454934531	1285.977203824492	0
6488	88112.36452534326	1285.977206848339	0
6489	88113.34614421788	1285.796510636635	0
6490	88112.40013493091	1286.044743374551	0
6491	88113.34484031011	1285.803438846994	0
6492	88113.34636406763	1285.796507483353	0
6493	88119.29616672843	1286.018099805538	0
6494	88119.29567223458	1286.018102603725	0
6495	88131.36518778882	1285.014423769656	0
6496	88119.28724771357	1286.193688932306	0
6497	88131.36825370727	1285.038396266606	0
6498	88131.36540666121	1285.014411078987	0
6499	88136.30734066051	1284.152565828314	0
6500	88136.30735145108	1284.15256281859	0
6501	88137.30234728489	1284.040566727514	0
6502	88136.30748938647	1284.152559838937	0
6503	88137.30274459432	1284.040547891928	0
6504	88137.30274094761	1284.040548923225	0
6505	88305.24896791016	1273.087629664967	0
6506	88305.24896500027	1273.08762966773	0
6507	88306.24422579873	1272.978226582944	0
6508	88305.24935767366	1273.087630305823	0
6509	88306.24422701841	1272.978228540722	0
6510	88306.24418442076	1272.978227543571	0
6511	88422.21961996451	1265.44364008819	0
6512	88422.21956022049	1265.443640554332	0
6513	88423.21575144981	1265.338125380206	0
6514	88422.21962516432	1265.443640107564	0
6515	88423.21577989848	1265.338126094551	0
6516	88423.21573950688	1265.3381256072	0
6517	88656.57800408313	1259.652467688444	0
6518	88656.57798534087	1259.652465473046	0
6519	88657.57012424208	1259.512543486598	0
6520	88656.5784120707	1259.652493826355	0
6521	88657.57079586654	1259.512548351193	0
6522	88657.57079720055	1259.512546284461	0
6523	88682.47800522501	1256.856826377814	0
6524	88682.47802816224	1256.856823082865	0
6525	88683.46147244261	1256.664888355844	0
6526	88682.47841272	1256.856848802167	0
6527	88683.46221387672	1256.664876603187	0
6528	88683.46166410579	1256.664884957573	0
6529	88782.18315039945	1246.809671081607	0
6530	88782.18319876026	1246.809668436877	0
6531	88783.17238407795	1246.654928210032	0
6532	88782.18340346412	1246.809674179116	0
6533	88783.17258057065	1246.654937754235	0
6534	88783.17254575258	1246.654927771573	0
6535	88824.0024714935	1242.070545273528	0
6536	88824.00232396353	1242.070541051324	0
6537	88824.99660402085	1241.94723965214	0
6538	88824.00237607199	1242.070535405917	0
6539	88824.9965044283	1241.947228900423	0
6540	88824.99660112523	1241.947242839895	0
6541	88995.16566412451	1233.604665816916	0
6542	88995.16558175415	1233.604666686649	0
6543	88996.1661742393	1233.549063871297	0
6544	88995.16559193301	1233.604670372218	0
6545	88996.16622346363	1233.549062853377	0
6546	88996.16617013182	1233.549064359622	0
6547	89043.2544372647	1234.42116836262	0
6548	89043.25444774149	1234.421167908076	0
6549	89044.25501863015	1234.471456468751	0
6550	89043.25458891215	1234.4211669404	0
6551	89044.25551759938	1234.471455318066	0
6552	89044.25544628492	1234.471454684759	0
6553	89094.34566131921	1235.689285914038	0
6554	89094.34564462959	1235.689284379207	0
6555	89095.34687582508	1235.646078320645	0
6556	89094.3458643507	1235.689291016182	0
6557	89095.34703092577	1235.646076377157	0
6558	89095.34683178147	1235.6460787598	0
6559	89154.43401554771	1237.888350008609	0
6560	89154.43434868581	1237.8883483909	0
6561	89155.43456262117	1237.920073115858	0
6562	89154.43403777311	1237.888351069785	0
6563	89155.43463463351	1237.920083347601	0
6564	89155.43457563347	1237.920068142678	0
6565	89232.57737702975	1235.250910626884	0
6566	89232.57737010054	1235.250916526586	0
6567	89233.57381124265	1235.14251067391	0
6568	89232.57722548998	1235.250917582609	0
6569	89233.57401928672	1235.142500954959	0
6570	89233.57401928573	1235.14250095508	0
6571	89280.54840518502	1231.466004497056	0
6572	89280.54854205344	1231.465991696664	0
6573	89281.54954869536	1231.478937665498	0
6574	89280.54795198812	1231.465979312113	0
6575	89281.54937660962	1231.478937777708	0
6576	89281.54942974268	1231.478936049092	0
6577	89333.54533326847	1227.719349471583	0
6578	89333.54539422068	1227.718680185977	0
6579	89334.51626789998	1227.532465008284	0
6580	89333.54540384485	1227.719351263607	0
6581	89334.53703920875	1227.572692119913	0
6582	89334.53731545244	1227.572689705385	0
6583	89409.73763917974	1228.185176784717	0
6584	89409.73764693784	1228.185176758712	0
6585	89410.73803114661	1228.24920231864	0
6586	89409.73795525706	1228.185172516781	0
6587	89410.73806247168	1228.2491972405	0
6588	89410.73792259241	1228.249196572087	0
6589	89554.0668509547	1231.443109313822	0
6590	89554.06686100384	1231.443112112896	0
6591	89555.06141654824	1231.31944262731	0
6592	89554.0671286931	1231.443116711425	0
6593	89555.06189936245	1231.319453100164	0
6594	89555.0614452278	1231.319446284118	0
6595	89924.12524412773	1224.927213865901	0
6596	89924.12515494169	1224.927211423158	0
6597	89925.11824650888	1224.793440834587	0
6598	89924.125507875	1224.927195762516	0
6599	89925.11837063238	1224.793400518029	0
6600	89925.11821029961	1224.793437412537	0
6601	89951.19694797634	1226.183820124714	0
6602	89951.19683106642	1226.183812014801	0
6603	89952.1853996423	1226.374979806306	0
6604	89951.19712648573	1226.183815696169	0
6605	89952.18560812017	1226.374986585513	0
6606	89952.18577523809	1226.375007687257	0
6607	90189.35158631814	1231.208876585	0
6608	90189.35022645703	1231.208848711295	0
6609	90190.32528814103	1231.441893609319	0
6610	90189.35137549572	1231.208853859136	0
6611	90190.32510886813	1231.44176652186	0
6612	90190.3250709454	1231.441773668092	0
6613	90203.34482756452	1232.767360555031	0
6614	90203.34453620799	1232.767422990681	0
6615	90204.32915972153	1232.969215098519	0
6616	90203.34487162091	1232.767364479542	0
6617	90204.32958590798	1232.969242846175	0
6618	90204.32955905388	1232.969239690015	0
6619	90226.34674462254	1235.445693475183	0
6620	90226.3467677001	1235.445688772759	0
6621	90227.34448449643	1235.586740885227	0
6622	90226.34519584378	1235.44543285019	0
6623	90227.3460526377	1235.586871712614	0
6624	90227.34578385958	1235.586828771298	0
6625	90234.3722367966	1236.357554758991	0
6626	90234.37201833297	1236.357522709966	0
6627	90235.37412614556	1236.482632882415	0
6628	90234.37422963983	1236.357568754825	0
6629	90235.37384783727	1236.482553402945	0
6630	90235.37322055909	1236.482498274829	0
6631	90236.37810758382	1236.586757273534	0
6632	90235.3724621298	1236.482515645742	0
6633	90236.37731738246	1236.586674754664	0
6634	90236.37736756774	1236.586679439559	0
6635	90240.40414541904	1236.948630622255	0
6636	90240.40327964604	1236.948562960731	0
6637	90241.41145383663	1237.026306513406	0
6638	90240.40361257529	1236.948577100632	0
6639	90241.41215669669	1237.026365883073	0
6640	90241.41149602598	1237.026311709867	0
6641	90328.51341737885	1243.084995723418	0
6642	90328.51425785472	1243.085156417432	0
6643	90342.69741347563	1244.303443180929	0
6644	90342.69778820573	1244.303454451944	0
6645	90401.94194406774	1249.509697115317	0
6646	90401.94209167518	1249.509721866852	0
6647	90402.96588927411	1249.635472505488	0
6648	90401.94141015413	1249.509432436633	0
6649	90402.96469855472	1249.635351376386	0
6650	90402.9653816589	1249.635495462322	0
6651	90510.00577374213	1265.124487052788	0
6652	90510.01531353954	1265.128001095893	0
6653	90511.29168971375	1265.41622699903	0
6654	90510.00060003091	1265.123906349561	0
6655	90511.29182716229	1265.413199247421	0
6656	90509.4095642422	1264.879615394215	0
6657	90510.88823260539	1265.272850469563	0
6658	90511.29982180652	1265.419212511817	0
6659	90520.43841264292	1268.901353550539	0
6660	90520.42820470221	1268.898605364948	0
6661	90524.74881971875	1269.070914116483	0
6662	90524.0172773407	1268.737329315788	0
6663	90524.70506617549	1269.007899578507	0
6664	90524.72479136346	1269.064944476054	0
6665	90531.97542032498	1270.726738189759	0
6666	90531.97061423029	1270.726097250721	0
6667	90528.03058307199	1267.651175430125	0
6668	90527.49133454068	1267.487875163554	0
6669	90528.4998834437	1267.161191853124	0
6670	90528.03189418156	1267.653750876954	0
6671	90528.55543375263	1267.116703965533	0
6672	90528.55433403561	1267.118465631845	0
6673	90545.64338156109	1296.23744751544	0
6674	90528.56242887303	1267.140074193654	0
6675	90544.6187656025	1274.356331486434	0
6676	90545.64315692094	1296.237681535482	0
6677	90549.04213955111	1293.90731365407	0
6678	90548.9764093855	1293.858805909625	0
6679	90520.24156902017	1268.935866928254	0
6680	90549.0418695148	1293.904090016949	0
6681	90550.24587714067	1293.971116782484	0
6682	90550.24434985494	1293.970313380671	0
6683	90551.90901496809	1292.555546665806	0
6684	90551.90843889638	1292.5559576923	0
6685	90552.49308462322	1291.665514193141	0
6686	90552.4943581743	1291.665743973632	0
6687	90553.73554810736	1287.468308710308	0
6688	90553.73785142004	1287.466827047325	0
6689	90553.83031818666	1283.277414710572	0
6690	90553.90940019212	1283.365893875444	0
6691	90551.79323957939	1278.87702380271	0
6692	90553.83795709437	1283.281803722511	0
6693	90551.64394950817	1278.799026948014	0
6694	90551.63886854969	1278.799978567836	0
6695	90549.56493488443	1276.953213876383	0
6696	90549.82865796715	1277.053695878386	0
6697	90547.57373789718	1275.336949937071	0
6698	90549.5562347027	1276.94850188542	0
6699	90546.68064691321	1275.179226198389	0
6700	90546.67534270237	1275.178182965847	0
6701	90544.62838363077	1274.367969977905	0
6702	90548.05667067942	1275.220095212309	0
6703	90541.17737584547	1273.264334058699	0
6704	90544.6275396389	1274.367044974505	0
6705	90541.30838998815	1273.340455820005	0
6706	90541.3084033794	1273.340455823607	0
6707	90680.48299620909	1255.059627632941	0
6708	90680.4800357926	1255.059879832437	0
6709	90681.51157799154	1254.964343812572	0
6710	90680.48374603578	1255.059437833885	0
6711	90681.51638716136	1254.963817933833	0
6712	90681.51780898127	1254.963454044327	0
6713	90693.92591032942	1253.704639716846	0
6714	90693.9262422547	1253.704621062764	0
6715	90694.95261278542	1253.621194225701	0
6716	90693.92874196739	1253.704199454678	0
6717	90694.95578122156	1253.621148551116	0
6718	90694.95308530814	1253.621153030136	0
6719	90770.50848082104	1249.761424321258	0
6720	90770.50854671784	1249.76147724682	0
6721	90771.52619653853	1249.689661379044	0
6722	90770.50935930113	1249.761357067719	0
6723	90771.5280010314	1249.689550978502	0
6724	90771.52567192144	1249.689720942415	0
6725	90813.11883281326	1249.738425269979	0
6726	90813.11842655684	1249.738444093246	0
6727	90814.13029806031	1249.764347152729	0
6728	90813.12292616643	1249.738182759025	0
6729	90814.12982486963	1249.764325130096	0
6730	90814.13009746466	1249.764343408786	0
6731	90819.19600626908	1249.829741459851	0
6732	90819.19548847142	1249.829751297998	0
6733	90820.20221338168	1249.927554488709	0
6734	90819.19609456297	1249.82974420156	0
6735	90820.20396605413	1249.927489373702	0
6736	90820.20417056966	1249.927492609163	0
6737	90852.52195047974	1250.048875427295	0
6738	90852.52146464659	1250.048826094476	0
6739	90853.51350588852	1249.874255307309	0
6740	90852.5216829541	1250.04886634064	0
6741	90853.51252486664	1249.874268184795	0
6742	90853.5135593749	1249.874267923263	0
6743	90997.40227939337	1252.575876660457	0
6744	90997.40150656932	1252.575860613981	0
6745	90998.36813319419	1252.84540360561	0
6746	90997.40255392727	1252.575833176884	0
6747	90998.36880435114	1252.845422755449	0
6748	90998.36827964769	1252.845418305686	0
6749	91174.02427793661	1261.812939236422	0
6750	91172.33826964637	1262.443488211254	0
6751	91173.97429663772	1261.858974241914	0
6752	91174.02011242879	1261.814917179328	0
6753	91174.15041382026	1261.755181246651	0
6754	91173.75965949346	1261.822104908288	0
6755	91174.78747366171	1261.519261002234	0
6756	91174.1560706833	1261.753229483812	0
6757	91187.49520487379	1260.691225887218	0
6758	91187.50522630129	1260.692666196794	0
6759	91188.5340085332	1260.646725232467	0
6760	91187.49187663829	1260.691546510619	0
6761	91188.47867220695	1260.65190721439	0
6762	91188.47858332898	1260.651910238233	0
6763	91249.71196074612	1262.133226542518	0
6764	91249.71355927232	1262.133246433958	0
6765	91250.71790272815	1262.082932657156	0
6766	91249.71259713799	1262.133229021728	0
6767	91250.7182603016	1262.082928605669	0
6768	91250.71813359327	1262.082933867405	0
6769	91307.92246299339	1261.907657020354	0
6770	91307.92242792147	1261.907655890654	0
6771	91308.91469417693	1262.057037109416	0
6772	91307.92282439431	1261.907655942664	0
6773	91308.91485594577	1262.057036796384	0
6774	91308.91494775348	1262.057030610664	0
6775	91356.00240579431	1264.073588843637	0
6776	91356.00242056997	1264.073593258365	0
6777	91357.00021360489	1263.973971707705	0
6778	91356.00243150679	1264.073640059558	0
6779	91357.00090196147	1263.973990123046	0
6780	91357.000185924	1263.973974338861	0
6781	91469.24382603358	1259.477696519191	0
6782	91469.24360794094	1259.477695613064	0
6783	91470.24674236961	1259.447479292768	0
6784	91469.24392889839	1259.477696181596	0
6785	91470.24711303684	1259.447485734406	0
6786	91470.2469863513	1259.447481650172	0
6787	91478.21555443163	1258.557159986321	0
6788	91478.21550061277	1258.557174371184	0
6789	91479.20918741662	1258.421566321572	0
6790	91478.215847388	1258.55717617895	0
6791	91479.20932266981	1258.421558299756	0
6792	91479.20934251253	1258.421564446554	0
6793	91499.21162484837	1257.074950627476	0
6794	91499.21173086029	1257.074941351926	0
6795	91500.21481376648	1257.068347416368	0
6796	91499.21149590172	1257.074951514013	0
6797	91500.21483290804	1257.068358342155	0
6798	91500.21481438784	1257.068359793472	0
6799	91838.60515547439	1271.417602964064	0
6800	91838.60525496566	1271.41760229404	0
6801	91839.60399970203	1271.494019266197	0
6802	91838.6053308167	1271.417605178047	0
6803	91839.60390671884	1271.494017648736	0
6804	91839.60399970302	1271.494019266094	0
6805	91856.59968742417	1272.630083665428	0
6806	91856.5997520111	1272.630085566425	0
6807	91857.59993178319	1272.675989965325	0
6808	91856.59973303546	1272.630084794122	0
6809	91857.60019424232	1272.676009385686	0
6810	91857.59997211714	1272.675992474881	0
6811	91883.64379449413	1272.111789308956	0
6812	91883.64383346419	1272.111791001741	0
6813	91884.63969082054	1272.01120749939	0
6814	91883.64381594252	1272.111790359174	0
6815	91884.63968217812	1272.011207043806	0
6816	91884.63967424876	1272.01120704426	0
6817	92244.12669213978	1263.91909688295	0
6818	92244.12675795503	1263.919094823228	0
6819	92245.11921126014	1263.783550330888	0
6820	92244.12678175655	1263.91909735175	0
6821	92245.11930703875	1263.783551022131	0
6822	92245.11932367529	1263.78354962061	0
6823	92355.07183086703	1256.580448457297	0
6824	92355.07178888566	1256.580448343166	0
6825	92356.06818205543	1256.479893095838	0
6826	92355.07188557243	1256.58044902349	0
6827	92356.06816751926	1256.479891800155	0
6828	92356.06818241681	1256.479889452176	0
6829	92403.00511763187	1252.820683796799	0
6830	92403.0051303556	1252.820689616399	0
6831	92404.00744023977	1252.820982823191	0
6832	92403.0051255131	1252.820683655694	0
6833	92404.00738575126	1252.820979697832	0
6834	92404.00739524662	1252.820979514236	0
6835	92415.02456880643	1252.825644389457	0
6836	92415.02456880745	1252.825644389436	0
6837	92416.02486973983	1252.858481958889	0
6838	92415.02465045408	1252.825644362618	0
6839	92416.02501070377	1252.858480773707	0
6840	92416.02488490386	1252.858481505436	0
6841	92499.15560335596	1252.742951062913	0
6842	92499.15551778217	1252.742945889374	0
6843	92500.15316408858	1252.663841279255	0
6844	92499.15562390038	1252.742952217753	0
6845	92500.15323858307	1252.663844362632	0
6846	92500.15322245221	1252.663840281318	0
6847	92544.15463959091	1250.093549876925	0
6848	92544.15465332172	1250.093548697917	0
6849	92545.14734812806	1249.962273863121	0
6850	92544.15512217136	1250.093545982996	0
6851	92545.1474374285	1249.962265193386	0
6852	92545.14741832064	1249.96226778807	0
6853	92555.1393898621	1249.287592735415	0
6854	92555.13927943815	1249.287591683198	0
6855	92556.14061295812	1249.245280784888	0
6856	92555.13963106219	1249.287582757712	0
6857	92556.14068062737	1249.245279209248	0
6858	92556.14062917681	1249.245280327674	0
6859	92595.19653086452	1248.603887320045	0
6860	92595.19661311174	1248.60388708296	0
6861	92596.19790245264	1248.64008934186	0
6862	92595.19670852079	1248.603880460806	0
6863	92596.19800450676	1248.640089110601	0
6864	92596.19797212421	1248.640090404271	0
6865	92625.25338404145	1248.162744168328	0
6866	92625.25337880079	1248.162741792334	0
6867	92626.25243075733	1248.226334108393	0
6868	92625.25347575903	1248.16273965192	0
6869	92626.25292858886	1248.226323880677	0
6870	92626.25300069392	1248.226339335619	0
6871	92671.28195841151	1250.836225907608	0
6872	92671.29207563563	1250.83138818518	0
6873	92672.2585633565	1251.05093825545	0
6874	92671.28198681914	1250.836226852487	0
6875	92672.25812031716	1251.053830876926	0
6876	92672.25819520417	1251.053834770031	0
6877	92674.22588754355	1251.428029300228	0
6878	92674.22588478171	1251.428029846544	0
6879	92675.22056839446	1251.546328211161	0
6880	92674.22579351961	1251.428031141472	0
6881	92675.22050465824	1251.546327236796	0
6882	92675.22052939874	1251.546329551702	0
6883	92795.1095583782	1260.065289782247	0
6884	92795.10954004759	1260.065287629482	0
6885	92796.09896108415	1260.217355070146	0
6886	92795.10910967298	1260.065282843212	0
6887	92796.09870108188	1260.217363121761	0
6888	92796.09894354266	1260.217354134784	0
6889	92958.03876625677	1270.546814751459	0
6890	92958.03873857134	1270.546812636293	0
6891	92959.03047054666	1270.686915054925	0
6892	92958.03797073488	1270.546768294935	0
6893	92959.03024696579	1270.686938745571	0
6894	92959.03054500409	1270.686918248966	0
6895	93013.00430684487	1274.47967263085	0
6896	93013.00497062065	1274.480705442971	0
6897	93014.00839285116	1274.533520696691	0
6898	93013.00430945164	1274.479672629559	0
6899	93014.00590257652	1274.489868212178	0
6900	93014.00583069128	1274.489867006453	0
6901	93017.00038976359	1274.211900819379	0
6902	93017.00023067169	1274.211899847457	0
6903	93018.00155593824	1274.209993179417	0
6904	93017.00047966326	1274.211901196873	0
6905	93018.00164763854	1274.20999297538	0
6906	93018.0016537878	1274.209992778621	0
6907	93255.38373841732	1273.380152817821	0
6908	93255.38395152465	1273.380128618067	0
6909	93256.38526829239	1273.383353113868	0
6910	93255.38373841631	1273.380152817943	0
6911	93256.38528295635	1273.383362984969	0
6912	93256.38531514286	1273.383356763823	0
6913	93400.31415240586	1263.871284537302	0
6914	93400.31430382613	1263.871283926133	0
6915	93401.30943150862	1263.756096519477	0
6916	93400.3141382646	1263.871286210784	0
6917	93401.30928967954	1263.756089506669	0
6918	93401.3092743718	1263.756086585269	0
6919	93554.26663953092	1254.432498917683	0
6920	93554.26670713178	1254.43249530785	0
6921	93555.2628688229	1254.332779667923	0
6922	93554.26656747481	1254.432496374616	0
6923	93555.26264885082	1254.332772850373	0
6924	93555.26288663707	1254.332779476195	0
6925	93659.32720762436	1249.258235673489	0
6926	93659.32711342385	1249.258236436964	0
6927	93660.32863065766	1249.267713667568	0
6928	93659.32709666117	1249.258222687777	0
6929	93660.32871612001	1249.267696769972	0
6930	93660.32870761075	1249.267700434986	0
6931	93695.35585958426	1250.770257130233	0
6932	93695.35584587391	1250.77025565961	0
6933	93696.35277416377	1250.864514211493	0
6934	93695.35580558205	1250.770254538725	0
6935	93696.35255077641	1250.864509680411	0
6936	93696.35278964686	1250.86451502976	0
6937	93702.34160306767	1251.349198876552	0
6938	93702.34150386465	1251.349197144023	0
6939	93703.33949009905	1251.433945341149	0
6940	93702.34161787716	1251.349199651705	0
6941	93703.33948823222	1251.433944035616	0
6942	93703.3395089015	1251.433945276178	0
6943	93704.33649115564	1251.525921997779	0
6944	93704.33657319946	1251.525922956112	0
6945	93705.33517317259	1251.598957136088	0
6946	93704.33640276871	1251.525927705447	0
6947	93705.33490387676	1251.598958108967	0
6948	93705.33509944659	1251.598955210644	0
6949	93761.35749659687	1254.275618714553	0
6950	93761.35768177986	1254.275620841274	0
6951	93762.3587264324	1254.308092946952	0
6952	93761.35756510557	1254.275620770982	0
6953	93762.35860880336	1254.30809875316	0
6954	93762.35870561464	1254.308093549436	0
6955	93850.45315846932	1251.395807836453	0
6956	93850.45316586277	1251.395808001356	0
6957	93851.45451339069	1251.404471929599	0
6958	93850.45306076066	1251.395806008583	0
6959	93851.45440914173	1251.404470632497	0
6960	93851.45444039366	1251.404471778845	0
6961	94001.67004852649	1250.764981098752	0
6962	94001.67003894682	1250.764980150249	0
6963	94002.67185825735	1250.765603135487	0
6964	94001.67008757973	1250.764975123913	0
6965	94002.67175243041	1250.765595674919	0
6966	94002.67185666322	1250.765605091011	0
6967	94007.6709082078	1251.058327131269	0
6968	94007.67093031024	1251.058327249934	0
6969	94008.67101247353	1251.110821246441	0
6970	94007.67089720711	1251.058328656713	0
6971	94008.67092648798	1251.110826256162	0
6972	94008.67096591962	1251.110828355317	0
6973	94010.66364935908	1251.318160920762	0
6974	94010.66365602321	1251.318161499267	0
6975	94011.66005534929	1251.418844201305	0
6976	94010.66353709655	1251.318154375977	0
6977	94011.65996250787	1251.418842383956	0
6978	94011.65994624273	1251.418841926184	0
6979	94052.53963169715	1255.298351313892	0
6980	94052.53965076635	1255.298350063565	0
6981	94053.53420697132	1255.414835589892	0
6982	94052.53938749773	1255.298340878291	0
6983	94053.5341122325	1255.414825575303	0
6984	94053.53422451476	1255.414838487158	0
6985	94055.5176764167	1255.694401272385	0
6986	94055.51787347088	1255.694416870207	0
6987	94056.51045734863	1255.82448224622	0
6988	94055.51765150652	1255.694412341378	0
6989	94056.51040880603	1255.824482450504	0
6990	94056.51046682915	1255.824479948801	0
6991	94058.49578517961	1256.090339046566	0
6992	94058.49590662989	1256.090343392604	0
6993	94059.48323831632	1256.258988976361	0
6994	94058.49578517862	1256.090339046508	0
6995	94059.48319862169	1256.258989677335	0
6996	94059.48324952472	1256.258989507606	0
6997	94088.34772160751	1259.484549257998	0
6998	94088.34772924922	1259.484548663824	0
6999	94089.3403822408	1259.618051245777	0
7000	94088.34767112287	1259.48454988675	0
7001	94089.34026601849	1259.618046424055	0
7002	94089.34033040452	1259.618046500328	0
7003	94091.32228988604	1259.905711072296	0
7004	94091.32196791889	1259.905716080195	0
7005	94092.31309132124	1260.047950747903	0
7006	94091.32236327295	1259.905717762533	0
7007	94092.31358752775	1260.047945882848	0
7008	94092.31359182645	1260.047947536077	0
7009	94160.16219072521	1265.913070877024	0
7010	94160.16221902572	1265.913072952448	0
7011	94161.15841588567	1266.016917195529	0
7012	94160.16215648249	1265.913071620011	0
7013	94161.1583428595	1266.016919486499	0
7014	94161.15844266588	1266.016918270754	0
7015	94169.13389535286	1266.778650218653	0
7016	94169.1338470238	1266.778649046971	0
7017	94170.13115827873	1266.871550374627	0
7018	94169.13375177232	1266.778653186477	0
7019	94170.13092572655	1266.871560644057	0
7020	94170.13115222563	1266.87155003392	0
7021	94259.16043937232	1271.378303130287	0
7022	94259.16042844456	1271.378303345416	0
7023	94260.16108091062	1271.408048864372	0
7024	94259.16049812056	1271.37830758829	0
7025	94260.16108477869	1271.408065874015	0
7026	94260.16099711586	1271.408046288193	0
7027	94310.23927697117	1270.970643190577	0
7028	94310.23936328525	1270.970644037755	0
7029	94311.23985443075	1270.934530842928	0
7030	94310.23939443342	1270.970647587745	0
7031	94311.23995072118	1270.934531827795	0
7032	94311.23986276175	1270.934528516772	0
7033	94319.2412543383	1270.515326025799	0
7034	94319.241237921	1270.51532726297	0
7035	94320.2403958723	1270.444827553444	0
7036	94319.24126347862	1270.515328107913	0
7037	94320.24037492857	1270.444827428558	0
7038	94320.24037441451	1270.444827886967	0
7039	94352.25981048797	1269.049476859832	0
7040	94352.25971661741	1269.049472705972	0
7041	94353.26042131707	1269.019900586123	0
7042	94352.25991238956	1269.049470576752	0
7043	94353.26038758055	1269.019898984293	0
7044	94353.26041593705	1269.019900584405	0
7045	94424.36306504282	1269.80031669611	0
7046	94424.36306698326	1269.800317097364	0
7047	94425.36184267458	1269.86662525829	0
7048	94424.36315277399	1269.800305475779	0
7049	94425.36196480365	1269.866620039375	0
7050	94425.36196299471	1269.866620509274	0
7051	94493.3196951102	1274.17384361433	0
7052	94493.31977213072	1274.173847838681	0
7053	94494.31785389283	1274.257003102957	0
7054	94493.31973203077	1274.173842210515	0
7055	94494.31785441711	1274.257003372989	0
7056	94494.31786227212	1274.257003885231	0
7057	94517.27114854346	1276.135910562816	0
7058	94517.27104684338	1276.135907677198	0
7059	94518.27074096238	1276.194232337071	0
7060	94517.27109127841	1276.13591094517	0
7061	94518.27082974336	1276.194236673165	0
7062	94518.27074747166	1276.194232864048	0
7063	94631.37730924913	1278.874683805737	0
7064	94631.37726792158	1278.874683169526	0
7065	94632.37769612356	1278.909404467717	0
7066	94631.37731429769	1278.874684868356	0
7067	94632.37772428233	1278.909406179543	0
7068	94632.37768427981	1278.909404222878	0
7069	94689.45352082371	1279.523927404774	0
7070	94689.45353927702	1279.5239258509	0
7071	94690.45489668386	1279.504020938572	0
7072	94689.45355044591	1279.523927766638	0
7073	94690.45500332289	1279.504024584665	0
7074	94690.45492074013	1279.504019745002	0
7075	94718.45270023411	1278.007111880979	0
7076	94718.45273976002	1278.007109933918	0
7077	94719.45324071401	1277.972480797886	0
7078	94718.45283096004	1278.007112254107	0
7079	94719.45339361485	1277.972488955799	0
7080	94719.45328891548	1277.972478971586	0
7081	94763.43213501302	1275.42326962119	0
7082	94763.43224217836	1275.423264818785	0
7083	94764.43240974515	1275.374534455909	0
7084	94763.43227157622	1275.423266024784	0
7085	94764.43245269722	1275.374532572476	0
7086	94764.43241222284	1275.374534377194	0
7087	94832.51119541074	1274.459234703735	0
7088	94832.51119028119	1274.459235102423	0
7089	94833.51155207501	1274.422653911524	0
7090	94832.51119322682	1274.459235573857	0
7091	94833.51156763802	1274.422656309047	0
7092	94833.51155440445	1274.422656216281	0
7093	94996.4751945583	1265.600605572513	0
7094	94996.47516100135	1265.600604826145	0
7095	94997.47434932683	1265.536382837252	0
7096	94996.47515582683	1265.600606464577	0
7097	94997.47450741878	1265.536382833104	0
7098	94997.47436035823	1265.53638253467	0
7099	95037.35182801305	1261.828485460094	0
7100	95037.35178432646	1261.828486263328	0
7101	95038.34962403565	1261.751156694436	0
7102	95037.35178902818	1261.828484007918	0
7103	95038.3496807066	1261.751157064514	0
7104	95038.3496842719	1261.751156500568	0
7105	95244.20343066915	1249.185464247603	0
7106	95244.20350048167	1249.185464555951	0
7107	95245.20132698992	1249.102420135863	0
7108	95244.20345374179	1249.185463183005	0
7109	95245.20122987108	1249.102416537452	0
7110	95245.2013269889	1249.102420135876	0
7111	95336.99157681354	1241.444699030052	0
7112	95336.99157998152	1241.44469878527	0
7113	95337.98802756114	1241.352506874128	0
7114	95336.99131961921	1241.444689213441	0
7115	95337.9878701228	1241.352505421436	0
7116	95337.9880135089	1241.352502144441	0
7117	95631.00289553095	1227.604757516692	0
7118	95631.00291783831	1227.604756070407	0
7119	95632.00210108396	1227.545689458042	0
7120	95631.0029005945	1227.604757205582	0
7121	95632.0020385411	1227.545692171938	0
7122	95632.00204783294	1227.545691940307	0
7123	95871.04661320485	1216.749795029137	0
7124	95871.04664305114	1216.749794527754	0
7125	95872.04550784209	1216.690373913902	0
7126	95871.04658609763	1216.749795604495	0
7127	95872.04565515113	1216.690370295071	0
7128	95872.04566352151	1216.690374450207	0
7129	95910.04523774952	1214.638367771698	0
7130	95910.04524410341	1214.638368059382	0
7131	95911.04658906366	1214.626378002762	0
7132	95910.04525155146	1214.638363708486	0
7133	95911.04660082833	1214.626374370626	0
7134	95911.0466516029	1214.626375146257	0
7135	96000.15388531605	1216.473710620006	0
7136	96000.15391882407	1216.473711159923	0
7137	96001.15477880731	1216.493893848082	0
7138	96000.15393612144	1216.473709526936	0
7139	96001.15474152038	1216.49389191486	0
7140	96001.15473377533	1216.493894171794	0
7141	96036.12288773205	1218.820688912637	0
7142	96036.12285797985	1218.820689626866	0
7143	96037.12257467787	1218.873203156036	0
7144	96036.1228850396	1218.82068864099	0
7145	96037.12259364937	1218.873202387481	0
7146	96037.1225500775	1218.873201477904	0
7147	96417.47155296933	1227.861684564985	0
7148	96417.47161807356	1227.861688190007	0
7149	96418.4707143422	1227.922717944951	0
7150	96417.47153643059	1227.861684479419	0
7151	96418.47068526936	1227.922716930912	0
7152	96418.47072031733	1227.922718803366	0
7153	96447.35668494881	1230.918028762518	0
7154	96447.35671674574	1230.918031805226	0
7155	96448.35293461583	1231.016950535014	0
7156	96447.35645222801	1230.91801712201	0
7157	96448.35289094283	1231.016953260465	0
7158	96448.3529244946	1231.016952790009	0
7159	96498.22200683321	1235.557418592422	0
7160	96498.22203950657	1235.557421797929	0
7161	96499.21843945436	1235.654525051706	0
7162	96498.22205462723	1235.557421364111	0
7163	96499.21848693458	1235.654531406615	0
7164	96499.21850640487	1235.654529506705	0
7165	96519.16947840177	1237.43983261479	0
7166	96519.16948130095	1237.439832617025	0
7167	96520.16825318741	1237.511548209813	0
7168	96519.1694927357	1237.439833222813	0
7169	96520.16827870792	1237.511552058754	0
7170	96520.16825564997	1237.511548235054	0
7171	96606.26324702983	1240.575182598549	0
7172	96606.26329622217	1240.575181055413	0
7173	96607.26457835958	1240.576780196744	0
7174	96606.26335662097	1240.575189624695	0
7175	96607.2646139132	1240.576789267908	0
7176	96607.26465197516	1240.576787661982	0
7177	96645.28382738726	1238.8572152442	0
7178	96645.28383735014	1238.85721524503	0
7179	96646.28323772192	1238.793749324487	0
7180	96645.28383532166	1238.857214951241	0
7181	96646.28305752514	1238.793753499247	0
7182	96646.28321617062	1238.793748866749	0
7183	96648.28140259557	1238.656058057021	0
7184	96648.28143581879	1238.656057227189	0
7185	96649.27948582207	1238.575917647123	0
7186	96648.28140910185	1238.656057639282	0
7187	96649.27944588428	1238.57591714539	0
7188	96649.27946539628	1238.575915928163	0
7189	96723.14309606826	1232.492649296722	0
7190	96723.14313033357	1232.492650089531	0
7191	96724.14096304876	1232.410962808314	0
7192	96723.14303028828	1232.492646958151	0
7193	96724.14087936771	1232.410956410677	0
7194	96724.1409584404	1232.410962315867	0
7195	96942.32052922208	1225.296502930589	0
7196	96942.32058794447	1225.296503629802	0
7197	96943.32121890696	1225.264455536803	0
7198	96942.32056153077	1225.29650079402	0
7199	96943.32118338882	1225.264453327624	0
7200	96943.32126956971	1225.264455595038	0
7201	96966.35391423423	1225.108639241006	0
7202	96966.35397710989	1225.108639984277	0
7203	96967.35520962792	1225.115456083514	0
7204	96966.35398611901	1225.108636330738	0
7205	96967.35522280171	1225.11545284657	0
7206	96967.35521907566	1225.11545407415	0
7207	97035.32105988878	1229.355867121754	0
7208	97035.32105857748	1229.355867195136	0
7209	97036.31916948516	1229.432352646283	0
7210	97035.3210077947	1229.355864734928	0
7211	97036.31913266002	1229.432354376759	0
7212	97036.31917132242	1229.432353501311	0
7213	97089.19012519915	1234.003582635857	0
7214	97089.19011612912	1234.003581241277	0
7215	97090.18812715565	1234.081197236149	0
7216	97089.19013299604	1234.003585909969	0
7217	97090.18805636532	1234.081195639782	0
7218	97090.18804553052	1234.081194094353	0
7219	97275.17865393998	1243.149970237499	0
7220	97275.1787520537	1243.14996231777	0
7221	97276.17828554855	1243.201909275464	0
7222	97275.17865330097	1243.149970232765	0
7223	97276.17823009915	1243.201914969852	0
7224	97276.17827714287	1243.20191402034	0
7225	97692.5672343366	1237.223316391342	0
7226	97692.56722656894	1237.223316645945	0
7227	97693.56738214768	1237.255264059262	0
7228	97692.56724263349	1237.223302653462	0
7229	97693.56738665514	1237.255260865165	0
7230	97693.56736819391	1237.255263677678	0
7231	97901.47279984714	1248.671538285484	0
7232	97901.47279438772	1248.671538176591	0
7233	97902.46763594323	1248.782620087825	0
7234	97901.4727877469	1248.67153721208	0
7235	97902.4675680169	1248.782621585136	0
7236	97902.46761552812	1248.782618827626	0
7237	97934.44018162845	1250.852457518819	0
7238	97934.44017017819	1250.852457778019	0
7239	97935.44059508693	1250.890735391424	0
7240	97934.44006467322	1250.852460043535	0
7241	97935.44058249256	1250.890742004394	0
7242	97935.4405929526	1250.890734851507	0
7243	97959.45735944802	1250.148694491106	0
7244	97959.45735944904	1250.148694491091	0
7245	97960.45604247105	1250.086401825469	0
7246	97959.457289768	1250.148695618197	0
7247	97960.45594262719	1250.086401984622	0
7248	97960.45595527533	1250.086401828372	0
7249	98127.53129095878	1244.860915476345	0
7250	98127.53135717069	1244.860914866137	0
7251	98128.53078924608	1244.811362648753	0
7252	98127.53130194193	1244.860914124029	0
7253	98128.5307496633	1244.81136218303	0
7254	98128.53081455352	1244.811362057148	0
7255	98148.54697160947	1244.315537305617	0
7256	98148.54694718818	1244.315537337523	0
7257	98149.54795562828	1244.314654957246	0
7258	98148.54684845585	1244.315535560876	0
7259	98149.54793167993	1244.314649969838	0
7260	98149.54789535457	1244.314652458652	0
7261	98208.49500999058	1248.166401760853	0
7262	98208.49502617025	1248.166402208868	0
7263	98209.49172539453	1248.255834744009	0
7264	98208.49497249164	1248.166401481054	0
7265	98209.49165542348	1248.255835333254	0
7266	98209.49171930764	1248.255834413867	0
7267	98361.57783148286	1253.102730114078	0
7268	98361.57782891591	1253.102730200795	0
7269	98362.57882855556	1253.0960031538	0
7270	98361.57787982136	1253.102733780788	0
7271	98362.57876790146	1253.096008518176	0
7272	98362.5788162135	1253.096001993227	0
7273	98433.58311059032	1249.44512916678	0
7274	98433.58315063149	1249.445129487708	0
7275	98434.58316085854	1249.405741801422	0
7276	98433.58313827444	1249.44512889222	0
7277	98434.58311682846	1249.405740308219	0
7278	98434.58310772042	1249.40574058459	0
7279	98472.62759125751	1248.969372880865	0
7280	98472.62760289526	1248.969374832231	0
7281	98473.62808362863	1249.005381698996	0
7282	98472.62757870043	1248.969372901488	0
7283	98473.62793546522	1249.005371112189	0
7284	98473.62794317282	1249.005371400365	0
7285	98532.58884330231	1252.75923132636	0
7286	98532.58884980879	1252.759231801689	0
7287	98533.58662893015	1252.840812219021	0
7288	98532.58883113306	1252.759230918404	0
7289	98533.58659026428	1252.84081379587	0
7290	98533.58662315755	1252.840812013694	0
7291	98553.52712411652	1254.657613198853	0
7292	98553.52712108934	1254.657612236542	0
7293	98554.52612799147	1254.725996882877	0
7294	98553.52712029568	1254.657616661519	0
7295	98554.52610731489	1254.725996917611	0
7296	98554.52612399278	1254.725996884118	0
7297	98763.70537510578	1261.065861571001	0
7298	98763.70544183289	1261.065860076468	0
7299	98764.7064345862	1261.069550853074	0
7300	98763.70537116399	1261.065862926944	0
7301	98764.70637688148	1261.069564026192	0
7302	98764.70640865367	1261.069562557473	0
7303	98932.82822322653	1254.608348295786	0
7304	98932.82832835446	1254.608344761801	0
7305	98933.82831472595	1254.556094512608	0
7306	98932.8281254211	1254.608359924588	0
7307	98933.82828204447	1254.556098349515	0
7308	98933.82834707628	1254.556092439196	0
7309	99011.70731363448	1248.459882936902	0
7310	99011.70726438001	1248.45988656261	0
7311	99013.69876851229	1248.251425633176	0
7312	99011.70730504347	1248.459884379231	0
7313	99013.69882900428	1248.251426158961	0
7314	99013.69884606128	1248.251424539963	0
7315	99043.58071833348	1245.100141591191	0
7316	99043.58068946679	1245.100143923258	0
7317	99044.57704048627	1245.000847030503	0
7318	99043.58074121055	1245.100142064502	0
7319	99044.57712543337	1245.000850503325	0
7320	99044.57714021925	1245.000848259859	0
7321	99174.46584982809	1235.924238609226	0
7322	99174.46592557424	1235.924233200843	0
7323	99175.46593774788	1235.873774767062	0
7324	99174.46587831146	1235.924227449405	0
7325	99175.46583715855	1235.873763073926	0
7326	99175.46590876376	1235.873776957799	0
7327	99314.63528425334	1232.612710761239	0
7328	99314.63528663828	1232.612711428486	0
7329	99315.6365042449	1232.593590096201	0
7330	99314.63530848495	1232.612707534275	0
7331	99315.63653043925	1232.593583227111	0
7332	99315.63654161507	1232.593584892504	0
7333	99367.66052079445	1234.943935441688	0
7334	99367.66053899363	1234.943935107847	0
7335	99368.66144555219	1234.973324784524	0
7336	99367.66050631041	1234.943933939758	0
7337	99368.66139882451	1234.973325771481	0
7338	99368.66144511115	1234.973324500277	0
7339	99517.86306557129	1235.576969964416	0
7340	99517.86307699184	1235.576969986798	0
7341	99518.86242971779	1235.639528540386	0
7342	99517.8629972701	1235.576955828991	0
7343	99518.86234854843	1235.639512100262	0
7344	99518.86243114155	1235.639528513099	0
7345	99556.82756945325	1238.241298436977	0
7346	99556.82755979622	1238.24129796715	0
7347	99557.82578982654	1238.318274454673	0
7348	99556.82753040423	1238.241293428556	0
7349	99557.82566061715	1238.318270056764	0
7350	99557.82575193778	1238.318272700582	0
7351	99631.70425903285	1243.996042259179	0
7352	99631.70430331922	1243.996043032667	0
7353	99632.70228716906	1244.080340665954	0
7354	99631.70419908728	1243.996040822492	0
7355	99632.70224958257	1244.080342373325	0
7356	99632.70231123635	1244.080344644006	0
7357	99799.6393893529	1254.142805476092	0
7358	99799.63938782935	1254.142804254016	0
7359	99800.61046321777	1254.385070762949	0
7360	99799.6393833051	1254.142905190863	0
7361	99800.6103138394	1254.385502671368	0
7362	99799.6415743859	1254.13652984275	0
7363	99800.61086038579	1254.380677372061	0
7364	99800.61038716097	1254.385507628046	0
7365	99816.52951924544	1256.216747256591	0
7366	99816.52952809402	1256.216750812559	0
7367	99817.51871007076	1256.371517958207	0
7368	99816.5300133366	1256.214633526582	0
7369	99817.51872520783	1256.371459214776	0
7370	99817.51867114383	1256.37151545303	0
7371	99819.50365663358	1256.637762791056	0
7372	99819.50364788462	1256.63776158834	0
7373	99820.4977276579	1256.757325311627	0
7374	99819.5037152046	1256.637769505647	0
7375	99820.49779012549	1256.757324755238	0
7376	99820.49774569378	1256.757320473742	0
7377	99830.42627732022	1258.077795769093	0
7378	99830.42629503144	1258.077797102127	0
7379	99831.41678545502	1258.222121510296	0
7380	99830.42611475367	1258.092053161003	0
7381	99831.41674984939	1258.222291954434	0
7382	99831.41677209359	1258.222124205639	0
7383	99833.41644912641	1258.352240162328	0
7384	99833.41638497758	1258.352236513999	0
7385	99834.41095816885	1258.479391388578	0
7386	99833.4164747805	1258.353312782443	0
7387	99834.40979192973	1258.505557445699	0
7388	99834.41092411312	1258.479392376754	0
7389	99880.41934847488	1260.874579438119	0
7390	99880.41950627542	1260.874574801546	0
7391	99881.42033958624	1260.895317274698	0
7392	99880.419422368	1260.874583331279	0
7393	99881.42027390076	1260.895326575867	0
7394	99881.42038207562	1260.895318573561	0
7395	100089.6651671339	1255.548663147467	0
7396	100089.6653744104	1255.548663035054	0
7397	100090.6631119241	1255.463993086538	0
7398	100089.6651794205	1255.548664790076	0
7399	100090.6630406101	1255.46398925865	0
7400	100090.6630441342	1255.463988900652	0
7401	100095.6486754324	1255.010260554076	0
7402	100095.6487025758	1255.010257599821	0
7403	100096.6468903157	1254.930756168025	0
7404	100095.6486240623	1255.010263346313	0
7405	100096.6467409159	1254.930767086471	0
7406	100096.6469428196	1254.930749751411	0
7407	100102.6217432602	1254.298786551765	0
7408	100102.6217881356	1254.298782597857	0
7409	100103.617406818	1254.191964146334	0
7410	100102.6216989829	1254.298782097862	0
7411	100103.6173783171	1254.191957658019	0
7412	100103.6174409713	1254.191959296509	0
7413	100114.5777940992	1253.092723260974	0
7414	100114.5777842907	1253.092723595395	0
7415	100115.5742631987	1252.9925743982	0
7416	100114.5777620584	1253.092722510382	0
7417	100115.5742520101	1252.992569836089	0
7418	100115.5742770582	1252.99257265634	0
7419	100139.5232370383	1250.930985411535	0
7420	100139.5232428239	1250.930991630615	0
7421	100140.5205617872	1250.837392094231	0
7422	100140.52043564	1250.837386283532	0
7423	100141.5222643792	1250.816553738209	0
7424	100139.5232749153	1250.930982150578	0
7425	100140.5205679573	1250.837370439229	0
7426	100140.5205659707	1250.837390767656	0
7427	100141.5222697613	1250.816559613357	0
7428	100141.5222653178	1250.816554441124	0
7429	100205.5987797876	1248.737776966041	0
7430	100205.5986336133	1248.737762917488	0
7431	100206.6002921358	1248.729178134976	0
7432	100205.5987960408	1248.7377767561	0
7433	100206.6002946564	1248.729185265966	0
7434	100206.6002434829	1248.729179314077	0
7435	100288.7079710742	1251.561934967033	0
7436	100288.7080073557	1251.561930708248	0
7437	100289.7086928842	1251.598214405838	0
7438	100288.707942238	1251.561935131077	0
7439	100289.7085553074	1251.598212906304	0
7440	100289.7085261954	1251.598204028265	0
7441	100366.6435260412	1257.549754997876	0
7442	100366.6435718794	1257.549746603021	0
7443	100367.6461601898	1257.535509296401	0
7444	100366.6423577995	1257.549548264119	0
7445	100367.6459723912	1257.535435402605	0
7446	100367.646151304	1257.535508810509	0
7447	100372.4712578733	1258.401526111562	0
7448	100372.4440969285	1258.387827729071	0
7449	100372.7709788051	1258.924612232776	0
7450	100372.4710699242	1258.401512764929	0
7451	100378.6768544453	1260.134799661341	0
7452	100378.6526933397	1260.130452535624	0
7453	100378.6984337822	1260.138970605527	0
7454	100378.6820775743	1260.135815964978	0
7455	100411.9758043941	1261.618632449817	0
7456	100411.9182221585	1261.621995952026	0
7457	100411.9758867933	1261.61853175925	0
7458	100411.9809361583	1261.618378370687	0
7459	100658.3056197771	1269.838745685472	0
7460	100658.3057681311	1269.8387716943	0
7461	100659.2462045602	1269.481506609408	0
7462	100658.3059459964	1269.83887127198	0
7463	100659.2461839038	1269.481462447108	0
7464	100659.2460408478	1269.481434430521	0
7465	100678.4000917235	1272.351431019052	0
7466	100678.39119801	1272.354132191502	0
7467	100678.4423047714	1273.280180538805	0
7468	100678.3982339703	1272.352562315089	0
7469	100678.4426870037	1273.278851285741	0
7470	100678.4423125968	1273.280062471547	0
7471	100678.4359175155	1272.358904455561	0
7472	100678.4359436356	1272.358896180265	0
7473	100690.6409105515	1270.071075379161	0
7474	100690.6411487343	1270.071039305934	0
7475	100691.6379657688	1270.187096316005	0
7476	100690.6413525769	1270.071005253611	0
7477	100691.6400651024	1270.186888217586	0
7478	100691.638602298	1270.187050478377	0
7479	100723.7318527491	1268.342909989023	0
7480	100723.7318596219	1268.342909850685	0
7481	100724.7168694333	1268.154502137673	0
7482	100723.7322443447	1268.342903714786	0
7483	100724.7169487838	1268.154498941693	0
7484	100724.7169716204	1268.154498912446	0
7485	100789.7941767721	1266.480038712726	0
7486	100789.7942045522	1266.480037424469	0
7487	100790.7941487189	1266.438324758603	0
7488	100789.7943320343	1266.480040842468	0
7489	100790.7941894342	1266.438323837871	0
7490	100790.794210621	1266.438322838143	0
7491	100867.7698901452	1262.045017578718	0
7492	100867.7699058665	1262.045018455272	0
7493	100868.7697011691	1262.00118271786	0
7494	100867.7699966901	1262.045014486776	0
7495	100868.7698184103	1262.00117383936	0
7496	100868.769790278	1262.001182862239	0
7497	100921.8118634348	1263.421932282043	0
7498	100921.8118489144	1263.421931819829	0
7499	100922.8123290158	1263.437935656897	0
7500	100921.8119565965	1263.421932931519	0
7501	100922.8124271054	1263.437936401111	0
7502	100922.8123404736	1263.437935852511	0
7503	101332.0254671822	1254.518514582905	0
7504	101332.0254813	1254.518515609931	0
7505	101333.0262383556	1254.509983722879	0
7506	101332.0254611576	1254.51851443546	0
7507	101333.0262845746	1254.509981238319	0
7508	101333.0262536877	1254.509984106558	0
7509	101359.0223995861	1255.748027484128	0
7510	101359.0223786583	1255.748028352195	0
7511	101360.0225843208	1255.779980025686	0
7512	101359.0224733558	1255.748030617898	0
7513	101360.0226475551	1255.779982645642	0
7514	101360.0226014637	1255.779980431754	0
7515	101486.1498943409	1256.851597945375	0
7516	101486.1499215996	1256.851597783303	0
7517	101487.1505289316	1256.825028181271	0
7518	101486.1499123424	1256.851599168356	0
7519	101487.1506577323	1256.82503324777	0
7520	101487.1505474073	1256.825028193587	0
7521	101507.1172784459	1255.328114833854	0
7522	101507.1172791707	1255.328115296972	0
7523	101508.1159820732	1255.26383234396	0
7524	101507.1172659119	1255.328116189753	0
7525	101508.1161390866	1255.263829873986	0
7526	101508.1161611362	1255.263828126238	0
7527	101594.0540914469	1250.044596851689	0
7528	101594.0540694766	1250.044597570505	0
7529	101595.0548896324	1250.019385523986	0
7530	101594.0540666003	1250.044595652575	0
7531	101595.0549322133	1250.019382896307	0
7532	101595.0548886042	1250.019383742999	0
7533	101645.1135729706	1250.250380219206	0
7534	101645.1135612294	1250.250379478496	0
7535	101646.1128080591	1250.194105516722	0
7536	101645.1135644591	1250.25038554033	0
7537	101646.1128178767	1250.194111116495	0
7538	101646.1128227585	1250.194110181522	0
7539	101654.1042133264	1249.676354248018	0
7540	101654.1042758374	1249.676351214963	0
7541	101655.1021330371	1249.598870395823	0
7542	101654.1042153729	1249.676354238822	0
7543	101655.1021275206	1249.598872360552	0
7544	101655.1021441551	1249.598869434303	0
7545	101753.0392876773	1243.882715147379	0
7546	101753.0392792825	1243.882715212502	0
7547	101754.0376604137	1243.810866758763	0
7548	101753.03930749	1243.882717642205	0
7549	101754.0376932555	1243.810866437067	0
7550	101754.0376756027	1243.810866778152	0
7551	101789.9468358914	1240.712542042194	0
7552	101789.9467911297	1240.712544199979	0
7553	101790.9445937648	1240.629122226596	0
7554	101789.9468274289	1240.7125424654	0
7555	101790.9446142429	1240.629121382224	0
7556	101790.9445815822	1240.629122962187	0
7557	101815.8538066626	1238.168033917136	0
7558	101815.8538550703	1238.168029931275	0
7559	101816.8511874386	1238.086026364359	0
7560	101815.8538381737	1238.168028405483	0
7561	101816.8512365042	1238.086022653198	0
7562	101816.8512158113	1238.086028073995	0
7563	101871.7991290117	1234.424683257615	0
7564	101871.7991084969	1234.424683458627	0
7565	101872.799113614	1234.382576981264	0
7566	101871.7991209591	1234.424683136036	0
7567	101872.7991528148	1234.382574334896	0
7568	101872.799155144	1234.382574214445	0
7569	102049.9514351017	1229.657959502665	0
7570	102049.9514231292	1229.657959726062	0
7571	102050.9525857912	1229.65679728547	0
7572	102049.9514194886	1229.657957811826	0
7573	102050.9526023902	1229.656796033053	0
7574	102050.9525855655	1229.656797444107	0
7575	102051.9534986743	1229.672036008692	0
7576	102051.9535126594	1229.672035084281	0
7577	102052.9544803573	1229.692750638452	0
7578	102051.9535248039	1229.672032470738	0
7579	102052.954429819	1229.692739465225	0
7580	102052.9544736755	1229.69275131118	0
7581	102064.9506269289	1230.35305070676	0
7582	102064.9506140489	1230.353051614973	0
7583	102065.9500976926	1230.410636445088	0
7584	102064.9506305832	1230.353050523067	0
7585	102065.9501615079	1230.410634220764	0
7586	102065.9501052866	1230.410638782615	0
7587	102103.9306210584	1232.614122690186	0
7588	102103.9306205059	1232.614122312586	0
7589	102104.9300354225	1232.666669424118	0
7590	102103.9306432444	1232.614126522153	0
7591	102104.9300432474	1232.666672381359	0
7592	102104.9300609114	1232.666672717272	0
7593	102218.0159575925	1235.572684244429	0
7594	102218.0160114302	1235.572685900792	0
7595	102219.0157767801	1235.621678533158	0
7596	102218.0160234687	1235.572682911653	0
7597	102219.0158309031	1235.621679354789	0
7598	102219.0158163055	1235.621679338787	0
7599	102343.9263629429	1243.156231749065	0
7600	102343.9263464595	1243.156232698278	0
7601	102344.9239533358	1243.233686162138	0
7602	102343.9263685976	1243.156233542751	0
7603	102344.9239587826	1243.233687545668	0
7604	102344.9239431257	1243.233686144272	0
7605	102415.9132188853	1247.006057565168	0
7606	102415.9132109453	1247.0060579536	0
7607	102416.9139760889	1247.027110842507	0
7608	102415.9131868184	1247.00606061511	0
7609	102416.9139729189	1247.027114588663	0
7610	102416.9139925934	1247.027110424444	0
7611	102513.0006468407	1243.949246832904	0
7612	102513.0006307854	1243.949247951077	0
7613	102514.0014570075	1243.948583613061	0
7614	102513.0007159265	1243.949210381244	0
7615	102514.0014289529	1243.948572153811	0
7616	102514.0014705202	1243.948584639311	0
7617	102628.0599995677	1247.539603123927	0
7618	102628.0599962371	1247.539603020742	0
7619	102629.0603295106	1247.569772608992	0
7620	102628.0600183413	1247.53960273113	0
7621	102629.0603510241	1247.569772057721	0
7622	102629.060374039	1247.569772968263	0
7623	102928.9429557483	1262.578869753234	0
7624	102928.9429407599	1262.578869014647	0
7625	102929.9425365717	1262.627373388201	0
7626	102928.9429296749	1262.578868120341	0
7627	102929.9425536292	1262.627374142402	0
7628	102929.9425419077	1262.627374042195	0
7629	103120.782442023	1273.86728977002	0
7630	103120.7824354954	1273.867289469963	0
7631	103121.7807484902	1273.938312011937	0
7632	103120.7824496041	1273.867289831854	0
7633	103121.7807077343	1273.938310273573	0
7634	103121.780703836	1273.938309902223	0
7635	103239.712099197	1280.68099594641	0
7636	103239.7121207643	1280.680996778294	0
7637	103240.7128996561	1280.707693170055	0
7638	103239.7120791119	1280.68100011938	0
7639	103240.7127842498	1280.707705952731	0
7640	103240.7128996571	1280.707693170079	0
7641	103244.7171093071	1280.726182050622	0
7642	103244.7170885967	1280.726182850969	0
7643	103245.7179138281	1280.710625324558	0
7644	103244.7170715652	1280.726185883993	0
7645	103245.7178936432	1280.710628825178	0
7646	103245.7179170476	1280.710626015509	0
7647	103277.7226417021	1279.324285407322	0
7648	103277.7226727105	1279.324285665839	0
7649	103278.7225255835	1279.275752627356	0
7650	103277.7226637324	1279.324285412154	0
7651	103278.7224804357	1279.275749997093	0
7652	103278.7225352345	1279.275752263732	0
7653	103371.7972804334	1277.586379755529	0
7654	103371.7973555227	1277.58638136868	0
7655	103372.7976567163	1277.607441389137	0
7656	103371.7973122687	1277.586379511391	0
7657	103372.7975117401	1277.607439235607	0
7658	103372.7976149803	1277.60744156287	0
7659	103428.826328017	1279.652732054151	0
7660	103428.8263344597	1279.652731952872	0
7661	103429.8273631159	1279.648528200129	0
7662	103428.8263495983	1279.652734834244	0
7663	103429.8273451602	1279.648536570229	0
7664	103429.8273810214	1279.648527859548	0
7665	103480.8306660567	1277.272558782199	0
7666	103480.8306675799	1277.272558778141	0
7667	103481.8307518176	1277.242239705823	0
7668	103480.8306532854	1277.272558456353	0
7669	103481.830727326	1277.242237729608	0
7670	103481.830727327	1277.242237729611	0
7671	103564.9076763959	1277.596317155276	0
7672	103564.9076739328	1277.596314687233	0
7673	103565.9073639319	1277.549753155919	0
7674	103564.9077359496	1277.596318157542	0
7675	103565.9073726215	1277.54975578161	0
7676	103565.9073875069	1277.549754207481	0
7677	103658.8634518299	1272.056554070067	0
7678	103658.8635029628	1272.056553739546	0
7679	103659.8632059768	1272.005918224827	0
7680	103658.8634125328	1272.056550984189	0
7681	103659.8631242971	1272.005911645198	0
7682	103659.8632099991	1272.005917977976	0
7683	103802.9688954026	1276.226585425381	0
7684	103802.968906422	1276.226582936776	0
7685	103803.9693230987	1276.251356538312	0
7686	103802.9688972626	1276.226585334541	0
7687	103803.9692774743	1276.251360234533	0
7688	103803.9693340974	1276.251356558896	0
7689	104175.3165815987	1271.360744118856	0
7690	104175.3165780185	1271.360745758201	0
7691	104176.317153588	1271.390632794657	0
7692	104175.3165327388	1271.360741864961	0
7693	104176.3171380906	1271.390632308251	0
7694	104176.3171504935	1271.390633166676	0
7695	104178.3168697679	1271.48814760135	0
7696	104178.3168345836	1271.488145538927	0
7697	104179.3136199365	1271.579952117243	0
7698	104178.3168871339	1271.488148881445	0
7699	104179.3137284198	1271.579956674743	0
7700	104179.3137354822	1271.579959740259	0
7701	104214.2198451976	1274.655719465879	0
7702	104214.2198487007	1274.65571836894	0
7703	104215.2140410468	1274.773421447024	0
7704	104214.2197935565	1274.655715959407	0
7705	104215.2140015142	1274.773421179575	0
7706	104215.2139959549	1274.773420461038	0
7707	104244.1039018652	1277.688444699815	0
7708	104244.103906382	1277.688446414242	0
7709	104245.0980587992	1277.806480402447	0
7710	104244.1038494913	1277.688443058651	0
7711	104245.0979628501	1277.806477677277	0
7712	104245.0980552427	1277.806479252711	0
7713	104291.9476548996	1282.308965028812	0
7714	104291.9476632525	1282.308963946868	0
7715	104292.9289834691	1282.50794998742	0
7716	104291.9483526065	1282.316919492151	0
7717	104292.9229792683	1282.530480576236	0
7718	104292.9289944641	1282.507945515146	0
7719	104369.8954650758	1287.29663967059	0
7720	104369.8954809176	1287.296640618138	0
7721	104370.8954172466	1287.342058947798	0
7722	104369.8955620514	1287.296649725036	0
7723	104370.8954068707	1287.342059131689	0
7724	104370.8954118307	1287.342058980955	0
7725	104447.9863284513	1287.936407296283	0
7726	104447.9863791212	1287.936406230258	0
7727	104448.9875283315	1287.939608078696	0
7728	104447.98635624	1287.936406621246	0
7729	104448.9875068951	1287.939607765959	0
7730	104448.9874968494	1287.939607336777	0
7731	104463.0044979636	1287.82432090509	0
7732	104463.0045016254	1287.824318217833	0
7733	104464.0030533667	1287.892928425926	0
7734	104463.0045108979	1287.824321172273	0
7735	104464.0031872968	1287.892926783679	0
7736	104464.0031768832	1287.892925745738	0
7737	104505.0010645914	1289.836780214016	0
7738	104505.0010863397	1289.836781787929	0
7739	104506.0022118646	1289.829074446538	0
7740	104505.0011154692	1289.83678368928	0
7741	104506.0021909815	1289.82907442245	0
7742	104506.0022118656	1289.829074446569	0
7743	104555.0542851045	1290.305221012504	0
7744	104555.0542808595	1290.305220669367	0
7745	104556.0550663923	1290.30386293988	0
7746	104555.0542948406	1290.305221179671	0
7747	104556.0550609037	1290.303857649669	0
7748	104556.0550974694	1290.30386389911	0
7749	104565.0601363619	1290.626375358094	0
7750	104565.0601492408	1290.626375632047	0
7751	104566.0609671233	1290.648761703236	0
7752	104565.0601915734	1290.626372878035	0
7753	104566.0610194875	1290.648758519171	0
7754	104566.0610997509	1290.648759449005	0
7755	104586.0344847759	1292.108035060706	0
7756	104586.0344646017	1292.108035971162	0
7757	104587.032792734	1292.178204663203	0
7758	104586.0346014091	1292.108037894476	0
7759	104587.032788349	1292.178205562835	0
7760	104587.0328285899	1292.178203948021	0
7761	104595.0115082625	1292.892450817111	0
7762	104595.011639658	1292.892457866771	0
7763	104596.0091148501	1292.981806813406	0
7764	104595.0116858409	1292.892473988551	0
7765	104596.0091025056	1292.981798953001	0
7766	104596.0090396975	1292.98180510305	0
7767	104607.0168028203	1293.441850689814	0
7768	104607.0167898517	1293.441851091469	0
7769	104608.0144711296	1293.53198644656	0
7770	104607.0167920103	1293.441850339201	0
7771	104608.0144211326	1293.531985944824	0
7772	104608.0144674158	1293.531985743871	0
7773	104650.9896685395	1296.556364526547	0
7774	104650.9896735332	1296.55634930558	0
7775	104651.9890009568	1296.682622311015	0
7776	104650.9887792715	1296.557005796691	0
7777	104651.9614738183	1296.765115648713	0
7778	104651.989175437	1296.682633708167	0
7779	104678.0304960653	1295.198970084397	0
7780	104678.0304983935	1295.198970089826	0
7781	104679.0314922677	1295.238477627458	0
7782	104678.0305784476	1295.198963949967	0
7783	104679.0316921056	1295.238467808285	0
7784	104679.0314189911	1295.238477607219	0
7785	104897.7045429814	1279.213866656337	0
7786	104897.6846480988	1279.213343098328	0
7787	104897.7068053088	1279.213865758183	0
7788	104897.7068006722	1279.213865752227	0
7789	104952.5648644333	1282.920074837817	0
7790	104952.5648612233	1282.920074922259	0
7791	104953.4243842831	1282.403432499257	0
7792	104952.5658284457	1282.920118102731	0
7793	104953.4263288855	1282.403469065941	0
7794	104953.4252013045	1282.403474475901	0
7795	104997.3977253975	1278.97010626049	0
7796	104997.3974983674	1278.970109898383	0
7797	104998.3955067821	1279.054761972988	0
7798	104997.3977263533	1278.970104438109	0
7799	104998.3955330931	1279.054763184337	0
7800	104998.3954860035	1279.054759719785	0
7801	105116.4229056679	1273.179355325292	0
7802	105116.422913586	1273.179354877239	0
7803	105117.3953441947	1272.942713395525	0
7804	105116.422679288	1273.179358341136	0
7805	105117.3952030028	1272.942719891755	0
7806	105117.3952408562	1272.942721121688	0
7807	105334.2989430932	1260.875326281629	0
7808	105334.2989319474	1260.875325906763	0
7809	105335.2888423835	1260.725215710637	0
7810	105334.2992703146	1260.875322405978	0
7811	105335.2891924385	1260.725197947792	0
7812	105335.2889636908	1260.72520959728	0
7813	105399.131968576	1255.169022187803	0
7814	105399.1319478012	1255.16902260282	0
7815	105400.1328005965	1255.169507301905	0
7816	105399.1320210768	1255.169019998679	0
7817	105400.1329364756	1255.169499972211	0
7818	105400.1328579176	1255.169502648919	0
7819	105414.1233481088	1254.315207705205	0
7820	105414.1233077438	1254.315210796595	0
7821	105415.1243154034	1254.305251495469	0
7822	105414.1233726886	1254.315205108287	0
7823	105415.12433183	1254.305250152923	0
7824	105415.1242982476	1254.305251296712	0
7825	105522.2297309695	1253.133686013535	0
7826	105522.2297550472	1253.133686591545	0
7827	105523.230466493	1253.162384803295	0
7828	105522.2299390134	1253.133678970401	0
7829	105523.2305285115	1253.162380452012	0
7830	105523.230521374	1253.162384817931	0
7831	105750.4174917927	1258.873147574995	0
7832	105750.4174600387	1258.87314824882	0
7833	105751.417050312	1258.819324577054	0
7834	105750.4175296034	1258.873150625285	0
7835	105751.4170598963	1258.819326136206	0
7836	105751.4170701161	1258.819324759211	0
7837	105756.4200122606	1258.673788485712	0
7838	105756.4199399465	1258.673790071015	0
7839	105757.4200851862	1258.637733722075	0
7840	105756.4200091254	1258.673788195644	0
7841	105757.4202187533	1258.637732410295	0
7842	105757.4202231192	1258.637730625066	0
7843	106025.3709407304	1245.814683883986	0
7844	106025.3709438054	1245.814683299964	0
7845	106026.3710347975	1245.776779697608	0
7846	106025.3709150635	1245.814682717236	0
7847	106026.3711459014	1245.77677585276	0
7848	106026.3711547655	1245.776775526913	0
7849	106201.4078445911	1239.328164666218	0
7850	106201.4079300362	1239.328161046302	0
7851	106202.4084596158	1239.307718133604	0
7852	106201.4078489639	1239.328163202007	0
7853	106202.4084553791	1239.307718396944	0
7854	106202.4084504903	1239.307718846557	0
7855	106218.4036995693	1238.504251472151	0
7856	106218.403703423	1238.504249186047	0
7857	106219.4047312025	1238.5068760069	0
7858	106218.4036907797	1238.504246715563	0
7859	106219.4047460502	1238.506874392974	0
7860	106219.4047460512	1238.506874393049	0
7861	106498.5740248745	1246.957031805331	0
7862	106498.5740770717	1246.957032589353	0
7863	106499.5742742952	1246.98516910685	0
7864	106498.5740218555	1246.957031547318	0
7865	106499.5742774656	1246.985169556462	0
7866	106499.5742786756	1246.985169582213	0
7867	106932.8950046489	1259.998702062862	0
7868	106932.8666394479	1260.006582901418	0
7869	106933.0356967969	1260.146427413419	0
7870	106932.8941480408	1259.998973470824	0
7871	106937.0617557105	1258.652684913133	0
7872	106937.0569143728	1258.653832261533	0
7873	106937.1343983463	1258.634466764681	0
7874	106937.1547736657	1258.629833058954	0
7875	106980.3942952461	1255.418027572406	0
7876	106980.392628536	1255.418152378926	0
7877	106981.3685964194	1255.18966514289	0
7878	106980.3942144946	1255.418034255748	0
7879	106981.3687074184	1255.189658536934	0
7880	106981.3687047202	1255.189658000604	0
7881	107039.3412313709	1251.542679468162	0
7882	107039.3412488044	1251.542680420861	0
7883	107040.3404332585	1251.480004714341	0
7884	107039.3412253472	1251.542679469637	0
7885	107040.340301779	1251.480001735512	0
7886	107040.3402863061	1251.480003955219	0
7887	107203.5387580736	1251.503026429419	0
7888	107203.5388724722	1251.503024457254	0
7889	107204.5397589568	1251.497753317436	0
7890	107203.5387598047	1251.503026435323	0
7891	107204.5396464198	1251.497755756731	0
7892	107204.5397948818	1251.497751738297	0
7893	107287.5769328755	1247.717198622446	0
7894	107287.5769287205	1247.717199027554	0
7895	107288.5782542117	1247.710718250439	0
7896	107287.5768785752	1247.717192790854	0
7897	107288.5782719313	1247.710705030555	0
7898	107288.5783411862	1247.71072256883	0
7899	107384.6915500005	1250.203812555048	0
7900	107384.6928828274	1250.201682548888	0
7901	107385.6838042134	1250.335782732086	0
7902	107384.6915334638	1250.203811019866	0
7903	107385.6837201396	1250.335873674995	0
7904	107384.6915252696	1250.203810684453	0
7905	107385.6837135761	1250.335873901962	0
7906	107385.6837270384	1250.335875081363	0
7907	107492.5441053137	1258.019541935598	0
7908	107492.5441357834	1258.019542896391	0
7909	107493.5433876671	1258.080468792042	0
7910	107492.5442445274	1258.019545806669	0
7911	107493.5433980164	1258.080469104308	0
7912	107493.5434139997	1258.080470730705	0
7913	107657.4695344909	1267.306028989167	0
7914	107657.4694968692	1267.306027097274	0
7915	107658.4679535839	1267.377951345301	0
7916	107657.4695210461	1267.306029285889	0
7917	107658.4679529354	1267.377952560041	0
7918	107658.4679343252	1267.377951166002	0
7919	107783.4148716663	1274.322488403981	0
7920	107783.4149004022	1274.322489849863	0
7921	107784.4143369799	1274.380069780849	0
7922	107783.4149054754	1274.322487287523	0
7923	107784.4143391925	1274.380067450076	0
7924	107784.4143314086	1274.380069470307	0
7925	107927.2288314163	1284.560831553944	0
7926	107927.2288287544	1284.560831559824	0
7927	107928.2268983184	1284.636739177548	0
7928	107927.2287791781	1284.560833243458	0
7929	107928.226870675	1284.636741449377	0
7930	107928.226906474	1284.636740320941	0
7931	108138.2964969875	1293.787972789565	0
7932	108138.2924032181	1293.788477110011	0
7933	108138.3526729652	1293.780256237523	0
7934	108138.2965638873	1293.787973427549	0
7935	108179.4020800864	1292.7004260053	0
7936	108179.4020946024	1292.700426460482	0
7937	108180.4018494237	1292.744326287201	0
7938	108179.4022373272	1292.700425822981	0
7939	108180.401961293	1292.744327863885	0
7940	108180.4018787469	1292.744326901849	0
7941	108212.4263913593	1293.544639105345	0
7942	108212.4263823174	1293.544639610223	0
7943	108213.4277943834	1293.548279401685	0
7944	108212.4265275292	1293.54463999925	0
7945	108213.4278307245	1293.548275730611	0
7946	108213.4278059107	1293.548273672837	0
7947	108251.4629902943	1292.732314116994	0
7948	108251.4630132689	1292.732314087231	0
7949	108252.4641728165	1292.732941396569	0
7950	108251.4629362262	1292.732317495663	0
7951	108252.4641553324	1292.732942594792	0
7952	108252.4641915408	1292.732940957671	0
7953	108362.5089611221	1288.505999078119	0
7954	108362.5090207889	1288.506001419049	0
7955	108363.5096673587	1288.482278349593	0
7956	108362.5089603731	1288.505999090524	0
7957	108363.5096601977	1288.482277170679	0
7958	108363.5096668256	1288.482277207067	0
7959	108365.5111827169	1288.435948450018	0
7960	108365.5111772864	1288.435948358261	0
7961	108366.5121029973	1288.418661732552	0
7962	108365.5111408367	1288.435947619095	0
7963	108366.5121108263	1288.418659201769	0
7964	108366.5121025885	1288.418661519487	0
7965	108392.533169754	1289.095978707025	0
7966	108392.533174817	1289.095978558901	0
7967	108393.5337486887	1289.112276963049	0
7968	108392.5331503331	1289.095981844017	0
7969	108393.5337612727	1289.112277764357	0
7970	108393.5337556689	1289.112276762051	0
7971	108620.629043831	1280.895131255269	0
7972	108620.6290297574	1280.895132924063	0
7973	108621.6272784391	1280.819639405815	0
7974	108620.6289508066	1280.895137147977	0
7975	108621.6272625631	1280.819639542833	0
7976	108621.6272826646	1280.819638999976	0
7977	108692.4920388447	1275.306651220702	0
7978	108692.4920541034	1275.306650608543	0
7979	108693.4905063138	1275.236227146589	0
7980	108692.4920579229	1275.306645637377	0
7981	108693.490530102	1275.236224215231	0
7982	108693.4905076884	1275.23622700762	0
7983	108722.4150670823	1272.72700270709	0
7984	108722.4151359581	1272.727003668292	0
7985	108723.4140572782	1272.665683218792	0
7986	108722.4151030182	1272.726999095656	0
7987	108723.4140802609	1272.66567965138	0
7988	108723.4140530812	1272.66568390629	0
7989	108899.6057517489	1270.580695679508	0
7990	108899.6057675261	1270.580695185099	0
7991	108900.6058961803	1270.542293309897	0
7992	108899.6057334761	1270.580696396548	0
7993	108900.605887655	1270.542294847485	0
7994	108900.6059268736	1270.542291305439	0
7995	109046.5030627189	1261.782159529859	0
7996	109046.5030325524	1261.78216697072	0
7997	109047.5012403498	1261.707995652096	0
7998	109046.5030582543	1261.782159642286	0
7999	109047.5012137452	1261.707926581294	0
8000	109047.5012050611	1261.707926779723	0
8001	109100.2880924924	1256.284418862169	0
8002	109100.2880924934	1256.284418862121	0
8003	109101.2856550401	1256.201953666628	0
8004	109100.2880351509	1256.284416686711	0
8005	109101.2856038365	1256.201950287339	0
8006	109101.285636016	1256.201949575407	0
8007	109202.1029086677	1248.357780874218	0
8008	109202.102917699	1248.357781257801	0
8009	109203.1023718558	1248.300511508771	0
8010	109202.1029194505	1248.357780135589	0
8011	109203.1023554885	1248.300508621094	0
8012	109203.102424796	1248.300508550979	0
8013	109418.2202226142	1241.189180836801	0
8014	109418.2202594928	1241.189180898515	0
8015	109419.2209201614	1241.168048076347	0
8016	109418.2201694456	1241.1891677475	0
8017	109419.2209301925	1241.168037423756	0
8018	109419.2209165111	1241.168047525087	0
8019	109451.2498511754	1242.046277727804	0
8020	109451.2498509646	1242.046277520989	0
8021	109452.2508156172	1242.035087746505	0
8022	109451.2498185382	1242.046279592258	0
8023	109452.2507448811	1242.035090815597	0
8024	109452.2508260603	1242.035087414104	0
8025	109526.2983239144	1239.40063598396	0
8026	109526.2983519602	1239.400634235767	0
8027	109527.2987696347	1239.375165135134	0
8028	109526.2983210536	1239.400633680155	0
8029	109527.2987512995	1239.375164470527	0
8030	109527.2987415028	1239.375164789546	0
8031	109537.3064706228	1238.897286844652	0
8032	109537.3064443906	1238.896193519239	0
8033	109538.2838995188	1238.678500875943	0
8034	109537.3064733044	1238.897283346033	0
8035	109538.2856799589	1238.680436575577	0
8036	109538.285724009	1238.680437409224	0
8037	109583.2501691639	1242.175867115405	0
8038	109583.2501603452	1242.175866047569	0
8039	109584.2491068523	1242.236399557004	0
8040	109583.2501591346	1242.175867110479	0
8041	109584.2491064103	1242.2364028208	0
8042	109584.2491646456	1242.236405490144	0
8043	109750.3709286843	1246.90374508788	0
8044	109750.3709490596	1246.903746217083	0
8045	109751.3718439833	1246.923458556138	0
8046	109750.3709397208	1246.903745846294	0
8047	109751.3718256723	1246.923457987383	0
8048	109751.3718481777	1246.923458585567	0
8049	109781.3660707658	1248.446764652785	0
8050	109781.3660634667	1248.44676471058	0
8051	109782.3667720922	1248.469662470736	0
8052	109781.3660495513	1248.446768613401	0
8053	109782.3667718784	1248.469664895802	0
8054	109782.3667744482	1248.469663379819	0
8055	109916.4874007053	1250.479595765417	0
8056	109916.4874438568	1250.479596066359	0
8057	109917.4881676997	1250.497283066392	0
8058	109916.4874486795	1250.47959596436	0
8059	109917.488153903	1250.49728295645	0
8060	109917.4881810167	1250.497283197357	0
8061	109934.4781409672	1251.444512390728	0
8062	109934.4781532413	1251.444510561398	0
8063	109935.4789008783	1251.465538919132	0
8064	109934.478134674	1251.444512875113	0
8065	109935.4789143687	1251.465539131952	0
8066	109935.4789092053	1251.465538531484	0
8067	109973.480229952	1253.110074322834	0
8068	109973.4802379001	1253.110074292958	0
8069	109974.4810765657	1253.128890863586	0
8070	109973.4803809433	1253.110087869095	0
8071	109974.4810660706	1253.128894744052	0
8072	109974.4810473545	1253.128891374846	0
8073	110189.6978939377	1249.908733772324	0
8074	110189.6979430762	1249.908730834278	0
8075	110190.6982622808	1249.879835229807	0
8076	110189.697924183	1249.908738069977	0
8077	110190.6982283385	1249.879838580351	0
8078	110190.698279748	1249.879834090297	0
8079	110243.6150605236	1246.004448556511	0
8080	110243.6150840475	1246.00444722666	0
8081	110244.6136294647	1245.935643429935	0
8082	110243.6151615626	1246.004446628573	0
8083	110244.6136140143	1245.935644318124	0
8084	110244.6136176913	1245.93564383671	0
8085	110432.4973722683	1235.500397834475	0
8086	110432.4973943781	1235.500397190468	0
8087	110433.4942282628	1235.411828759963	0
8088	110432.4973661928	1235.500397024821	0
8089	110433.4942236319	1235.411828008965	0
8090	110433.4942244178	1235.411829394228	0
8091	111023.3787679205	1208.153959061896	0
8092	111023.3787636018	1208.153959914119	0
8093	111024.3727459832	1208.078468361948	0
8094	111023.4039518062	1208.194320251668	0
8095	111024.3704296453	1208.082396117395	0
8096	111024.3727459842	1208.078468361873	0
8097	111053.2163578799	1204.686786303568	0
8098	111053.2163736145	1204.68678496324	0
8099	111054.2144757085	1204.61082248747	0
8100	111053.2164156522	1204.686781745192	0
8101	111054.2145207656	1204.610818941063	0
8102	111054.2144987302	1204.61082166825	0
8103	111155.1206035463	1198.321474541448	0
8104	111155.1206143287	1198.321474102709	0
8105	111156.1173032624	1198.228663705008	0
8106	111155.1205780205	1198.321474327234	0
8107	111156.1172448241	1198.228659524245	0
8108	111156.117305694	1198.228663616097	0
8109	111191.1319472452	1196.951986203361	0
8110	111191.1319378174	1196.951986770451	0
8111	111192.1285262198	1196.860229709868	0
8112	111191.1318215118	1196.95199397764	0
8113	111192.1284899071	1196.86023100852	0
8114	111192.1284984541	1196.860230112544	0
8115	111222.0225243825	1193.980901517175	0
8116	111222.0226540409	1193.980898793592	0
8117	111223.0160822984	1193.859025421464	0
8118	111222.0225122646	1193.980901830144	0
8119	111223.0160951871	1193.859021300798	0
8120	111223.0161348235	1193.85902064385	0
8121	111229.9753495191	1193.033304363408	0
8122	111229.9753776558	1193.033303392002	0
8123	111230.9728061685	1192.950694074636	0
8124	111229.9753057234	1193.033299796002	0
8125	111230.9727616344	1192.950687577404	0
8126	111230.9728140715	1192.950687935416	0
8127	111394.8905317242	1183.898490581922	0
8128	111394.8906009206	1183.89848780298	0
8129	111395.8889595173	1183.828950786729	0
8130	111394.8905026749	1183.898492629618	0
8131	111395.8889827522	1183.828947656442	0
8132	111395.8890185345	1183.828947166505	0
8133	111484.7863170653	1177.815973998965	0
8134	111484.7863457512	1177.815972337381	0
8135	111485.7827822687	1177.720570880523	0
8136	111484.7862989224	1177.815973791688	0
8137	111485.782768936	1177.720570761591	0
8138	111485.7827934622	1177.720570897758	0
8139	111552.7896021816	1174.568480184267	0
8140	111552.7895912349	1174.568482783819	0
8141	111553.7756245065	1174.392663719437	0
8142	111552.7896505368	1174.568571521446	0
8143	111553.6928771204	1174.179133146308	0
8144	111553.7757060809	1174.392662213176	0
8145	111618.847068307	1173.019062892195	0
8146	111618.8481262823	1173.018997854747	0
8147	111619.8392519531	1173.152298071911	0
8148	111618.8469935585	1173.019071185594	0
8149	111619.8392315279	1173.152284203332	0
8150	111619.8385430653	1173.152361625	0
8151	111634.9386711023	1171.695128946639	0
8152	111634.9282569719	1171.693058158073	0
8153	111634.9399051547	1171.695113955994	0
8154	111634.9390629371	1171.695104243948	0
8155	111661.0817976565	1170.914888313465	0
8156	111661.0813548513	1170.914904812165	0
8157	111662.0677566568	1171.08825064334	0
8158	111661.0810356156	1170.914921291429	0
8159	111662.0673238473	1171.088260977257	0
8160	111662.0677643126	1171.088248540364	0
8161	111784.2410723444	1172.037456088121	0
8162	111784.2409426491	1172.037459131446	0
8163	111785.2392134803	1172.111332502892	0
8164	111784.2410925519	1172.037455897924	0
8165	111785.2393438172	1172.111328445396	0
8166	111785.2392246368	1172.111332842385	0
8167	111850.2349383548	1175.359540666371	0
8168	111850.234993666	1175.359542020027	0
8169	111851.2353959043	1175.394333803786	0
8170	111850.2350989034	1175.359541877061	0
8171	111851.2354376233	1175.394333290707	0
8172	111851.2354079334	1175.394332986801	0
8173	111967.3257555105	1178.437502553384	0
8174	111967.3257668412	1178.437502429153	0
8175	111968.3265178294	1178.460850871192	0
8176	111967.325753116	1178.437501850459	0
8177	111968.3265440087	1178.460851089986	0
8178	111968.3265303056	1178.460851135007	0
8179	111973.3339035458	1178.522115458702	0
8180	111973.3342741869	1178.519103226056	0
8181	111974.3323711337	1178.463949011028	0
8182	111973.3339109446	1178.522115271233	0
8183	111974.3334298589	1178.464474863862	0
8184	111974.3334314771	1178.464474153346	0
8185	112002.1910931082	1181.775453286812	0
8186	112002.1911287256	1181.775452406173	0
8187	112003.1856560946	1181.892122378229	0
8188	112002.1909801103	1181.775459338328	0
8189	112003.1855842044	1181.892130422389	0
8190	112003.1856592945	1181.892124109722	0
8191	112006.1772663174	1182.164215237177	0
8192	112006.1773909096	1182.164227849176	0
8193	112007.174942834	1182.246450375294	0
8194	112006.177277201	1182.164216358274	0
8195	112007.174907065	1182.24644705841	0
8196	112007.1749560052	1182.246449223552	0
8197	112057.1095447433	1185.913890540185	0
8198	112057.1095870649	1185.913895248344	0
8199	112058.1103346365	1185.934676968782	0
8200	112057.1095780024	1185.913900158546	0
8201	112058.1104058416	1185.93468621376	0
8202	112058.1103356502	1185.934677140812	0
8203	112294.3902576811	1184.051678188399	0
8204	112294.3902609818	1184.051678397488	0
8205	112295.3908183333	1184.066829340528	0
8206	112294.3902237548	1184.051677617595	0
8207	112295.3908085951	1184.066825631973	0
8208	112295.3908149273	1184.06682914729	0
8209	112411.4778994329	1187.330305532619	0
8210	112411.4778994319	1187.330305532585	0
8211	112412.4791043556	1187.337338792142	0
8212	112411.4779413234	1187.330308040983	0
8213	112412.4791022651	1187.337341651969	0
8214	112412.4791277028	1187.337341444462	0
8215	112468.500085546	1184.812586508797	0
8216	112468.5000894317	1184.812586539571	0
8217	112469.5003767316	1184.775169130609	0
8218	112468.5002376103	1184.812580091054	0
8219	112469.5004566052	1184.775167335229	0
8220	112469.5004574799	1184.775167976427	0
8221	112477.5020825625	1184.432937982416	0
8222	112477.5020978864	1184.432937702869	0
8223	112478.5033924359	1184.428675426336	0
8224	112477.5020979824	1184.432936192304	0
8225	112478.5033746414	1184.428672022264	0
8226	112478.503375397	1184.428672122241	0
8227	112485.5110649027	1184.366219577005	0
8228	112485.511042038	1184.366223875609	0
8229	112486.5118106763	1184.387754108622	0
8230	112485.5110632831	1184.366219384446	0
8231	112486.5118602144	1184.387750164763	0
8232	112486.5118557458	1184.387754343992	0
8233	112554.4960772936	1188.016214417789	0
8234	112554.4960251501	1188.016212574525	0
8235	112555.496895748	1188.028368571572	0
8236	112554.4961601041	1188.016217899862	0
8237	112555.4969607745	1188.028369086242	0
8238	112555.4968964669	1188.028368115633	0
8239	112579.5257309739	1188.189307951732	0
8240	112579.5257888738	1188.189311993727	0
8241	112580.5249068485	1188.249658573456	0
8242	112579.5257226327	1188.189307745632	0
8243	112580.5249134681	1188.249658067856	0
8244	112580.524928265	1188.249660077722	0
8245	112654.4217838344	1193.529433007198	0
8246	112654.4217876082	1193.529433027695	0
8247	112655.417352539	1193.632369750387	0
8248	112654.4218267057	1193.529434565388	0
8249	112655.417468324	1193.632368222863	0
8250	112655.4175049218	1193.632374847528	0
8251	112722.3510518494	1197.922300304407	0
8252	112722.3510636899	1197.922301669088	0
8253	112723.349145171	1197.997863614031	0
8254	112722.3510453212	1197.922298051706	0
8255	112723.3491744128	1197.9978644995	0
8256	112723.3491958832	1197.997865023039	0
8257	112803.1070380155	1205.498836875323	0
8258	112803.1053497834	1205.498858900969	0
8259	112803.9486582809	1206.032228150926	0
8260	112803.1069843047	1205.498830341649	0
8261	112804.0934055972	1205.6727789778	0
8262	112804.0933303156	1205.672777132016	0
8263	112858.0294554485	1209.457344907156	0
8264	112858.0295117272	1209.457346786556	0
8265	112859.026049883	1209.559066215098	0
8266	112858.0294506031	1209.457346459919	0
8267	112859.0259482444	1209.559066527746	0
8268	112859.0260792524	1209.55906760522	0
8269	113035.3171171923	1216.209960269153	0
8270	113035.3166522484	1216.209958433901	0
8271	113036.2388711116	1216.594561560809	0
8272	113035.3170190495	1216.209989499481	0
8273	113036.2394071019	1216.594602932276	0
8274	113036.2390212989	1216.59455835874	0
8275	113057.7740200443	1215.994466093139	0
8276	113057.9514719639	1216.002630650803	0
8277	113064.973093994	1216.522590013438	0
8278	113057.7740067698	1215.994466055889	0
8279	113065.4427132275	1216.540427971565	0
8280	113065.4426050723	1216.540424699165	0
8281	113134.095621256	1217.166417361615	0
8282	113134.0958522561	1217.16640360935	0
8283	113135.0756485161	1216.995935616977	0
8284	113134.0953775953	1217.166414916247	0
8285	113135.076032166	1216.995953629756	0
8286	113135.0756540936	1216.995935647647	0
8287	113172.004756411	1215.850004876445	0
8288	113172.0098716549	1215.846858458885	0
8289	113173.1528142163	1214.703508396809	0
8290	113173.0763367599	1214.80173829856	0
8291	113173.7646115078	1215.589674611797	0
8292	113173.1557601435	1214.701359863416	0
8293	113172.4389194435	1215.648265496788	0
8294	113172.4273659186	1215.653584291034	0
8295	114036.5430689012	1221.624658858148	0
8296	114036.5431802439	1221.624656463373	0
8297	114037.5295972137	1221.456604500206	0
8298	114036.5431152532	1221.624661890805	0
8299	114037.5294852556	1221.456608001247	0
8300	114037.5295741893	1221.456604838294	0
8301	114138.437616689	1214.816792183324	0
8302	114138.4375982885	1214.816794180107	0
8303	114139.4331012743	1214.712124015234	0
8304	114138.4373135881	1214.816793410535	0
8305	114139.433045459	1214.712118044752	0
8306	114139.4331082599	1214.712123734166	0
8307	114291.5977884168	1214.194804538524	0
8308	114291.5977813435	1214.194805040208	0
8309	114292.592118399	1214.080047271763	0
8310	114291.5976811511	1214.194806134135	0
8311	114292.5919115514	1214.080045308425	0
8312	114292.5921437697	1214.080046815374	0
8313	114468.7695659159	1211.756797268518	0
8314	114468.7695671637	1211.756798092678	0
8315	114469.7674934142	1211.676264741016	0
8316	114468.7694540138	1211.756801451695	0
8317	114469.7673589136	1211.676272371214	0
8318	114469.7674669265	1211.676265921174	0
8319	114483.7316846104	1210.456640073671	0
8320	114483.7317090465	1210.456640418835	0
8321	114484.7225693607	1210.311518804301	0
8322	114483.7318819678	1210.456639082453	0
8323	114484.7225730483	1210.311519733239	0
8324	114484.7225693617	1210.311518804381	0
8325	114629.6184314371	1201.191305160124	0
8326	114629.6183937996	1201.191304489744	0
8327	114630.6175913947	1201.133126735739	0
8328	114629.6184588593	1201.191305882331	0
8329	114630.6176411387	1201.13313404155	0
8330	114630.6176330083	1201.133134022235	0
8331	114656.4876652761	1198.091867169062	0
8332	114656.4843172408	1198.056936202398	0
8333	114664.5041283265	1198.317759344381	0
8334	114656.4877428833	1198.091861253404	0
8335	114664.5043327461	1198.317681043438	0
8336	114664.5043971869	1198.317672744947	0
8337	114857.4361181157	1187.337554205506	0
8338	114857.4361348565	1187.337556875968	0
8339	114858.4250608416	1187.179435909094	0
8340	114857.4355693418	1187.337556778864	0
8341	114858.4249499054	1187.179437818485	0
8342	114858.425102802	1187.17943662177	0
8343	115036.4428875199	1179.202947289436	0
8344	115036.4428901115	1179.202939565472	0
8345	115037.4409684837	1179.129038825461	0
8346	115036.4428902966	1179.202946297754	0
8347	115037.4411719716	1179.129037765156	0
8348	115037.4410074007	1179.129040346359	0
8349	115123.4468088458	1174.766712961213	0
8350	115123.4468250364	1174.76671235373	0
8351	115124.4481985213	1174.766010968497	0
8352	115123.446868446	1174.766707538122	0
8353	115124.4483082139	1174.766007632867	0
8354	115124.4483062106	1174.766012228705	0
8355	115165.5036679387	1175.64902280879	0
8356	115165.5036225922	1175.64902450711	0
8357	115166.5044223605	1175.609085534434	0
8358	115165.5034807997	1175.649031428085	0
8359	115166.5042445102	1175.609132083744	0
8360	115166.5044110658	1175.609083608665	0
8361	115180.4977149152	1174.700852309077	0
8362	115180.4977504999	1174.700853610094	0
8363	115181.495529132	1174.618038757828	0
8364	115180.4976019235	1174.700851741293	0
8365	115181.4950891138	1174.618030506966	0
8366	115181.4956057198	1174.618038536851	0
8367	115186.4964826214	1174.353277939777	0
8368	115186.4965733947	1174.353275001891	0
8369	115187.4979980217	1174.340799240231	0
8370	115186.4965058104	1174.35325318428	0
8371	115187.4978434782	1174.340780476794	0
8372	115187.4979848128	1174.340799075517	0
8373	115226.5723048426	1175.409880882792	0
8374	115226.5723313781	1175.409878978026	0
8375	115227.5733992011	1175.439699113647	0
8376	115226.5714213419	1175.409915990347	0
8377	115227.573273129	1175.439707339309	0
8378	115227.5733783117	1175.439706675943	0
8379	115243.5943064514	1174.647353507278	0
8380	115243.5945037533	1174.647350923932	0
8381	115244.5953976855	1174.56059669821	0
8382	115243.5943492863	1174.647347252908	0
8383	115244.5953087366	1174.56059159025	0
8384	115244.5954426075	1174.560597902496	0
8385	115274.6026096205	1171.645954552576	0
8386	115274.5340121231	1171.682413032406	0
8387	115275.5861704653	1171.705434682151	0
8388	115274.6032831352	1171.645771123336	0
8389	115275.5979803036	1171.70407591674	0
8390	115275.5966547788	1171.70436002921	0
8391	115281.7228295475	1169.791319212243	0
8392	115281.7000601252	1169.7922930796	0
8393	115281.7113127377	1169.214012532427	0
8394	115281.709490126	1169.216742309726	0
8395	115281.760998332	1169.782324027524	0
8396	115282.0067737072	1169.810665840892	0
8397	115283.3416161227	1169.784285510945	0
8398	115281.722583579	1169.791382770944	0
8399	115282.4952765168	1170.527333262483	0
8400	115282.4962154548	1170.527461607274	0
8401	115447.0425088507	1172.60097255939	0
8402	115447.0426198229	1172.600979816286	0
8403	115448.0437578229	1172.577225146274	0
8404	115447.0425438143	1172.600972708501	0
8405	115448.0434461143	1172.577209434897	0
8406	115448.0437438684	1172.577226971437	0
8407	115613.1883135123	1178.291936704104	0
8408	115613.1883647001	1178.291937564648	0
8409	115614.189507938	1178.313695206119	0
8410	115613.1882678698	1178.291934041743	0
8411	115614.1892680579	1178.313688788327	0
8412	115614.1894575195	1178.313693922587	0
8413	115628.2083936034	1178.510019847943	0
8414	115628.2084090662	1178.510020687949	0
8415	115629.2086557301	1178.552978869289	0
8416	115628.2083971006	1178.510018236802	0
8417	115629.208557008	1178.552970668024	0
8418	115629.2086468373	1178.552979105327	0
8419	115697.0546504537	1184.533033538784	0
8420	115697.0548435551	1184.533034149016	0
8421	115698.0413815411	1184.704618824074	0
8422	115697.054623574	1184.533034132538	0
8423	115698.0412358429	1184.704617838901	0
8424	115698.0413235674	1184.70461492339	0
8425	115973.0890113512	1197.209279045044	0
8426	115973.0891040239	1197.209284869844	0
8427	115974.0605734909	1197.452615666606	0
8428	115973.0890087751	1197.209277378018	0
8429	115974.0604498402	1197.452619714054	0
8430	115974.0604089939	1197.452618629126	0
8431	116207.9527712759	1210.86364431292	0
8432	116207.9527354622	1210.863639670745	0
8433	116208.8935266591	1211.206639983007	0
8434	116207.9525523576	1210.86363250966	0
8435	116208.8934282113	1211.206639187443	0
8436	116208.8935008971	1211.206635255207	0
8437	116630.2311967147	1222.12138627524	0
8438	116630.2312786867	1222.121374857647	0
8439	116631.1770723588	1222.450502789449	0
8440	116630.2307868393	1222.12135698504	0
8441	116631.1767467539	1222.450519164716	0
8442	116631.1771098253	1222.450504487583	0
8443	116849.1669368304	1234.318668780747	0
8444	116849.1669459055	1234.318667117807	0
8445	116850.1654165749	1234.236474191657	0
8446	116849.1667915265	1234.318675689148	0
8447	116850.164574567	1234.236453117336	0
8448	116850.1654226468	1234.236474526202	0
8449	116855.173462567	1234.185905245119	0
8450	116855.1734285144	1234.185903824932	0
8451	116856.1705541885	1234.275421682572	0
8452	116855.1732062405	1234.185897937246	0
8453	116856.1705752362	1234.275422306241	0
8454	116856.170557738	1234.275421785299	0
8455	117057.4302479335	1238.398153937866	0
8456	117057.4304418167	1238.398160043575	0
8457	117058.4080870466	1238.614342059335	0
8458	117057.4301072852	1238.398155440051	0
8459	117058.4077924993	1238.614345565895	0
8460	117058.4080841631	1238.614340952304	0
8461	117186.6639530502	1239.04976871954	0
8462	117186.6636191312	1239.049762108349	0
8463	117187.6645427328	1239.01069529767	0
8464	117186.6639530513	1239.049768719565	0
8465	117187.6650274675	1239.010705971569	0
8466	117187.6649560125	1239.0107154054	0
8467	117230.7760866097	1239.080243876625	0
8468	117230.7756952947	1239.080239559664	0
8469	117231.7719046032	1239.204013678265	0
8470	117230.776408063	1239.080234507448	0
8471	117231.7719218657	1239.20399510853	0
8472	117231.7718204998	1239.204005668543	0
8473	117248.7725190907	1240.60862202041	0
8474	117248.7723782343	1240.608637715616	0
8475	117249.7696381018	1240.716457038179	0
8476	117248.7724731505	1240.608621857362	0
8477	117249.7697361331	1240.716457204951	0
8478	117249.7696477073	1240.716458715103	0
8479	117266.7318012762	1242.471558416215	0
8480	117266.7317901303	1242.471558845785	0
8481	117267.7286787736	1242.578909356396	0
8482	117266.7328139398	1242.472844128029	0
8483	117267.7016386476	1242.639649878157	0
8484	117267.7295041521	1242.57895597331	0
8485	117352.0071471526	1247.803399333193	0
8486	117352.0090973476	1247.804001627683	0
8487	117352.5297135573	1247.96198363925	0
8488	117352.0912671323	1247.829254328781	0
8489	117352.5666126052	1247.971468530258	0
8490	117352.5702129626	1247.972644305708	0
8491	117421.0000312509	1250.194508883462	0
8492	117421.0000092325	1250.194508223171	0
8493	117421.9909972945	1250.351420825063	0
8494	117421.0002188328	1250.194523937296	0
8495	117421.9919337705	1250.351480383648	0
8496	117421.9910258782	1250.351421833931	0
8497	117572.7733277873	1254.6716762738	0
8498	117572.7747575768	1254.671746725185	0
8499	117573.778480072	1254.611171590867	0
8500	117572.7712975528	1254.671539733268	0
8501	117573.7779200202	1254.611098300842	0
8502	117573.7782145889	1254.611127054762	0
8503	117648.3585374549	1259.218846139706	0
8504	117648.3529866247	1259.21883263625	0
8505	117649.3667296781	1259.10178338564	0
8506	117648.3588687343	1259.218880926612	0
8507	117649.3703978448	1259.102515839299	0
8508	117649.3714694597	1259.102736103649	0
8509	117694.0711867657	1263.65164373776	0
8510	117694.0784970919	1263.652719293733	0
8511	117695.1002562356	1263.633924310855	0
8512	117694.0755029083	1263.65221172355	0
8513	117695.0967240542	1263.633135156123	0
8514	117695.1003839479	1263.633939823226	0
8515	117760.8779494263	1276.135418786276	0
8516	117760.886214499	1276.139358904841	0
8517	117761.8567206512	1275.828337014266	0
8518	117760.8770580608	1276.135383527342	0
8519	117761.8460385471	1275.823536917681	0
8520	117761.8477850669	1275.824115319477	0
8521	117772.2169442839	1281.527711282027	0
8522	117772.2152951953	1281.522901027976	0
8523	117770.095016897	1294.221087903869	0
8524	117770.0949871005	1294.221088143186	0
8525	117775.6490289654	1293.819316065707	0
8526	117770.0688906789	1294.173049566719	0
8527	117775.6279654045	1293.808318571992	0
8528	117775.6490190786	1293.819316102567	0
8529	117776.1275015643	1292.848170783634	0
8530	117776.1270134031	1292.847792388304	0
8531	117776.4145442538	1291.767694887839	0
8532	117776.0920025503	1292.859624758624	0
8533	117776.5838498679	1292.070947927768	0
8534	117776.4134519045	1291.766206492827	0
8535	117776.5396450172	1289.524393556531	0
8536	117776.5384289128	1289.523266874901	0
8537	117776.2819412464	1288.420574825657	0
8538	117776.7225785277	1289.719158154512	0
8539	117776.8506442184	1288.935755869468	0
8540	117776.2827772227	1288.419409262091	0
8541	117775.8642374521	1287.305132268581	0
8542	117775.8641011927	1287.304652341811	0
8543	117775.3337268003	1286.133330848039	0
8544	117776.1108572968	1287.391555126351	0
8545	117775.3988089504	1286.191943126014	0
8546	117775.331271307	1286.129454340416	0
8547	117774.6506611872	1284.934331730223	0
8548	117774.6504531634	1284.934507539455	0
8549	117772.287992746	1281.590540350455	0
8550	117774.8042119194	1284.995334887581	0
8551	117773.5932181363	1282.428740447508	0
8552	117772.28558497	1281.588713755117	0
8553	117781.8616139529	1275.449419656125	0
8554	117781.861553627	1275.449432328019	0
8555	117782.8550529391	1275.118993106631	0
8556	117781.7646678582	1274.991672230303	0
8557	117782.8206099734	1275.112959121536	0
8558	117782.8551499071	1275.119029026314	0
8559	117785.7896100091	1274.073587124964	0
8560	117785.7897250568	1274.073126663912	0
8561	117786.7599202554	1273.669011967569	0
8562	117785.794454023	1274.071181828705	0
8563	117786.7672147237	1273.665008646657	0
8564	117786.7596277872	1273.66917851521	0
8565	117830.8515525816	1263.666217073502	0
8566	117830.8512371874	1263.666284609555	0
8567	117831.8489670051	1263.46888819281	0
8568	117830.8551574403	1263.665609261342	0
8569	117831.8495367162	1263.468846584265	0
8570	117831.850305739	1263.468893239401	0
8571	117833.8524315301	1263.123329768383	0
8572	117833.8532375163	1263.123195416299	0
8573	117834.8539459432	1262.928918275741	0
8574	117833.85314205	1263.123088745244	0
8575	117834.8532006975	1262.929034555409	0
8576	117834.8531439312	1262.92904889475	0
8577	117875.9897670632	1257.285298135605	0
8578	117875.9919605152	1257.28459764325	0
8579	117877.0010851123	1257.304543775351	0
8580	117875.9894802528	1257.285301156595	0
8581	117876.9994310239	1257.304634973531	0
8582	117876.9996118087	1257.304593735833	0
8583	117920.1842704623	1253.195569494527	0
8584	117920.1843135173	1253.195557224665	0
8585	117922.1947919723	1252.996554541442	0
8586	117920.1862123728	1253.195371918984	0
8587	117922.1956632423	1252.996488682437	0
8588	117922.1948427327	1252.996549516826	0
8589	117946.2149123007	1250.518611289518	0
8590	117946.2147509342	1250.518604462989	0
8591	117947.2208893092	1250.501031593378	0
8592	117946.2152939143	1250.518557871025	0
8593	117947.221687609	1250.500975859414	0
8594	117947.2215500934	1250.500985367726	0
8595	117949.2273343549	1250.38081024456	0
8596	117949.2273666347	1250.380806668154	0
8597	117950.2294492478	1250.303682084741	0
8598	117949.2280476864	1250.380709762926	0
8599	117950.2306565013	1250.303597210707	0
8600	117950.2301701145	1250.303709094608	0
8601	117970.2879499836	1249.400680497854	0
8602	117970.2879499846	1249.400680497817	0
8603	117971.290648947	1249.347297957328	0
8604	117970.2876466514	1249.40071738767	0
8605	117971.2929880503	1249.347073791294	0
8606	117971.2909448212	1249.347298059914	0
8607	118136.6517657035	1241.518871656652	0
8608	118136.6516834491	1241.518866024455	0
8609	118137.6548206351	1241.567676981613	0
8610	118136.6523970043	1241.518834072789	0
8611	118137.6552078793	1241.567658691629	0
8612	118137.654765876	1241.567679115464	0
8613	118195.6975606153	1237.969062398719	0
8614	118195.6975773641	1237.969063286548	0
8615	118196.6893632555	1237.818375655332	0
8616	118195.69788992	1237.969045891782	0
8617	118196.6897592708	1237.818353070435	0
8618	118196.6900572189	1237.818356195807	0
8619	118521.2711105201	1227.195667712772	0
8620	118521.2711255826	1227.195663152035	0
8621	118522.2655384656	1227.075575216329	0
8622	118521.2714065063	1227.195656423441	0
8623	118522.2658814572	1227.07557185387	0
8624	118522.2659717431	1227.075564099015	0
8625	118539.2673104725	1225.998643733738	0
8626	118539.2673336155	1225.998638245318	0
8627	118540.2696230052	1225.990022583403	0
8628	118539.2677749226	1225.998623149338	0
8629	118540.2702103693	1225.990004449225	0
8630	118540.2696538173	1225.990021997867	0
8631	118607.3814147675	1223.611763506162	0
8632	118607.3813602846	1223.611761867938	0
8633	118608.3820362527	1223.546006038189	0
8634	118607.3817240351	1223.6117508176	0
8635	118608.3821954664	1223.546001936275	0
8636	118608.3821951264	1223.546004407666	0
8637	118679.5376678477	1223.965772973779	0
8638	118679.5377159393	1223.965770374628	0
8639	118680.5400952662	1223.992677494657	0
8640	118679.5384641498	1223.965752781561	0
8641	118680.5402498628	1223.992672017199	0
8642	118680.5400269765	1223.992678181141	0
8643	118703.5807530883	1223.483366317789	0
8644	118703.5808347602	1223.48336574875	0
8645	118704.5827234352	1223.490287638028	0
8646	118703.5809822222	1223.483358557497	0
8647	118704.5829579311	1223.490274312235	0
8648	118704.5827407833	1223.490288536208	0
8649	118708.5899938096	1223.428653308634	0
8650	118708.5900453593	1223.428653816754	0
8651	118709.5917556188	1223.431713955847	0
8652	118708.5913003704	1223.428555391563	0
8653	118709.5918741833	1223.431703447358	0
8654	118709.5917694796	1223.431713271955	0
8655	118869.8055927569	1229.086732092506	0
8656	118869.8055990762	1229.086732446065	0
8657	118870.8067172203	1229.130630402743	0
8658	118869.8057236899	1229.086728656579	0
8659	118870.8069628144	1229.130636066946	0
8660	118870.8067182235	1229.130630419605	0
8661	118871.8089557675	1229.104792844655	0
8662	118871.8089489907	1229.104793483527	0
8663	118872.8104082907	1229.07573597955	0
8664	118871.8101242521	1229.099967151806	0
8665	118872.8106050954	1229.044729288837	0
8666	118872.8104408456	1229.075738232714	0
8667	118995.7074320665	1238.634173431388	0
8668	118995.7074108853	1238.634170671767	0
8669	118996.7017604885	1238.767137979236	0
8670	118995.7075588763	1238.634171090039	0
8671	118996.7021528039	1238.767150830464	0
8672	118996.7018774177	1238.767142177525	0
8673	119050.6338120233	1243.209346360097	0
8674	119050.6339825599	1243.209352609592	0
8675	119051.6308908099	1243.288563768038	0
8676	119050.6339040925	1243.209350035708	0
8677	119051.6312328039	1243.288589893052	0
8678	119051.6308934136	1243.28856445471	0
8679	119190.9751780801	1247.340992293418	0
8680	119190.9750005387	1247.340974864244	0
8681	119191.3995738744	1247.390240786621	0
8682	119191.4037405797	1247.39072937977	0
8683	119196.401605907	1247.420766263979	0
8684	119190.6944857092	1247.267490783461	0
8685	119196.2670273101	1247.402467756002	0
8686	119196.399335968	1247.42073448797	0
8687	119255.4425470361	1252.982028450017	0
8688	119255.4423245193	1252.982014058329	0
8689	119256.4401829526	1253.080820947421	0
8690	119255.4427967698	1252.982050576554	0
8691	119256.4398783706	1253.080789469629	0
8692	119256.4401926601	1253.080817909893	0
8693	119259.4333296104	1253.399840316163	0
8694	119259.4333030055	1253.399836792916	0
8695	119260.4290900897	1253.513314396706	0
8696	119259.4333291278	1253.399831511499	0
8697	119260.4292445178	1253.513305162427	0
8698	119260.4291053955	1253.513316056698	0
8699	119276.359183142	1255.391021846951	0
8700	119276.3588583086	1255.390995338712	0
8701	119277.3499950197	1255.544328767045	0
8702	119276.3592810367	1255.391025881805	0
8703	119277.3500011373	1255.544329287192	0
8704	119277.3499965371	1255.544329298072	0
8705	119288.2954130075	1256.862969631806	0
8706	119288.2957082588	1256.862996362203	0
8707	119289.2867718447	1257.008636119837	0
8708	119288.2957420092	1256.862994156274	0
8709	119289.28684803	1257.008646915997	0
8710	119289.286858135	1257.008648380556	0
8711	119292.2664606369	1257.406751220549	0
8712	119292.2663949051	1257.406740622662	0
8713	119293.260264253	1257.538694573152	0
8714	119292.2663347652	1257.406733258872	0
8715	119293.2602583699	1257.538688679655	0
8716	119293.2603577443	1257.538701684391	0
8717	119298.2382303395	1258.117022518008	0
8718	119298.2381816528	1258.117017882753	0
8719	119299.2335904986	1258.231546423319	0
8720	119298.2384678619	1258.117036060434	0
8721	119299.2335727356	1258.231547227869	0
8722	119299.2337380042	1258.231562998223	0
8723	119328.1924257427	1260.847454288574	0
8724	119328.1923867044	1260.847452817031	0
8725	119329.1883699397	1260.968550070136	0
8726	119328.1924294204	1260.847453152733	0
8727	119329.1883091342	1260.968547646153	0
8728	119329.1883010304	1260.968546704134	0
8729	119332.1438054366	1261.5433161388	0
8730	119332.1398966723	1261.552055606533	0
8731	119351.1684638347	1263.04186085994	0
8732	119332.143546899	1261.543307722402	0
8733	119351.1678823538	1263.039747763631	0
8734	119351.1678238594	1263.039745596362	0
8735	119360.2016276115	1262.712215597357	0
8736	119360.2016276123	1262.712215596683	0
8737	119361.2028267735	1262.764084201617	0
8738	119360.2015904512	1262.712221685413	0
8739	119361.2028019984	1262.764092024229	0
8740	119361.2027983416	1262.76409176391	0
8741	119422.380492855	1263.99935558032	0
8742	119422.380865305	1263.999362865957	0
8743	119423.3766715955	1264.133987759591	0
8744	119422.3803996546	1263.999353869277	0
8745	119423.3764887538	1264.134026453647	0
8746	119423.3766731601	1264.133986797289	0
8747	119491.710757853	1265.293208128491	0
8748	119491.7109755218	1265.293237453446	0
8749	119492.6548866576	1264.969335349451	0
8750	119491.7097253214	1265.293118070343	0
8751	119492.6526357683	1264.969120344885	0
8752	119492.6549067106	1264.969335626548	0
8753	119503.0355662113	1267.027968281059	0
8754	119503.001122139	1266.998407496757	0
8755	119503.5168041074	1268.277158092321	0
8756	119503.5174633807	1268.278720708136	0
8757	119503.0891798706	1267.066540817677	0
8758	119503.5100501436	1268.273443103251	0
8759	119503.2373464849	1267.168981377649	0
8760	119503.0413758401	1267.032451847906	0
8761	119517.1745363976	1263.596551928677	0
8762	119517.1735895257	1263.596700744241	0
8763	119518.1527185195	1263.413794597655	0
8764	119517.1751354233	1263.596633586722	0
8765	119518.1546582968	1263.413438192805	0
8766	119518.1530091637	1263.413772382352	0
8767	119529.1693405629	1262.341325374499	0
8768	119529.1693349359	1262.341327080292	0
8769	119530.160826817	1262.170956507444	0
8770	119529.170496506	1262.341257991741	0
8771	119530.1614821258	1262.170911995572	0
8772	119530.1609065154	1262.170946332159	0
8773	119580.1901445382	1258.402963744618	0
8774	119580.1900963308	1258.402971680854	0
8775	119581.1667373333	1258.173370888641	0
8776	119580.1913904193	1258.402933357158	0
8777	119581.1683899812	1258.173250150422	0
8778	119581.1667498273	1258.173371114144	0
8779	119629.2178665289	1255.5926773192	0
8780	119629.2178108424	1255.592677122396	0
8781	119630.2085034608	1255.435545249404	0
8782	119629.2183320006	1255.592677064306	0
8783	119630.2090961706	1255.435528928054	0
8784	119630.209124739	1255.435523330988	0
8785	119682.1685453201	1251.525375363501	0
8786	119682.1684672229	1251.52537863418	0
8787	119683.1584523729	1251.368075476516	0
8788	119682.16890707	1251.525374361453	0
8789	119683.1586605471	1251.368072754965	0
8790	119683.1584637848	1251.368077621172	0
8791	119685.1490050487	1251.131575957132	0
8792	119685.148882126	1251.131577189838	0
8793	119687.1362998691	1250.879608489303	0
8794	119685.1492200138	1251.131564782573	0
8795	119687.1363888161	1250.879605915053	0
8796	119687.1363709039	1250.879607511808	0
8797	119723.0777185138	1247.830667428575	0
8798	119723.0777492057	1247.830665631952	0
8799	119724.0727284944	1247.71715752808	0
8800	119723.0781140489	1247.830654192482	0
8801	119724.0729199159	1247.717149657057	0
8802	119724.0727568944	1247.717156561463	0
8803	119799.1507890296	1244.743156546719	0
8804	119799.1507516542	1244.743157705061	0
8805	119800.1522320615	1244.751992127002	0
8806	119799.1509685686	1244.743144712266	0
8807	119800.1522896108	1244.751990480518	0
8808	119800.1522971625	1244.751992824439	0
8809	119815.1731139907	1245.143111513596	0
8810	119815.1731135286	1245.143111723774	0
8811	119816.1745499888	1245.115185931551	0
8812	119815.1734409395	1245.143116323751	0
8813	119816.1746268149	1245.115182550929	0
8814	119816.1745874361	1245.115183340695	0
8815	119839.2118588098	1245.379466864945	0
8816	119839.2117935134	1245.37946962285	0
8817	119840.2115678788	1245.314783788028	0
8818	119839.2120774502	1245.379474708521	0
8819	119840.2118157281	1245.31478717808	0
8820	119840.2115678798	1245.314783788029	0
8821	119911.235155957	1241.665062813896	0
8822	119911.2351894984	1241.66506199803	0
8823	119912.2332976645	1241.580326783833	0
8824	119911.2353713422	1241.665064148694	0
8825	119912.2334307619	1241.580325498488	0
8826	119912.2333345199	1241.580326088157	0
8827	119938.2833255998	1241.542766915036	0
8828	119938.2851637445	1241.547251701705	0
8829	119939.268755585	1241.539133089947	0
8830	119938.2833280364	1241.542766544553	0
8831	119939.2825684643	1241.493417320904	0
8832	119939.2825059767	1241.493419738724	0
8833	119941.2692518187	1241.223032739147	0
8834	119941.2691036417	1241.223036782604	0
8835	119942.2636086483	1241.104649273393	0
8836	119941.2692003097	1241.223039433218	0
8837	119942.2636953751	1241.104647431655	0
8838	119942.2636078169	1241.104649580614	0
8839	119946.2540958483	1240.745678796056	0
8840	119946.253883899	1240.745676081675	0
8841	119947.2498019267	1240.634194354792	0
8842	119946.2542855936	1240.745671688346	0
8843	119947.2499790132	1240.634194358404	0
8844	119947.2498063171	1240.634197623585	0
8845	120016.2138398255	1235.875484882331	0
8846	120016.213833235	1235.87548374229	0
8847	120017.2095412367	1235.766828575395	0
8848	120016.2138734212	1235.875485491432	0
8849	120017.209664781	1235.76683058145	0
8850	120017.2096090565	1235.76682940911	0
8851	120018.2095819168	1235.707569046329	0
8852	120018.2095819173	1235.707569045453	0
8853	120019.2092964449	1235.644075457767	0
8854	120018.2097501027	1235.707570480372	0
8855	120019.2096024992	1235.644068291278	0
8856	120019.2093691173	1235.644080550097	0
8857	120020.2101666195	1235.599374918565	0
8858	120020.2102693609	1235.59936804425	0
8859	120021.2112006633	1235.570448824079	0
8860	120020.210257407	1235.599363230778	0
8861	120021.2115824187	1235.57043933879	0
8862	120021.2113465598	1235.57044836415	0
8863	120184.7290363869	1231.132685202916	0
8864	120184.7295143384	1231.132648613389	0
8865	120184.7478939287	1231.132008699431	0
8866	120184.7478978501	1231.132012488616	0
8867	120299.9219166789	1237.568424657813	0
8868	120299.8978306844	1237.57437240934	0
8869	120299.9716618745	1237.556560927462	0
8870	120299.9220142363	1237.568423923305	0
8871	120377.0922740763	1238.804265992872	0
8872	120377.0922429603	1238.804264900431	0
8873	120378.0826864006	1238.652106214781	0
8874	120377.0932671116	1238.804343573411	0
8875	120378.0841864755	1238.652207118422	0
8876	120378.0832066235	1238.652136986717	0
8877	120379.0816195029	1238.561413021175	0
8878	120379.0813445926	1238.561394068831	0
8879	120380.0819284408	1238.509793683619	0
8880	120379.0816323261	1238.561413117187	0
8881	120380.0828537976	1238.509857386936	0
8882	120380.0826768305	1238.509876775274	0
8883	120414.0441188001	1241.802303155902	0
8884	120414.0443527072	1241.8022962295	0
8885	120415.003045078	1242.121123758399	0
8886	120414.0451704119	1241.802318945495	0
8887	120415.0029019693	1242.121055342585	0
8888	120415.003981665	1242.121222564148	0
8889	120417.9729013981	1242.708167495579	0
8890	120417.9724250266	1242.708109315356	0
8891	120418.9093834382	1243.07534481546	0
8892	120417.9754888021	1242.708475811953	0
8893	120418.9126675189	1243.075610229119	0
8894	120418.9087533223	1243.075186161107	0
8895	120443.4650418087	1247.15550778205	0
8896	120443.4401968564	1247.157086404256	0
8897	120443.4829185947	1247.15564441191	0
8898	120443.4871061607	1247.155497855257	0
8899	120449.1163733939	1246.444535079421	0
8900	120449.060071773	1246.443321328861	0
8901	120449.2077643315	1246.445239236312	0
8902	120449.1232060511	1246.44438567275	0
8903	120451.8429107446	1246.764173544606	0
8904	120451.8193078406	1246.763420021314	0
8905	120452.8453858066	1246.685091610328	0
8906	120451.8397621542	1246.764030783139	0
8907	120452.8541654423	1246.685097904954	0
8908	120452.8458289181	1246.685070180025	0
8909	120453.8781786188	1246.55128046974	0
8910	120453.8764729451	1246.551293436907	0
8911	120454.8880960128	1246.404366146958	0
8912	120453.8804564949	1246.551318141701	0
8913	120454.8879437959	1246.404447871583	0
8914	120454.8880817715	1246.404426802066	0
8915	120458.9314482238	1245.919430354737	0
8916	120458.9321263465	1245.919550233389	0
8917	120459.9404758718	1245.843319683677	0
8918	120458.9315002151	1245.919425781118	0
8919	120459.9387490973	1245.843228372458	0
8920	120459.940514157	1245.84332242366	0
8921	120520.0028319931	1250.41160339305	0
8922	120520.0027034465	1250.41160763379	0
8923	120521.0060564015	1250.359844004251	0
8924	120520.0105468934	1250.434672905468	0
8925	120521.0081701477	1250.363436677588	0
8926	120521.0062388269	1250.359855080597	0
8927	120532.0341461558	1250.251228203779	0
8928	120532.0342205202	1250.251229160083	0
8929	120533.0354597516	1250.19123273039	0
8930	120532.032933453	1250.251197061641	0
8931	120533.0349369897	1250.191207778551	0
8932	120533.0352688848	1250.191234550289	0
8933	120592.1601315498	1249.124154383123	0
8934	120592.1602060141	1249.124149572643	0
8935	120593.1592878873	1249.054489292194	0
8936	120592.1600843487	1249.124153625084	0
8937	120593.1592738897	1249.054495951777	0
8938	120593.1593774864	1249.054495039879	0
8939	120631.197961334	1247.419053944814	0
8940	120631.1980667241	1247.419054288545	0
8941	120632.1981622797	1247.351601470317	0
8942	120631.1979380262	1247.419053955836	0
8943	120632.1981994498	1247.35159901307	0
8944	120632.1981566152	1247.351601451184	0
8945	120634.2004125088	1247.286788301933	0
8946	120634.2004711888	1247.286783784805	0
8947	120635.2008389733	1247.23570929343	0
8948	120634.2003850774	1247.286787988186	0
8949	120635.200732591	1247.235712079303	0
8950	120635.2007124283	1247.235712086509	0
8951	120709.3392303409	1246.720073007408	0
8952	120709.3392177354	1246.720062937148	0
8953	120710.3381164898	1246.764484166947	0
8954	120709.3394839164	1246.720070429131	0
8955	120710.3381887001	1246.764483408327	0
8956	120710.3380966081	1246.764483159807	0
8957	120748.682254347	1248.505053364223	0
8958	120748.6819707599	1248.505032224098	0
8959	120748.8906795111	1248.521164198049	0
8960	120748.8906959505	1248.521164249453	0
8961	120763.1733191505	1249.796226720854	0
8962	120763.1732629611	1249.796224525941	0
8963	120764.1590669486	1249.919877523732	0
8964	120763.1730279275	1249.796198818191	0
8965	120764.1589250875	1249.919870129587	0
8966	120764.1592097243	1249.919890575695	0
8967	120812.6310985735	1253.439068497578	0
8968	120812.6310985745	1253.439068497754	0
8969	120813.5516644391	1253.465834837178	0
8970	120813.5516637393	1253.465833901603	0
8971	120928.0511912126	1260.23857607196	0
8972	120928.0511543372	1260.238575520531	0
8973	120929.0503939055	1260.294412708344	0
8974	120928.0512639905	1260.23858061581	0
8975	120929.0505450464	1260.294424023319	0
8976	120929.0505016971	1260.294416739593	0
8977	120931.055204902	1260.318136541481	0
8978	120931.0552105637	1260.318139250149	0
8979	120932.0569586321	1260.328240272058	0
8980	120931.0551953658	1260.318142979147	0
8981	120932.0568227346	1260.328238278082	0
8982	120932.0569475608	1260.328240147471	0
8983	120958.1150383509	1260.434395591491	0
8984	120958.1151086891	1260.434399974451	0
8985	120959.1175228893	1260.480515964503	0
8986	120958.1148766574	1260.434378149606	0
8987	120959.1173631184	1260.480505480535	0
8988	120959.1177848288	1260.480525223109	0
8989	120961.1278369229	1260.605091761856	0
8990	120961.127857632	1260.605095523132	0
8991	120962.1300716703	1260.690943575026	0
8992	120961.1278377771	1260.605091762154	0
8993	120962.1294224006	1260.690903680782	0
8994	120962.1302517111	1260.690951705292	0
8995	120980.4098581188	1261.441069410217	0
8996	120980.5752669075	1261.301798680342	0
8997	120980.5420647745	1261.444276991431	0
8998	120980.4094095455	1261.440952494029	0
8999	120987.4809805485	1262.849270129689	0
9000	120987.4802054873	1262.849363703538	0
9001	120987.5690071474	1262.842660918368	0
9002	120987.5693628389	1262.842625712213	0
9003	120989.8170646499	1262.495570083889	0
9004	120989.8165083925	1262.495635844055	0
9005	120991.6666829115	1262.346942090971	0
9006	120991.6660487143	1262.347296812981	0
9007	120993.7148825696	1261.513271956273	0
9008	120993.6759356074	1261.519935223703	0
9009	120993.7170747873	1261.511853096094	0
9010	120993.7144104598	1261.513189817007	0
9011	120999.2524458383	1262.630561768953	0
9012	120999.252713065	1262.630581222966	0
9013	120999.295627356	1262.636916423992	0
9014	120999.281310215	1262.634769898267	0
9015	121026.666408062	1262.787950058823	0
9016	121026.6666602441	1262.787958728849	0
9017	121027.5938881937	1263.1806877019	0
9018	121026.6680439269	1262.787925377103	0
9019	121027.5961498996	1263.180750517304	0
9020	121027.5960533058	1263.180728772619	0
9021	121072.6567714692	1265.739232300995	0
9022	121072.6567907753	1265.7392315773	0
9023	121073.6251536567	1265.996041564201	0
9024	121072.6570088412	1265.739236456368	0
9025	121073.6253985283	1265.996045732653	0
9026	121073.6252270844	1265.996039354119	0
9027	121149.6025880616	1271.393986776488	0
9028	121149.6025571412	1271.393983814464	0
9029	121150.5436530839	1271.750955762923	0
9030	121149.6030979032	1271.394009116885	0
9031	121150.5436809689	1271.75093776047	0
9032	121150.5436356809	1271.7509442832	0
9033	121188.6191922503	1275.019434564334	0
9034	121188.6191689758	1275.01943472046	0
9035	121189.4425556909	1275.577997121619	0
9036	121188.6212455992	1275.019632839611	0
9037	121189.4457942813	1275.578439071686	0
9038	121189.4448204729	1275.57846778652	0
9039	121205.1435430668	1278.916461295603	0
9040	121205.1484992604	1278.916880213402	0
9041	121205.2156913926	1278.923981359035	0
9042	121205.1846584766	1278.920686275397	0
9043	121226.2598621758	1278.417470296188	0
9044	121226.2600226456	1278.417476304837	0
9045	121227.210402357	1278.718494873369	0
9046	121226.2580492742	1278.417440495958	0
9047	121227.2069891056	1278.718415554893	0
9048	121227.2091181111	1278.718488740846	0
9049	121253.2478144829	1280.621224942608	0
9050	121253.2480109647	1280.621264587423	0
9051	121254.2501362702	1280.546242860857	0
9052	121253.2476406127	1280.621239941681	0
9053	121254.2497367959	1280.546216101269	0
9054	121254.2497783125	1280.546214904298	0
9055	121262.2584505568	1281.013300622295	0
9056	121262.2587923106	1281.013320688362	0
9057	121263.2604895232	1280.950654814641	0
9058	121262.2586110588	1281.013319511111	0
9059	121263.2600337976	1280.9506050585	0
9060	121263.2603510127	1280.950663266232	0
9061	121312.3516454019	1281.420780035719	0
9062	121312.3516517094	1281.420780050876	0
9063	121313.3529322971	1281.45916902256	0
9064	121312.3515116958	1281.42077352849	0
9065	121313.3527862091	1281.459159732509	0
9066	121313.3529300562	1281.459168433067	0
9067	121343.3762029518	1282.762803742549	0
9068	121343.3763747724	1282.762811066309	0
9069	121344.3759443935	1282.824631931938	0
9070	121343.3762952911	1282.762808904891	0
9071	121344.3759656868	1282.824632324811	0
9072	121344.3759354875	1282.824630371724	0
9073	121453.5092683139	1285.827767069347	0
9074	121453.5093500319	1285.827765193228	0
9075	121454.5105207914	1285.808812326193	0
9076	121453.5092193553	1285.827765487358	0
9077	121454.5105160436	1285.808813350777	0
9078	121454.5105415565	1285.808812584979	0
9079	121481.5409143702	1285.022096465782	0
9080	121481.5409229927	1285.02209751051	0
9081	121482.5415673371	1284.984293354391	0
9082	121481.5409566511	1285.022095193846	0
9083	121482.5415156715	1284.984293208894	0
9084	121482.5416250365	1284.984294641791	0
9085	121502.55309584	1284.086729941474	0
9086	121502.5531574764	1284.086726976364	0
9087	121503.5521015997	1284.017354375578	0
9088	121502.5531169532	1284.086729375303	0
9089	121503.5519496171	1284.017354040881	0
9090	121503.5521015987	1284.017354375659	0
9091	121508.5546745702	1283.79591782676	0
9092	121508.5546818652	1283.795915063969	0
9093	121509.5549992526	1283.751685945595	0
9094	121508.5546842548	1283.795917946589	0
9095	121509.5549538915	1283.751688654274	0
9096	121509.5549654632	1283.75168478187	0
9097	121686.8222800417	1282.317630414358	0
9098	121686.82229078	1282.317630489082	0
9099	121687.8227690423	1282.263355547556	0
9100	121686.8223085117	1282.317742157353	0
9101	121687.822658658	1282.263485949455	0
9102	121687.8227601528	1282.263356028181	0
9103	121726.7898050826	1279.495568486389	0
9104	121726.7897963535	1279.495569049107	0
9105	121727.7885257541	1279.422930779668	0
9106	121726.7898350686	1279.495567477789	0
9107	121727.7885813876	1279.422931112885	0
9108	121727.7886504224	1279.422923910274	0
9109	121735.7793580661	1278.810355531724	0
9110	121735.78011301	1278.816451135489	0
9111	121736.7722709491	1278.675785933603	0
9112	121735.779412398	1278.810350673898	0
9113	121736.7722324906	1278.675639523218	0
9114	121736.7722395114	1278.675642168455	0
9115	121744.7278169668	1277.723119453257	0
9116	121744.7278040249	1277.723115218544	0
9117	121745.7239702995	1277.621447422059	0
9118	121744.727763242	1277.723115580398	0
9119	121745.7240004852	1277.621442266338	0
9120	121745.7240004854	1277.621442267323	0
9121	121771.6480437594	1275.143297429782	0
9122	121771.6480245412	1275.14329873871	0
9123	121772.6474393921	1275.074870895032	0
9124	121771.6479998071	1275.143299245878	0
9125	121772.6473781657	1275.074869493779	0
9126	121772.6474339125	1275.074870243653	0
9127	121978.7997051953	1267.256744509742	0
9128	121978.799679754	1267.256745376127	0
9129	121979.7972822283	1267.172706777426	0
9130	121978.799638967	1267.256750934105	0
9131	121979.797408651	1267.172705207602	0
9132	121979.797374008	1267.172698451325	0
9133	121999.7288645109	1265.202800032597	0
9134	121999.7288638806	1265.202800455638	0
9135	122000.726867138	1265.120409003967	0
9136	121999.7289289541	1265.202798847777	0
9137	122000.7268261609	1265.12041053414	0
9138	122000.7268391752	1265.120406584379	0
9139	122011.6847461093	1263.995096220842	0
9140	122011.6848065358	1263.99509054124	0
9141	122012.6795093054	1263.877219911223	0
9142	122011.6848365288	1263.995093116581	0
9143	122012.679431281	1263.877225325272	0
9144	122012.679444591	1263.877225342995	0
9145	122017.6595072674	1263.356742489209	0
9146	122017.6595362961	1263.356738227531	0
9147	122018.6550793211	1263.248851889082	0
9148	122017.6595177205	1263.356737576141	0
9149	122018.655020593	1263.248848186101	0
9150	122018.6550314081	1263.248846541839	0
9151	122041.6096641982	1261.326484810875	0
9152	122041.6096197487	1261.326486273559	0
9153	122042.607893936	1261.245383385043	0
9154	122041.6096764732	1261.326477745757	0
9155	122042.6079211149	1261.245374981826	0
9156	122042.607912826	1261.245382145805	0
9157	122047.6024555106	1260.876114878923	0
9158	122047.6024954138	1260.876115445747	0
9159	122048.6018379333	1260.809318176649	0
9160	122047.602326584	1260.876110316357	0
9161	122048.6018231435	1260.809308609997	0
9162	122048.6018218719	1260.809323371507	0
9163	122072.6454860898	1260.453830000231	0
9164	122072.6454701521	1260.453830565054	0
9165	122073.6476614424	1260.449773793071	0
9166	122072.6454886341	1260.45382804878	0
9167	122073.6474602701	1260.44975495696	0
9168	122073.6476414508	1260.449774433347	0
9169	122087.6652385082	1261.159391516066	0
9170	122087.6653545065	1261.161052503585	0
9171	122088.6667115231	1261.145213235945	0
9172	122087.6652803554	1261.159391940491	0
9173	122088.666758081	1261.145005884262	0
9174	122088.6667474356	1261.145006895724	0
9175	122161.5295804329	1254.693841692281	0
9176	122161.5296129594	1254.693839940783	0
9177	122162.5244177848	1254.576542789257	0
9178	122161.5295823365	1254.69384169197	0
9179	122162.524414209	1254.576541105895	0
9180	122162.5244177838	1254.576542789319	0
9181	122179.4801957541	1253.020849878958	0
9182	122179.4801505565	1253.020854445124	0
9183	122180.4774045229	1252.928367143596	0
9184	122179.4802221359	1253.020847500996	0
9185	122180.4772678915	1252.928358601423	0
9186	122180.4774292824	1252.928366037207	0
9187	122182.4732787295	1252.762749867159	0
9188	122182.4733168359	1252.762750556317	0
9189	122183.4711128626	1252.680241661792	0
9190	122182.4732608811	1252.762750998516	0
9191	122183.4710453861	1252.680231795616	0
9192	122183.4711300492	1252.68024007626	0
9193	122278.505423227	1248.396533588067	0
9194	122278.5054178151	1248.396532804358	0
9195	122279.5050792264	1248.34299243377	0
9196	122278.5055022944	1248.396530321586	0
9197	122279.5050411109	1248.342993562836	0
9198	122279.5050515464	1248.342995094576	0
9199	122293.517762004	1247.938257823849	0
9200	122293.51774168	1247.938259184626	0
9201	122294.51744252	1247.884205655175	0
9202	122293.5177631306	1247.938256882814	0
9203	122294.5174713963	1247.884202841454	0
9204	122294.5174425189	1247.884205655243	0
9205	122296.517569981	1247.783567505065	0
9206	122296.5175914489	1247.783566286554	0
9207	122297.5180633298	1247.743193297767	0
9208	122296.517571231	1247.783558173207	0
9209	122297.518079518	1247.74318845303	0
9210	122297.5180768571	1247.743193230329	0
9211	122383.610377103	1245.375049416329	0
9212	122383.6103726975	1245.375049161026	0
9213	122384.6124305155	1245.368932174192	0
9214	122383.610326226	1245.375046206929	0
9215	122384.6124469332	1245.368918325224	0
9216	122384.6125072432	1245.368932506599	0
9217	122392.6209675617	1245.585151345811	0
9218	122392.6210104921	1245.585133774887	0
9219	122393.621859314	1245.620050819508	0
9220	122392.6210058338	1245.585151358943	0
9221	122393.6219051798	1245.620060039689	0
9222	122393.6219513308	1245.620063122867	0
9223	122401.6223941183	1246.035049280324	0
9224	122401.6223656558	1246.035048526785	0
9225	122402.6221825521	1246.089691075166	0
9226	122401.6223536693	1246.035044868902	0
9227	122402.6221613098	1246.089688928352	0
9228	122402.62219707	1246.089691425086	0
9229	122403.6214069194	1246.154543766656	0
9230	122403.6214050646	1246.154540102133	0
9231	122405.6191604797	1246.299074343711	0
9232	122403.6213529637	1246.15454216379	0
9233	122405.6191830616	1246.299077136354	0
9234	122405.6191857991	1246.299077509532	0
9235	122410.6100621989	1246.705395849943	0
9236	122410.6100691991	1246.705396372042	0
9237	122411.608778321	1246.779493680354	0
9238	122410.610034143	1246.705393786675	0
9239	122411.6087540897	1246.779493701676	0
9240	122411.6087899334	1246.779493823413	0
9241	122419.5954166217	1247.420897259228	0
9242	122419.5954194829	1247.420898220902	0
9243	122420.5926073853	1247.511371143269	0
9244	122419.5954116041	1247.420902813934	0
9245	122420.5926555657	1247.511377961692	0
9246	122420.5926474418	1247.511372836321	0
9247	122482.5935655846	1250.883693970299	0
9248	122482.5935746793	1250.883689714394	0
9249	122483.5938202555	1250.925964784115	0
9250	122482.5935693479	1250.88369397441	0
9251	122483.5938620034	1250.925973898361	0
9252	122483.5938142237	1250.925963066016	0
9253	122514.6382976678	1250.893316654591	0
9254	122514.6383380861	1250.893315677946	0
9255	122515.6394274752	1250.901403114511	0
9256	122514.6382911798	1250.893317199863	0
9257	122515.6395335378	1250.901405869841	0
9258	122515.6395370805	1250.901406305712	0
9259	122610.7277249735	1253.130814191369	0
9260	122610.7277486551	1253.130816503396	0
9261	122611.7288731126	1253.134650688516	0
9262	122610.727682913	1253.130816758228	0
9263	122611.7288441701	1253.134653217562	0
9264	122611.7289068394	1253.134651834683	0
9265	122618.7351613433	1252.958453584968	0
9266	122618.7351306791	1252.958453689304	0
9267	122619.7366100689	1252.962963951117	0
9268	122618.7351348236	1252.958452937682	0
9269	122619.7365912938	1252.962963101336	0
9270	122619.7365912948	1252.96296310139	0
9271	122653.7808667913	1252.480044155468	0
9272	122653.7808895491	1252.480043439067	0
9273	122654.7823811984	1252.500335909481	0
9274	122653.7809114093	1252.480037549387	0
9275	122654.782272799	1252.500327509073	0
9276	122654.7822740925	1252.500327229751	0
9277	122723.7960676858	1255.921373205047	0
9278	122723.796048918	1255.921372791654	0
9279	122724.7975457335	1255.938009482522	0
9280	122723.7963128262	1255.921372338634	0
9281	122724.7975561117	1255.938005805028	0
9282	122724.797542427	1255.938009531858	0
9283	122881.9073183166	1261.777369230188	0
9284	122881.9073246239	1261.777416537001	0
9285	122882.9027017349	1261.884629664434	0
9286	122881.9073305905	1261.777369219833	0
9287	122882.9027212684	1261.884615924066	0
9288	122881.9073079028	1261.777397667681	0
9289	122882.9027710293	1261.884627433607	0
9290	122882.9027432964	1261.884618836386	0
9291	122884.8910619707	1262.126101039145	0
9292	122884.8909367161	1262.126089379218	0
9293	122885.8876639841	1262.227167555606	0
9294	122884.8910649017	1262.126095957298	0
9295	122885.8877176144	1262.227168098789	0
9296	122885.8876905372	1262.227170144842	0
9297	122917.7696035287	1265.542697477337	0
9298	122917.7696051301	1265.542697476959	0
9299	122918.7648704103	1265.655230968074	0
9300	122917.769700305	1265.542700538379	0
9301	122918.7648311511	1265.655224214082	0
9302	122918.7648464856	1265.655228591945	0
9303	122953.6391818566	1269.247152258131	0
9304	122953.6391945962	1269.247153869818	0
9305	122954.6313482387	1269.385438569098	0
9306	122953.6392333214	1269.247156436558	0
9307	122954.6312939982	1269.385431543601	0
9308	122954.6312871452	1269.385430681977	0
9309	122956.620983709	1269.618486829692	0
9310	122956.6209787346	1269.618487671958	0
9311	122957.6156666901	1269.734998074997	0
9312	122956.6209971425	1269.618486650392	0
9313	122957.6157125851	1269.734999627711	0
9314	122957.6156971478	1269.734997831693	0
9315	122962.58859086	1270.326682194381	0
9316	122962.5885909324	1270.326682205466	0
9317	122963.5825959391	1270.450049015567	0
9318	122962.5885678794	1270.326682493467	0
9319	122963.5825754866	1270.450055583131	0
9320	122963.5826394526	1270.450061935306	0
9321	122965.5728172742	1270.678502140703	0
9322	122965.5729046661	1270.678490447786	0
9323	122966.5694580491	1270.777554144552	0
9324	122965.5727772531	1270.678502962965	0
9325	122966.569382625	1270.777566291148	0
9326	122966.5694155292	1270.777553786642	0
9327	122986.5097619916	1272.708920403261	0
9328	122986.5098462601	1272.70892528574	0
9329	122987.5066392369	1272.80785021799	0
9330	122986.509679572	1272.708931786807	0
9331	122987.5065613517	1272.807854167914	0
9332	122987.506596119	1272.807853961677	0
9333	123103.5863768162	1278.145707485445	0
9334	123103.5863529357	1278.145707860916	0
9335	123104.5861698004	1278.210110577563	0
9336	123103.586204389	1278.145709031402	0
9337	123104.586056856	1278.21011820182	0
9338	123104.5861601901	1278.21010927576	0
9339	123119.5755343619	1279.293645211612	0
9340	123119.5755982535	1279.293648343393	0
9341	123120.5760814968	1279.351948471656	0
9342	123119.5754937397	1279.293653276445	0
9343	123120.5759301964	1279.351954596748	0
9344	123120.57596275	1279.351955233795	0
9345	123121.5753882677	1279.421288755952	0
9346	123121.5754032518	1279.421291705516	0
9347	123122.5753912058	1279.484320678147	0
9348	123121.5752916664	1279.421299035911	0
9349	123122.5752059947	1279.484329201794	0
9350	123122.5753956904	1279.484321074914	0
9351	123136.5796806547	1280.301916015602	0
9352	123136.5796703864	1280.301916885108	0
9353	123137.5807974412	1280.347734901349	0
9354	123136.5794610436	1280.301928977207	0
9355	123137.5807407332	1280.347742788305	0
9356	123137.5807085317	1280.347739971626	0
9357	123238.8239544739	1279.532330279811	0
9358	123238.8242186399	1279.532329989269	0
9359	123239.8025935045	1279.313124621194	0
9360	123238.8213763103	1279.532311822192	0
9361	123239.8020810937	1279.313099593495	0
9362	123239.8027311197	1279.313126314175	0
9363	123265.1072389208	1280.560324147682	0
9364	123265.0883830383	1280.561250109016	0
9365	123265.1536142442	1280.561204871111	0
9366	123265.1080752935	1280.560309277858	0
9367	123275.3861309194	1280.386406223835	0
9368	123275.3794147949	1280.388387037478	0
9369	123275.4013331703	1280.376261254743	0
9370	123275.3852661383	1280.386411291813	0
9371	123282.4432107222	1279.566772074313	0
9372	123282.4432107212	1279.566772074042	0
9373	123283.6901846347	1279.924495280954	0
9374	123283.690614801	1279.925210692281	0
9375	123283.7184611952	1279.958179950368	0
9376	123283.6927861003	1279.935747197851	0
9377	123284.1900720882	1279.803273692955	0
9378	123283.8292123837	1279.841247695835	0
9379	123284.149268214	1279.78563900409	0
9380	123284.1941869948	1279.801793922934	0
9381	123298.5918314474	1278.867369549414	0
9382	123298.5913810876	1278.867375293212	0
9383	123299.5941790474	1278.801904817565	0
9384	123298.6411431151	1279.001092440202	0
9385	123299.590151344	1278.84963486862	0
9386	123299.594254548	1278.801909964112	0
9387	123304.662350747	1278.299312960803	0
9388	123304.6685520396	1278.294194996454	0
9389	123306.0102028174	1278.270289571402	0
9390	123304.6631677224	1278.299299807748	0
9391	123305.9883977902	1278.265304414804	0
9392	123305.8345786186	1278.275533534654	0
9393	123306.2704064252	1278.245351140208	0
9394	123306.4437241784	1278.235210604422	0
9395	123315.7451352587	1277.187012068919	0
9396	123306.1745699521	1278.25235999779	0
9397	123306.4974540491	1278.229575587203	0
9398	123306.2760421861	1278.244847972458	0
9399	123307.7087579862	1277.993659510453	0
9400	123306.4947485491	1278.230098059555	0
9401	123307.7178000952	1277.993448433781	0
9402	123307.7045707025	1277.98782771847	0
9403	123307.7329839809	1277.994174562067	0
9404	123307.7095451628	1277.99442624206	0
9405	123315.7729595726	1277.186240810123	0
9406	123315.7715830812	1277.186303258855	0
9407	123316.9387473339	1277.136939436967	0
9408	123316.9437805718	1277.136580150246	0
9409	123317.5397490421	1277.09126399218	0
9410	123317.537042325	1277.091464153747	0
9411	123325.8441273646	1276.88313359628	0
9412	123325.846514661	1277.012488117422	0
9413	123325.9519297019	1276.852595051694	0
9414	123325.7848626958	1276.850958922997	0
9415	123325.9329357963	1276.90607445844	0
9416	123325.8434344591	1276.883137477148	0
9417	123407.5931351085	1269.996437111662	0
9418	123407.3023449739	1270.036932731801	0
9419	123407.6567295481	1270.945570119716	0
9420	123407.5453930277	1270.007218575278	0
9421	123407.6410797792	1270.980160043781	0
9422	123407.6403891057	1270.981547776282	0
9423	123407.8264025454	1269.946792414816	0
9424	123407.8265245245	1269.947028252194	0
9425	123409.00333759	1269.585553260061	0
9426	123408.9957370488	1269.587799143964	0
9427	123409.9616350355	1269.271044224693	0
9428	123409.0067025216	1269.584326476062	0
9429	123409.9754102098	1269.26628799008	0
9430	123409.9755445903	1269.266366430663	0
9431	123410.9557844533	1268.676687588647	0
9432	123410.9508722212	1268.677578797254	0
9433	123411.0102469942	1268.657929185311	0
9434	123411.0104685837	1268.657928785539	0
9435	123417.3303452327	1268.631353037642	0
9436	123417.3361603813	1268.631035256716	0
9437	123418.3292566545	1268.644013897547	0
9438	123417.3305106239	1268.631336100958	0
9439	123418.3268656505	1268.644062492566	0
9440	123418.327107294	1268.644060877723	0
9441	123422.3655434781	1268.513675838768	0
9442	123422.365299637	1268.513719592377	0
9443	123423.3569245559	1268.322633394616	0
9444	123422.3650697789	1268.513726549937	0
9445	123423.3558245636	1268.322720738355	0
9446	123423.3563388897	1268.322685048267	0
9447	123560.5313194612	1262.326313288974	0
9448	123560.5313299501	1262.326312632548	0
9449	123561.5309429538	1262.271393873577	0
9450	123560.5314526301	1262.326306244218	0
9451	123561.5312032483	1262.271381297393	0
9452	123561.5310736438	1262.271388311635	0
9453	123758.6118285159	1253.808992878272	0
9454	123758.6118559126	1253.80899019203	0
9455	123759.6108138423	1253.744178820593	0
9456	123758.6118591806	1253.808991954976	0
9457	123759.61087391	1253.744180993775	0
9458	123759.6108254459	1253.744178800681	0
9459	123761.6072341022	1253.59041822964	0
9460	123761.6072016034	1253.590419169255	0
9461	123762.604494406	1253.499536684827	0
9462	123761.6072492076	1253.590416967324	0
9463	123762.6045609968	1253.499534746389	0
9464	123762.604467131	1253.499536796394	0
9465	123875.4676817111	1245.466690141771	0
9466	123875.4676539502	1245.466691198558	0
9467	123876.4667239029	1245.407936129049	0
9468	123875.467602382	1245.466690205802	0
9469	123876.4667262122	1245.407929124635	0
9470	123876.4667211312	1245.407936132443	0
9471	123881.4654722896	1245.12671372904	0
9472	123881.465456402	1245.12671337407	0
9473	123882.4637080839	1245.052468423907	0
9474	123881.4653736905	1245.126713949557	0
9475	123882.4636267182	1245.052462331353	0
9476	123882.4636370453	1245.052465010224	0
9477	123884.4619325662	1244.919663611174	0
9478	123884.4618174043	1244.919664911692	0
9479	123885.4592142597	1244.833279743001	0
9480	123884.4619221679	1244.919664044946	0
9481	123885.4592991956	1244.833278996342	0
9482	123885.4593094755	1244.833276904109	0
9483	123927.4360410582	1242.227965700335	0
9484	123927.4360343295	1242.22796611957	0
9485	123928.4354387209	1242.165706250949	0
9486	123927.4359721257	1242.227951964787	0
9487	123928.4354290024	1242.165704174589	0
9488	123928.4354383837	1242.165705706426	0
9489	124064.6378113118	1242.248841419046	0
9490	124064.6378957173	1242.248842323192	0
9491	124065.6357243941	1242.338029628337	0
9492	124064.6378503857	1242.248841045255	0
9493	124065.6357139593	1242.338033517373	0
9494	124065.6357291876	1242.338031464313	0
9495	124103.6826727422	1243.478635756198	0
9496	124103.6828697471	1243.478632985093	0
9497	124104.6841789653	1243.483515963816	0
9498	124103.6825428994	1243.478639959794	0
9499	124104.6837555704	1243.483530645234	0
9500	124104.6842038393	1243.483514440335	0
9501	124142.7437898198	1242.749955584791	0
9502	124142.7439193278	1242.749951568676	0
9503	124143.7441762246	1242.815737458047	0
9504	124142.7437799827	1242.749954874575	0
9505	124143.7434894235	1242.81577356575	0
9506	124143.7441735192	1242.815736088446	0
9507	124185.8360347553	1242.092750993813	0
9508	124185.8359831388	1242.092757648534	0
9509	124186.8227234713	1241.913535804292	0
9510	124185.8353157878	1242.092804699321	0
9511	124186.8215617571	1241.913564877766	0
9512	124186.822821942	1241.913521194492	0
9513	124219.8867451896	1239.995961267622	0
9514	124219.886830843	1239.995981177069	0
9515	124220.9006692501	1239.844936126498	0
9516	124219.8822049861	1240.120586821853	0
9517	124220.9028189015	1239.843746802982	0
9518	124220.8998630076	1239.844920589372	0
9519	124221.8998543449	1239.988009021108	0
9520	124221.8988600094	1239.987949347099	0
9521	124222.9130167032	1239.955210184913	0
9522	124221.9020936954	1239.988236720298	0
9523	124222.9147545361	1239.955590239665	0
9524	124222.9147545351	1239.955590239454	0
9525	124227.0004523066	1241.096681987895	0
9526	124226.9451329778	1241.101388830271	0
9527	124227.5486171008	1241.852539834414	0
9528	124227.5452336759	1241.856528750918	0
9529	124227.0380784793	1241.096299382645	0
9530	124226.9951607291	1241.097687064741	0
9531	124228.2565667264	1240.823525129889	0
9532	124228.2633740642	1240.821529041421	0
9533	124228.3250143205	1240.80282553073	0
9534	124228.2700350766	1240.816873124555	0
9535	124248.4977397545	1238.13089034467	0
9536	124248.4971441769	1238.130994308387	0
9537	124249.4467955215	1237.784434051988	0
9538	124248.5001413383	1238.13072902809	0
9539	124249.4512499951	1237.783863968005	0
9540	124249.4479517167	1237.784301636263	0
9541	124293.4807757192	1234.452437230214	0
9542	124293.4807539413	1234.452441342886	0
9543	124294.4733639675	1234.31784602579	0
9544	124293.480965218	1234.452429232668	0
9545	124294.4739829936	1234.317797584264	0
9546	124294.4734222439	1234.317841846783	0
9547	124309.4663975923	1233.15912360297	0
9548	124309.4663813564	1233.159124055566	0
9549	124310.462304094	1233.051468759864	0
9550	124309.46707622	1233.15907537696	0
9551	124310.4625335835	1233.051446842183	0
9552	124310.4623556539	1233.051469170576	0
9553	124350.4869359355	1230.865792584809	0
9554	124350.486549286	1230.865818547214	0
9555	124351.4882775588	1230.858252530694	0
9556	124350.4869359345	1230.865792584925	0
9557	124351.488888561	1230.858201550921	0
9558	124351.4885734695	1230.858232410356	0
9559	124353.4920878968	1230.850432476992	0
9560	124353.492070746	1230.850432394084	0
9561	124354.4933445901	1230.884219280572	0
9562	124353.4921798938	1230.850423099141	0
9563	124354.4935424814	1230.88420858109	0
9564	124354.4934269782	1230.884215154303	0
9565	124391.5577197303	1231.207611449131	0
9566	124391.5577157639	1231.207593652799	0
9567	124392.5568661502	1231.276130719386	0
9568	124391.5577495774	1231.207611493058	0
9569	124392.557040592	1231.276138446688	0
9570	124392.5570041343	1231.276135013318	0
9571	124488.6350705557	1235.19320882584	0
9572	124488.6350860859	1235.193208402407	0
9573	124489.6354123381	1235.247234665783	0
9574	124488.6352051003	1235.193206992807	0
9575	124489.635573639	1235.247235354731	0
9576	124489.6354544404	1235.247236175751	0
9577	124575.7545559088	1236.389806052156	0
9578	124575.7545959067	1236.389806249912	0
9579	124576.7555491618	1236.420593314865	0
9580	124575.7546561206	1236.389803023394	0
9581	124576.755620839	1236.420589075393	0
9582	124576.7555738819	1236.420593181242	0
9583	124596.7838986876	1236.584455986108	0
9584	124596.7838408729	1236.584463290229	0
9585	124597.7838782617	1236.635121372382	0
9586	124596.7839050076	1236.584456134488	0
9587	124597.7840101638	1236.635115748806	0
9588	124597.7839242143	1236.635120242751	0
9589	124665.7778016777	1240.337349373726	0
9590	124665.777680572	1240.337353359312	0
9591	124666.7737440947	1240.441215356111	0
9592	124665.7777949605	1240.337348673128	0
9593	124666.7738142551	1240.441213794711	0
9594	124666.7737378332	1240.441213932001	0
9595	124683.7314666457	1241.956070121687	0
9596	124683.7314600701	1241.956069665667	0
9597	124684.726466421	1242.065624823302	0
9598	124683.7315314209	1241.956066886402	0
9599	124684.7265191167	1242.065623723517	0
9600	124684.7264659464	1242.065624627292	0
9601	124797.6081874141	1249.854563482765	0
9602	124797.6081224298	1249.854564693295	0
9603	124798.6039239506	1249.959607588578	0
9604	124797.6082099422	1249.854563085484	0
9605	124798.6038986836	1249.959600433387	0
9606	124798.6038624209	1249.959597988157	0
9607	124806.563781508	1250.866617217355	0
9608	124806.5637723252	1250.86661716557	0
9609	124807.5588672568	1250.978591105113	0
9610	124806.5638585493	1250.866619113755	0
9611	124807.5588226493	1250.978588960433	0
9612	124807.5588533144	1250.978591084157	0
9613	124847.4620492389	1254.505458307307	0
9614	124847.4620554545	1254.505458792013	0
9615	124848.4602697179	1254.582864432611	0
9616	124847.4621545643	1254.505464902995	0
9617	124848.4604852897	1254.58287279879	0
9618	124848.4603000595	1254.582865046561	0
9619	124852.4545392266	1254.888854890609	0
9620	124852.4545543948	1254.888855582343	0
9621	124853.4535808937	1254.956045568801	0
9622	124852.4545393148	1254.888854887866	0
9623	124853.4536152649	1254.956045672989	0
9624	124853.4536311142	1254.95604691333	0
9625	124854.4534456547	1255.015090112006	0
9626	124854.4535416216	1255.015122762269	0
9627	124855.4546312756	1255.042624550958	0
9628	124854.4534588343	1255.015090550448	0
9629	124855.4546131474	1255.04261137496	0
9630	124855.4546206307	1255.04262186556	0
9631	124858.4589850608	1255.037773641868	0
9632	124858.4590607765	1255.037777657219	0
9633	124859.4602635916	1255.025048181795	0
9634	124858.4589604745	1255.037773847826	0
9635	124859.4602109857	1255.025046294254	0
9636	124859.4602181858	1255.025046048421	0
9637	124889.4981344029	1254.580269245423	0
9638	124889.4985174857	1254.580909166873	0
9639	124890.4973966071	1254.506162322958	0
9640	124889.4981481248	1254.580269042683	0
9641	124890.4955936316	1254.491868207431	0
9642	124890.4955865024	1254.491868636442	0
9643	124908.4887539528	1253.409248457152	0
9644	124908.4886681337	1253.409250444278	0
9645	124909.4896861849	1253.399894026383	0
9646	124908.4887944479	1253.409246605361	0
9647	124909.4897395804	1253.39989244741	0
9648	124909.4897148492	1253.399892754497	0
9649	124911.4917226391	1253.366618930382	0
9650	124911.4917091017	1253.366619115785	0
9651	124912.4928936979	1253.367081003581	0
9652	124911.4917478196	1253.366616926828	0
9653	124912.492931008	1253.367074736206	0
9654	124912.4928842896	1253.367080854048	0
9655	124941.5078561484	1254.349969953608	0
9656	124941.507857034	1254.3499697698	0
9657	124942.5080010318	1254.394265169188	0
9658	124941.5079293469	1254.349970521492	0
9659	124942.5080187569	1254.39426551923	0
9660	124942.508032917	1254.394265671444	0
9661	125493.9698991469	1262.243330115563	0
9662	125493.96990707	1262.243329390254	0
9663	125494.9689261921	1262.302980145901	0
9664	125493.9699106231	1262.243334176107	0
9665	125494.969068719	1262.302997624175	0
9666	125494.9690428123	1262.302995222258	0
9667	125523.8808268448	1265.020169145012	0
9668	125523.8810302119	1265.020187776007	0
9669	125524.880041389	1265.075089383461	0
9670	125523.8809027811	1265.020174368533	0
9671	125524.8800109134	1265.075091222768	0
9672	125524.879937878	1265.075080783064	0
9673	125562.6972548137	1269.626813001654	0
9674	125562.7068134357	1269.628030110211	0
9675	125562.6920584746	1269.626240858639	0
9676	125562.6972691579	1269.626813519727	0
9677	125676.7406753332	1275.977892564786	0
9678	125676.7406672419	1275.977891422154	0
9679	125677.7392148916	1276.045207594802	0
9680	125676.7406475181	1275.977891662058	0
9681	125677.7391967161	1276.045204887677	0
9682	125677.7392163575	1276.045207508586	0
9683	125697.6842744923	1277.847140595975	0
9684	125697.6843043009	1277.84714354173	0
9685	125698.6832018556	1277.910276727315	0
9686	125697.6843020029	1277.847149300431	0
9687	125698.6832269821	1277.910289193107	0
9688	125698.6832246789	1277.910278086887	0
9689	125814.7675568617	1281.757518092799	0
9690	125814.7675168524	1281.757514275145	0
9691	125815.7665964566	1281.823968054118	0
9692	125814.7675950994	1281.757516688566	0
9693	125815.7665801986	1281.823962162382	0
9694	125815.7665859809	1281.823968805314	0
9695	125868.6659882105	1286.070374962153	0
9696	125868.6660106249	1286.070378281262	0
9697	125869.6636350803	1286.157256739773	0
9698	125868.6659882115	1286.070374962172	0
9699	125869.6636742914	1286.157256956137	0
9700	125869.6636677867	1286.157258092085	0
9701	125929.5422321723	1291.146573516123	0
9702	125929.542254457	1291.146577157155	0
9703	125930.5400008128	1291.23197225423	0
9704	125929.5422719758	1291.146578932838	0
9705	125930.540051379	1291.231974493624	0
9706	125930.5399854087	1291.231970071348	0
9707	125946.4924836368	1292.716555025934	0
9708	125946.492524663	1292.716558598382	0
9709	125947.4922673022	1292.774197770988	0
9710	125946.4925109768	1292.716561235605	0
9711	125947.4923349514	1292.774203714805	0
9712	125947.4922695345	1292.774198156708	0
9713	126049.5261865185	1297.461138017447	0
9714	126049.5261801157	1297.461136461967	0
9715	126050.5263815008	1297.501317909293	0
9716	126049.526190748	1297.461138562978	0
9717	126050.526403341	1297.501320397681	0
9718	126050.5264048399	1297.50132025775	0
9719	126068.5341787196	1298.237189824314	0
9720	126068.5341752109	1298.23718989431	0
9721	126069.5355427715	1298.255117369958	0
9722	126068.5341929318	1298.237191868673	0
9723	126069.5355742696	1298.25511997489	0
9724	126069.5355455106	1298.255115532458	0
9725	126204.6025272598	1295.520028846629	0
9726	126204.592219945	1295.517698346527	0
9727	126204.7229676574	1295.350827728031	0
9728	126204.6025272944	1295.520028586348	0
9729	126357.8880960731	1293.870566868886	0
9730	126357.8879747007	1293.870566341619	0
9731	126358.8890359916	1293.853109236963	0
9732	126357.8881211364	1293.870567126851	0
9733	126358.8892360128	1293.853106686578	0
9734	126358.8890380902	1293.853109309207	0
9735	126390.931341296	1294.312294034086	0
9736	126390.9313420309	1294.312294029604	0
9737	126391.9326103686	1294.289679583882	0
9738	126390.9313803114	1294.312301053682	0
9739	126391.9326103219	1294.28968209708	0
9740	126391.9326579479	1294.289677610344	0
9741	126393.9343064601	1294.224876537216	0
9742	126393.9342795058	1294.224889209099	0
9743	126394.9349183429	1294.184813875621	0
9744	126393.9342274767	1294.224878296605	0
9745	126394.9349537941	1294.184804661074	0
9746	126394.9349623288	1294.184803600371	0
9747	126486.9103413218	1288.934614477848	0
9748	126486.9102575009	1288.934615900556	0
9749	126487.9083401728	1288.854868201613	0
9750	126486.910379333	1288.934616914295	0
9751	126487.9082854555	1288.854874252752	0
9752	126487.9083340418	1288.854868185644	0
9753	126561.773816069	1282.90570543292	0
9754	126561.7737820637	1282.90570678644	0
9755	126562.7720345043	1282.83010745398	0
9756	126561.773816481	1282.905705022827	0
9757	126562.7720166991	1282.830110192173	0
9758	126562.7720873878	1282.830102502051	0
9759	126578.708710635	1281.189866696709	0
9760	126578.7087076502	1281.189866792967	0
9761	126579.704501637	1281.086348943301	0
9762	126578.7086437713	1281.189869544151	0
9763	126579.7045262781	1281.086340076843	0
9764	126579.7045093265	1281.086350591878	0
9765	126580.7043456731	1281.027068388551	0
9766	126579.7045264234	1281.086339740272	0
9767	126580.7043908591	1281.027064944264	0
9768	126580.7043789403	1281.027065295557	0
9769	126765.6373008707	1270.671033388436	0
9770	126765.6373672629	1270.671032311866	0
9771	126766.6365147957	1270.647830136665	0
9772	126765.6376205965	1270.671022994505	0
9773	126766.6360867009	1270.647839626315	0
9774	126766.636086702	1270.647839626275	0
9775	126790.864489436	1270.222755252816	0
9776	126790.8644600323	1270.222757704413	0
9777	126793.4052092847	1270.032272983175	0
9778	126793.4074114324	1270.032070079546	0
9779	126816.5604990725	1268.48770490477	0
9780	126816.5605891744	1268.48769890051	0
9781	126817.5559740651	1268.424985846648	0
9782	126816.5605006035	1268.48770489603	0
9783	126817.5558943271	1268.424992344158	0
9784	126817.5560241714	1268.424982425241	0
9785	126955.449557361	1259.933238636319	0
9786	126955.4495710697	1259.933239272905	0
9787	126956.4495515225	1259.877691427008	0
9788	126955.4495794383	1259.933238049664	0
9789	126956.449651682	1259.877686756476	0
9790	126956.4496291895	1259.877689700362	0
9791	127074.4707787512	1255.021556190361	0
9792	127074.4707780535	1255.021556065887	0
9793	127075.4714260629	1254.997106181924	0
9794	127074.4707948226	1255.021556171911	0
9795	127075.4714904224	1254.997101226904	0
9796	127075.4714345744	1254.997106476814	0
9797	127100.4977700858	1255.083366544944	0
9798	127100.4980156721	1255.082206057251	0
9799	127101.4980846279	1255.095231503231	0
9800	127100.4977793998	1255.083366847931	0
9801	127101.4984305746	1255.095679203157	0
9802	127101.4984190124	1255.095679224957	0
9803	127107.5008224133	1255.350429414289	0
9804	127107.500841063	1255.350428641202	0
9805	127108.50175044	1255.349503248525	0
9806	127107.5008237453	1255.350429014574	0
9807	127108.5018109334	1255.349505208623	0
9808	127108.5018282277	1255.349505812676	0
9809	127158.5048132361	1253.009279504223	0
9810	127158.5048143199	1253.009279028916	0
9811	127159.5055632418	1252.99620042625	0
9812	127158.5048610361	1253.009275758219	0
9813	127159.5055907587	1252.996197960821	0
9814	127159.5055882254	1252.996199194276	0
9815	127194.5304547897	1254.032908529069	0
9816	127194.5304515228	1254.032908163345	0
9817	127195.5312775863	1254.048141624997	0
9818	127194.5305123884	1254.032908365028	0
9819	127195.5312822879	1254.048141742877	0
9820	127195.5313112232	1254.04814202269	0
9821	127710.9604067758	1260.953380375401	0
9822	127710.9604924693	1260.953378240736	0
9823	127711.9610755451	1260.924930506597	0
9824	127710.9604228273	1260.953380534191	0
9825	127711.9610759298	1260.924933161382	0
9826	127711.9610342534	1260.924933780625	0
9827	127740.9356597066	1259.100667589715	0
9828	127740.9356494883	1259.100667371398	0
9829	127741.9352792551	1259.045909230171	0
9830	127740.9356943143	1259.1006667006	0
9831	127741.9353090523	1259.045910430792	0
9832	127741.9352771126	1259.045911704337	0
9833	127764.9002086378	1257.343875531459	0
9834	127764.9002229479	1257.343873950821	0
9835	127765.8996242557	1257.286776448146	0
9836	127764.9002630564	1257.3438723375	0
9837	127765.8996485843	1257.286776378536	0
9838	127765.8996321728	1257.286776498299	0
9839	127878.9759700172	1253.213352822627	0
9840	127878.975954543	1253.213352871527	0
9841	127879.9773210523	1253.205316648368	0
9842	127878.9760340642	1253.213348434652	0
9843	127879.9773204898	1253.20531511334	0
9844	127879.9773760191	1253.205316794421	0
9845	127927.0476400031	1252.936903600414	0
9846	127927.047654652	1252.936903927533	0
9847	127928.0489476812	1252.960910482491	0
9848	127927.0476925129	1252.93689369827	0
9849	127928.0488645307	1252.96090766199	0
9850	127928.0488710147	1252.960909482552	0
9851	127999.0339555161	1257.034019599123	0
9852	127999.0339601889	1257.034020077539	0
9853	128000.0325544533	1257.103773952791	0
9854	127999.0340200111	1257.034021652423	0
9855	128000.0325540708	1257.103771623801	0
9856	128000.0325382165	1257.103773669779	0
9857	128025.9776389043	1259.276294816745	0
9858	128025.9776428971	1259.276295399145	0
9859	128026.9758622261	1259.355208990552	0
9860	128025.9776532724	1259.276295375016	0
9861	128026.9758460878	1259.355208334854	0
9862	128026.9758555977	1259.355208466548	0
9863	128148.83002655	1268.074472153154	0
9864	128148.830059605	1268.074473181169	0
9865	128149.8291943094	1268.137981729569	0
9866	128148.8300407747	1268.074472399091	0
9867	128149.8291821877	1268.137981581087	0
9868	128149.829175249	1268.137980866657	0
9869	128277.7859503229	1275.417670263014	0
9870	128277.7860209527	1275.417674791251	0
9871	128278.7850780552	1275.480521914432	0
9872	128277.7860199793	1275.417674056635	0
9873	128278.7850465518	1275.480521557934	0
9874	128278.7850842887	1275.480520904709	0
9875	128502.795297105	1287.037904009427	0
9876	128502.7953321166	1287.037904982508	0
9877	128503.7954972174	1287.08198183189	0
9878	128502.7953005309	1287.037904691761	0
9879	128503.7954522997	1287.081983202734	0
9880	128503.7954462759	1287.081982905812	0
9881	128508.7937620743	1287.375177041282	0
9882	128508.7937432316	1287.375176671991	0
9883	128509.794466623	1287.407372680353	0
9884	128508.7937391581	1287.375179006277	0
9885	128509.7944460983	1287.407373652217	0
9886	128509.7944486255	1287.40737126998	0
9887	128517.7995365706	1287.708625192646	0
9888	128517.7995444001	1287.708624885034	0
9889	128518.8007855885	1287.724619087498	0
9890	128517.7995590856	1287.708631153115	0
9891	128518.8007303822	1287.724623441639	0
9892	128518.8007191056	1287.724622165432	0
9893	128655.9693251761	1284.761477166024	0
9894	128655.969311464	1284.761477078054	0
9895	128656.9700288341	1284.724384484755	0
9896	128655.9695072885	1284.761485464577	0
9897	128656.9700326055	1284.724386187596	0
9898	128656.9700262406	1284.724384727185	0
9899	128731.9312114043	1280.012917008728	0
9900	128731.9312514493	1280.012912898588	0
9901	128732.9285740792	1279.925807808865	0
9902	128731.9312540844	1280.01291744698	0
9903	128732.9284812729	1279.925816617995	0
9904	128732.9284801765	1279.925816812555	0
9905	128738.9117801642	1279.38239495413	0
9906	128738.9117681429	1279.382395636871	0
9907	128739.9084400726	1279.285087757934	0
9908	128738.9117841849	1279.382397424935	0
9909	128739.9083682547	1279.285092697512	0
9910	128739.9084220222	1279.285088063983	0
9911	128745.8863654687	1278.685576118513	0
9912	128745.886320254	1278.685580156348	0
9913	128746.8843267937	1278.607078724463	0
9914	128745.8863880444	1278.685576374123	0
9915	128746.8843965517	1278.607075681553	0
9916	128746.8843108335	1278.607079673886	0
9917	128859.8110005629	1271.256504247945	0
9918	128859.8109524889	1271.25650615886	0
9919	128860.8090515819	1271.175224651785	0
9920	128859.8110192812	1271.256503841111	0
9921	128860.8090858188	1271.175224272004	0
9922	128860.8090515829	1271.175224651732	0
9923	128877.7764903351	1269.766260505309	0
9924	128877.7764729402	1269.766258853716	0
9925	128878.7749459173	1269.690939192477	0
9926	128877.776526636	1269.766251761546	0
9927	128878.774924773	1269.690938628134	0
9928	128878.7749248452	1269.690940443542	0
9929	128895.7599054955	1268.502623060526	0
9930	128895.7599001097	1268.502624432419	0
9931	128896.76027987	1268.459922127982	0
9932	128895.7599365957	1268.502622012782	0
9933	128896.7602265525	1268.459920583754	0
9934	128896.7602660237	1268.459922218508	0
9935	128940.7980535344	1266.640215702128	0
9936	128940.7980585719	1266.640209750127	0
9937	128941.7994702971	1266.633855213935	0
9938	128940.798073402	1266.640207754218	0
9939	128941.7994531751	1266.633850974666	0
9940	128941.7995377136	1266.633856166855	0
9941	129039.9385181775	1268.69042216497	0
9942	129039.9385534246	1268.690421825052	0
9943	129040.9391188515	1268.725788514544	0
9944	129039.9385021004	1268.690418635042	0
9945	129040.939078765	1268.725778147839	0
9946	129040.9391356607	1268.725789151836	0
9947	129109.8860372966	1273.518605831079	0
9948	129109.886043558	1273.518605406728	0
9949	129110.8859348527	1273.562835660985	0
9950	129109.8860571224	1273.518607465484	0
9951	129110.8859453523	1273.562835526535	0
9952	129110.8860486875	1273.562840727383	0
9953	129252.916811885	1280.248254710135	0
9954	129252.9168239421	1280.248255383124	0
9955	129253.9170260678	1280.282071185704	0
9956	129252.9168437853	1280.248257158911	0
9957	129253.9170444512	1280.282071246044	0
9958	129253.9169967042	1280.282069256015	0
9959	129276.9430497852	1280.783592041881	0
9960	129276.9430405928	1280.783591335449	0
9961	129277.9418951783	1280.860129471798	0
9962	129276.9431229352	1280.783575898139	0
9963	129277.9420294812	1280.860127526421	0
9964	129277.9418951793	1280.860129471844	0
9965	129315.8738675329	1283.974169115184	0
9966	129315.8738955229	1283.974174846569	0
9967	129316.8722470637	1284.068328973616	0
9968	129315.873871201	1283.974169106908	0
9969	129316.8722341048	1284.068324351934	0
9970	129316.872229873	1284.068324186647	0
9971	129328.8666473032	1284.870362388651	0
9972	129328.8668247939	1284.870367234889	0
9973	129329.860466704	1285.002840707213	0
9974	129328.8667197561	1284.87036604335	0
9975	129329.8592974849	1285.002814432091	0
9976	129329.8601289797	1285.002825757597	0
9977	129429.4246333766	1287.66171172384	0
9978	129429.4244687783	1287.661702457462	0
9979	129429.4512947266	1287.66185972399	0
9980	129429.4462527414	1287.661318060238	0
9981	129463.6555248183	1289.31800456559	0
9982	129463.6588724859	1289.318051577019	0
9983	129463.8413069356	1289.318732613037	0
9984	129463.8413017798	1289.318732440078	0
9985	129520.0104566627	1287.238368283086	0
9986	129520.010545102	1287.238368703329	0
9987	129521.0090359069	1287.172355190727	0
9988	129520.010220609	1287.238399994123	0
9989	129521.0089497656	1287.172348357492	0
9990	129521.0093519306	1287.172352285244	0
9991	129524.0272937805	1287.284729236488	0
9992	129524.0269319481	1287.284711137928	0
9993	129525.0000427536	1287.528383655088	0
9994	129524.0283685048	1287.284690486514	0
9995	129525.0004356422	1287.528387367832	0
9996	129525.0001709232	1287.528379884925	0
9997	129555.0907814447	1287.366154072491	0
9998	129555.0720910727	1287.366149166948	0
9999	129555.2503938823	1287.366226151576	0
10000	129555.2544825489	1287.366225433313	0
10001	129597.3586584802	1287.731864084234	0
10002	129597.3577943156	1287.731848540209	0
10003	129598.3267172878	1287.483635334365	0
10004	129597.3563620813	1287.73185063982	0
10005	129598.3263906922	1287.483637841382	0
10006	129598.3267193669	1287.483633995731	0
10007	129608.3390290017	1286.841046059334	0
10008	129608.3382025039	1286.841054502204	0
10009	129609.3310944544	1286.707892037385	0
10010	129608.3390358248	1286.841045164751	0
10011	129609.331811719	1286.707897798696	0
10012	129609.3316612892	1286.707898248361	0
10013	129639.3154895144	1284.602220289438	0
10014	129639.314887604	1284.602221411921	0
10015	129640.3029891963	1284.432914789132	0
10016	129639.3154786272	1284.602219609684	0
10017	129640.3032357697	1284.432926731153	0
10018	129640.3032354138	1284.432926157874	0
10019	129705.3246598144	1281.536049034573	0
10020	129705.3247119902	1281.536047029165	0
10021	129706.3208813619	1281.440109821177	0
10022	129705.324852146	1281.536051115229	0
10023	129706.3210554665	1281.440104804437	0
10024	129706.3209956876	1281.440105104278	0
10025	129750.2200144107	1277.86783312559	0
10026	129750.2200707844	1277.867827443127	0
10027	129751.2174255476	1277.78373043098	0
10028	129750.2200253104	1277.867832427306	0
10029	129751.2175497128	1277.783733789205	0
10030	129751.2174419174	1277.783730336492	0
10031	129752.2154994352	1277.706196108364	0
10032	129752.2155688916	1277.70619197346	0
10033	129753.2117753109	1277.606664284797	0
10034	129752.2153312621	1277.706196909026	0
10035	129753.2117164111	1277.60666724366	0
10036	129753.2117520122	1277.606664927763	0
10037	129822.0963219249	1272.401899195003	0
10038	129822.0962548544	1272.40190264598	0
10039	129823.0966230308	1272.351419976609	0
10040	129822.096335641	1272.401899647857	0
10041	129823.0966207805	1272.351419568157	0
10042	129823.0966192251	1272.351420407849	0
10043	129844.1085038915	1271.517279480752	0
10044	129844.1090081334	1271.517382324202	0
10045	129845.1056875956	1271.428447102589	0
10046	129844.1085207511	1271.517278397961	0
10047	129845.1056110519	1271.428354831112	0
10048	129845.1056407457	1271.428352861691	0
10049	129864.0507903827	1269.674832488873	0
10050	129864.0508066643	1269.674831340401	0
10051	129865.0467650515	1269.570226453809	0
10052	129864.0510027003	1269.674826504695	0
10053	129865.0467215563	1269.570227812944	0
10054	129865.0467195685	1269.570230441925	0
10055	129879.0067362408	1268.289542134296	0
10056	129879.0066219228	1268.289545028102	0
10057	129880.0048992505	1268.212435034882	0
10058	129879.0067402252	1268.289541072733	0
10059	129880.0049102809	1268.212429187053	0
10060	129880.0049265688	1268.212434415894	0
10061	129943.0371140441	1265.520026962312	0
10062	129943.0372033976	1265.52000272225	0
10063	129944.0381174727	1265.506150474323	0
10064	129943.0371106364	1265.520024875983	0
10065	129944.038144831	1265.506156904592	0
10066	129944.0380724876	1265.506157705105	0
10067	130011.123665911	1266.798071594607	0
10068	130011.1235775544	1266.798073071186	0
10069	130012.1248213607	1266.804284886092	0
10070	130011.1236671231	1266.798071598445	0
10071	130012.1247835455	1266.804285107295	0
10072	130012.1248085836	1266.804284914529	0
10073	130025.1394396502	1266.619501298386	0
10074	130025.1394217707	1266.619500689938	0
10075	130027.141588049	1266.63341847291	0
10076	130025.1394506967	1266.619498592912	0
10077	130027.1416016871	1266.633415976351	0
10078	130027.141596309	1266.633419231373	0
10079	130125.20213911	1270.184990515566	0
10080	130125.2021522343	1270.184991280754	0
10081	130126.2024586935	1270.229913294855	0
10082	130125.2021738103	1270.184991991144	0
10083	130126.2024329396	1270.229910795649	0
10084	130126.2024623754	1270.229913332212	0
10085	130195.206189278	1273.85868972316	0
10086	130195.2061621275	1273.85868856531	0
10087	130196.2072511885	1273.872266784185	0
10088	130195.2061607854	1273.858691351413	0
10089	130196.2073071896	1273.872272188364	0
10090	130196.207250137	1273.872267023035	0
10091	130215.2283038719	1273.583395226924	0
10092	130215.228285641	1273.58339613007	0
10093	130216.229242114	1273.570006572567	0
10094	130215.2284215094	1273.583397854164	0
10095	130216.2293059724	1273.570007610669	0
10096	130216.2292760369	1273.570006411743	0
10097	130251.2713927755	1273.567389503939	0
10098	130251.2713743534	1273.567390854097	0
10099	130252.2715530952	1273.521516188411	0
10100	130251.2713804529	1273.567391974692	0
10101	130252.2716053785	1273.521516328576	0
10102	130252.2716039418	1273.521516336362	0
10103	130303.2281022656	1270.101676836488	0
10104	130303.2281653	1270.101674624752	0
10105	130304.2268243964	1270.033542132838	0
10106	130303.2280981876	1270.101676774884	0
10107	130304.2268160432	1270.033539006485	0
10108	130304.2267783998	1270.033543382603	0
10109	130428.2390854782	1264.329163097383	0
10110	130428.2390637639	1264.329163327666	0
10111	130429.239748222	1264.296881558183	0
10112	130428.239088495	1264.329159725583	0
10113	130429.2398002147	1264.296879854658	0
10114	130429.2398119671	1264.296879887269	0
10115	130509.3363352074	1265.463847711725	0
10116	130509.3363257689	1265.46384868577	0
10117	130510.3365485262	1265.423392584316	0
10118	130509.3363867086	1265.463849508224	0
10119	130510.3365518901	1265.423396789072	0
10120	130510.3365527015	1265.423392424434	0
10121	130515.3369314326	1265.189856686607	0
10122	130515.3370963709	1265.189849782968	0
10123	130516.3366259388	1265.137688357399	0
10124	130515.3369590344	1265.189858982553	0
10125	130516.3365842244	1265.13769774355	0
10126	130516.3366455671	1265.137688108632	0
10127	130594.2360826456	1259.476572688717	0
10128	130594.2360457747	1259.476574460741	0
10129	130596.2275607546	1259.272059261423	0
10130	130594.2361003405	1259.476573732435	0
10131	130596.2276278654	1259.27205671392	0
10132	130596.2275625932	1259.272059188685	0
10133	130605.1866020463	1258.281270788668	0
10134	130605.1867231213	1258.281271727508	0
10135	130606.1715538363	1258.10291048438	0
10136	130605.1866640692	1258.281269357895	0
10137	130606.1724894091	1258.104703519117	0
10138	130605.1866373083	1258.281267872032	0
10139	130606.172484047	1258.104701374877	0
10140	130606.1725038951	1258.104703766497	0
10141	130677.0401498199	1252.253657777558	0
10142	130677.0401588228	1252.25365697756	0
10143	130678.039329241	1252.188512315852	0
10144	130677.0401495273	1252.253652537341	0
10145	130678.0393357381	1252.188509729727	0
10146	130678.039326061	1252.188512467645	0
10147	130782.1221648121	1248.834040611082	0
10148	130782.1222059734	1248.834038104507	0
10149	130783.122718412	1248.795007573022	0
10150	130782.1221871963	1248.834039695126	0
10151	130783.1227350472	1248.795008496528	0
10152	130783.1227674467	1248.795009708063	0
10153	130883.2484411515	1247.352897809616	0
10154	130883.2484368519	1247.352897058803	0
10155	130884.2495645841	1247.356412134062	0
10156	130883.2484671786	1247.352891691753	0
10157	130884.2496073904	1247.356408466588	0
10158	130884.2496491963	1247.356412777015	0
10159	130886.2520406258	1247.37473428255	0
10160	130886.2520407251	1247.374733473293	0
10161	130887.2529333679	1247.398182290094	0
10162	130886.2521297589	1247.374726868101	0
10163	130887.2529393359	1247.398180802778	0
10164	130887.2530074475	1247.398183551602	0
10165	130915.2403398307	1249.065512317788	0
10166	130915.2403218165	1249.065511365432	0
10167	130916.2373506128	1249.154894106894	0
10168	130915.2403002384	1249.065505714372	0
10169	130916.2373996599	1249.154893555656	0
10170	130916.237386227	1249.15489512626	0
10171	130919.2290503473	1249.425366515053	0
10172	130919.2290482631	1249.425366166038	0
10173	130920.2263151921	1249.512743457625	0
10174	130919.2291335315	1249.425367002933	0
10175	130920.2263253091	1249.512745430444	0
10176	130920.226358214	1249.512745588594	0
10177	130926.2050970817	1250.097914541298	0
10178	130926.205244298	1250.097921616084	0
10179	130927.2033612446	1250.172905647191	0
10180	130926.2051879247	1250.097933397506	0
10181	130927.203266956	1250.172912588295	0
10182	130927.2033949908	1250.172906736542	0
10183	131060.1297623872	1258.422915532283	0
10184	131060.129734317	1258.422915966866	0
10185	131061.1302289097	1258.451312515818	0
10186	131060.129712418	1258.422915448276	0
10187	131061.1303153044	1258.451317856996	0
10188	131061.1302873514	1258.45131458999	0
10189	131066.1349428034	1258.543626599506	0
10190	131066.1349862381	1258.543627892308	0
10191	131067.1359043093	1258.565239548988	0
10192	131066.1349430339	1258.543627675996	0
10193	131067.1358754241	1258.565240850852	0
10194	131067.1358884991	1258.565239041571	0
10195	131109.1852456467	1258.795073990578	0
10196	131109.1852716966	1258.795074915899	0
10197	131110.1853800183	1258.838450873811	0
10198	131109.1852938333	1258.795072490087	0
10199	131110.1854021474	1258.838450775453	0
10200	131110.1853620576	1258.838450761628	0
10201	131205.1312162245	1264.645217351584	0
10202	131205.1312287612	1264.645217214731	0
10203	131206.1317261082	1264.680956546808	0
10204	131205.1313007799	1264.645224562354	0
10205	131206.1317435174	1264.680958686247	0
10206	131206.1317300215	1264.68095664799	0
10207	131388.3437813523	1267.797470233667	0
10208	131388.3437839284	1267.797471632984	0
10209	131389.3449428554	1267.79023787541	0
10210	131388.3437459892	1267.797475095688	0
10211	131389.3449569326	1267.790243269652	0
10212	131389.3449421964	1267.79023764591	0
10213	131470.3977341305	1264.516990007437	0
10214	131470.3977754978	1264.516991049525	0
10215	131471.3975330719	1264.459091288926	0
10216	131470.3977252567	1264.516996561145	0
10217	131471.3975498962	1264.459097661753	0
10218	131471.3976003542	1264.459089017367	0
10219	131509.3655203675	1261.879648706114	0
10220	131509.3655088547	1261.87964889414	0
10221	131510.362751923	1261.789131475613	0
10222	131509.3655424473	1261.879647569046	0
10223	131510.3628082487	1261.789131041906	0
10224	131510.3627607196	1261.789128463002	0
10225	131531.3354465452	1260.213673818587	0
10226	131531.3354598516	1260.213672265968	0
10227	131532.333258082	1260.132846948589	0
10228	131531.3354351509	1260.213673113322	0
10229	131532.3333140464	1260.132842234852	0
10230	131532.3333168887	1260.1328430882	0
10231	131554.3258030618	1258.759256641589	0
10232	131554.3258421309	1258.75925707783	0
10233	131555.325963089	1258.712105920051	0
10234	131554.3258348269	1258.759237378986	0
10235	131555.3259944508	1258.712091673434	0
10236	131555.3259789711	1258.712104801637	0
10237	131590.3695719558	1257.636589654365	0
10238	131590.3695682983	1257.636589488238	0
10239	131591.3713778039	1257.652328872029	0
10240	131590.3695990293	1257.636507212566	0
10241	131591.3714056224	1257.652291174471	0
10242	131591.3713775858	1257.652328868228	0
10243	131642.4154687092	1259.886363452377	0
10244	131642.4154764424	1259.886363533848	0
10245	131643.415357953	1259.944246212031	0
10246	131642.4155114971	1259.886357624475	0
10247	131643.4153515842	1259.944245334208	0
10248	131643.4153990099	1259.944249424156	0
10249	131671.3824555938	1262.033001191226	0
10250	131671.3824554075	1262.03300119294	0
10251	131672.3820958533	1262.092690132971	0
10252	131671.3824057736	1262.032997453588	0
10253	131672.3821069254	1262.092690230086	0
10254	131672.3821069244	1262.09269023015	0
10255	131780.3584643223	1268.119687252429	0
10256	131780.3584590245	1268.119687223448	0
10257	131781.3570896585	1268.191714310337	0
10258	131780.3584825489	1268.119687276931	0
10259	131781.35713961	1268.191717456568	0
10260	131781.357125744	1268.191716704331	0
10261	131849.2340037349	1273.603228979365	0
10262	131849.2340207155	1273.603229952379	0
10263	131850.2328052876	1273.674229879648	0
10264	131849.2340267895	1273.603230279605	0
10265	131850.2328148692	1273.674229741925	0
10266	131850.232818741	1273.674229725995	0
10267	131947.2265245895	1278.932154053304	0
10268	131947.2266849853	1278.932168797398	0
10269	131948.2248986645	1279.010516888854	0
10270	131947.2265493338	1278.932158339103	0
10271	131948.2248953138	1279.010518972457	0
10272	131948.2248698428	1279.010515897323	0
10273	132016.1780832849	1283.486936738428	0
10274	132016.1781461929	1283.48694104226	0
10275	132017.178618764	1283.523156424697	0
10276	132016.1781296706	1283.486946027503	0
10277	132017.1786252969	1283.523161122402	0
10278	132017.1787184986	1283.523157551391	0
10279	132025.1893973128	1283.579510498752	0
10280	132025.18939104	1283.579510752192	0
10281	132026.1908295667	1283.574611056041	0
10282	132025.1893546879	1283.57951735211	0
10283	132026.1908165487	1283.57461437712	0
10284	132026.1908314989	1283.574611144185	0
10285	132028.1932622899	1283.544143978474	0
10286	132028.1932851948	1283.544143415196	0
10287	132029.1943892995	1283.524471443026	0
10288	132028.1932815154	1283.5441456031	0
10289	132029.1943762187	1283.524473122412	0
10290	132029.1943943093	1283.524472515562	0
10291	132109.2788957622	1281.422134183623	0
10292	132109.2788945512	1281.422134327317	0
10293	132110.2796638225	1281.392820226315	0
10294	132109.278971592	1281.422133177969	0
10295	132110.2797453913	1281.392819953456	0
10296	132110.2796726629	1281.392820028383	0
10297	132214.4217962053	1280.122318504463	0
10298	132214.4217982322	1280.122316327162	0
10299	132215.4220405804	1280.070887298343	0
10300	132214.4217914962	1280.122318401938	0
10301	132215.4219896129	1280.070897191207	0
10302	132215.4220957023	1280.070885033119	0
10303	132292.3545886347	1274.638569928362	0
10304	132292.3545607646	1274.638571209909	0
10305	132293.3533705262	1274.567304720005	0
10306	132292.3546447854	1274.638567226509	0
10307	132293.3533911973	1274.567310053416	0
10308	132293.3533290042	1274.567307435687	0
10309	132322.2659190845	1271.815964255565	0
10310	132322.2659046914	1271.815964906891	0
10311	132323.2630098962	1271.725046789234	0
10312	132322.2659018717	1271.815965021602	0
10313	132323.2630084889	1271.725043620575	0
10314	132323.262991298	1271.725046676727	0
10315	132380.1857946567	1267.366902370283	0
10316	132380.1858235254	1267.36690287069	0
10317	132381.1850561038	1267.300959550193	0
10318	132380.1858067124	1267.366899822755	0
10319	132381.18503104	1267.300960262683	0
10320	132381.1850594895	1267.300959709423	0
10321	132450.2027088432	1263.657581459167	0
10322	132450.2027678723	1263.657582018734	0
10323	132451.2037096242	1263.631806589951	0
10324	132450.2027789362	1263.657577442629	0
10325	132451.2036247094	1263.631801466451	0
10326	132451.2037401522	1263.631805484726	0
10327	132529.3089046156	1265.832476820304	0
10328	132529.3089041898	1265.832478414934	0
10329	132530.3090518759	1265.876506948542	0
10330	132529.3089164138	1265.832476005731	0
10331	132530.3090454097	1265.876503983081	0
10332	132530.3090525772	1265.876505418375	0
10333	132550.2921092313	1267.237116194924	0
10334	132550.2921137308	1267.237116189403	0
10335	132551.2922891161	1267.288278130442	0
10336	132550.2921363507	1267.237117415094	0
10337	132551.292239646	1267.288280635871	0
10338	132551.2923222611	1267.288279752264	0
10339	132768.4667533867	1274.315759706784	0
10340	132768.4667519444	1274.315759112196	0
10341	132769.4670312703	1274.356247232294	0
10342	132768.4667631298	1274.315761345964	0
10343	132769.4670612349	1274.356249037237	0
10344	132769.4670681891	1274.356248384337	0
10345	132906.6013391402	1278.883977639957	0
10346	132906.6013936512	1278.883977752197	0
10347	132907.6028199175	1278.888961090114	0
10348	132906.6013813773	1278.883988386605	0
10349	132907.6027532802	1278.888966992916	0
10350	132907.6028434749	1278.88896180776	0
10351	132926.6108220497	1278.009300942635	0
10352	132926.6108276449	1278.009299749584	0
10353	132927.6107684092	1277.959784642466	0
10354	132926.6108343664	1278.009302702707	0
10355	132927.6106968012	1277.959790082	0
10356	132927.610754926	1277.95978640654	0
10357	132947.5777917912	1276.381342659634	0
10358	132947.5777622768	1276.381342718866	0
10359	132948.576483301	1276.309473992656	0
10360	132947.5777862074	1276.381343882817	0
10361	132948.5764135293	1276.309479273899	0
10362	132948.5764682331	1276.309475168992	0
10363	133022.5784485079	1272.212462978398	0
10364	133022.57842568	1272.212465109833	0
10365	133023.5740898093	1272.105481934195	0
10366	133022.5783879017	1272.212473264437	0
10367	133023.5740060979	1272.105486887404	0
10368	133023.5740964313	1272.10548140092	0
10369	133064.4151293974	1267.837648687242	0
10370	133064.4151479603	1267.837648524883	0
10371	133065.4113939797	1267.734405816328	0
10372	133064.4151705879	1267.83764919309	0
10373	133065.4113560525	1267.734406222341	0
10374	133065.4113939806	1267.734405816523	0
10375	133103.2760584768	1263.944383162997	0
10376	133103.2761238419	1263.944375541413	0
10377	133104.2737373349	1263.858496010413	0
10378	133103.2761178146	1263.944367693965	0
10379	133104.2736956066	1263.858498390383	0
10380	133104.273693868	1263.858498399729	0
10381	133222.2253339063	1256.781138325597	0
10382	133222.2253272785	1256.781138093861	0
10383	133223.2213142642	1256.679654078023	0
10384	133222.2253628719	1256.781136982452	0
10385	133223.2212539887	1256.6796554353	0
10386	133223.2212132423	1256.679661009857	0
10387	133280.0818197706	1251.380277695063	0
10388	133280.0818339593	1251.380278276768	0
10389	133281.0831140054	1251.367220102094	0
10390	133280.0816548289	1251.375707663364	0
10391	133281.0818227462	1251.361993577229	0
10392	133281.083044449	1251.367223761014	0
10393	133346.1899538429	1253.089822889916	0
10394	133346.1900094945	1253.089820836653	0
10395	133347.1908197874	1253.076962093301	0
10396	133346.1899133745	1253.089825577979	0
10397	133347.1908063389	1253.076963771139	0
10398	133347.1908058968	1253.076962612814	0
10399	133502.2288721963	1245.89146926352	0
10400	133502.2288616916	1245.891469319629	0
10401	133503.2297049622	1245.867590302241	0
10402	133502.2288605866	1245.891468614088	0
10403	133503.2297069026	1245.867587883403	0
10404	133503.2297024162	1245.867591218426	0
10405	133512.2395081656	1245.664474041452	0
10406	133512.2397168776	1245.664477154416	0
10407	133513.2406773457	1245.661440990794	0
10408	133512.2395083974	1245.664474039463	0
10409	133513.2406352698	1245.661440073564	0
10410	133513.2406646338	1245.661441200255	0
10411	133559.270376594	1247.441258871371	0
10412	133559.2703791331	1247.441259663714	0
10413	133560.270245956	1247.500144748579	0
10414	133559.2703768029	1247.441258868994	0
10415	133560.2700853666	1247.500145022227	0
10416	133560.2701385923	1247.500145255612	0
10417	133639.291649898	1251.289420582623	0
10418	133639.2917889443	1251.289419046311	0
10419	133640.2921521583	1251.335545078451	0
10420	133639.2916750208	1251.289421833078	0
10421	133640.2919679857	1251.335559642113	0
10422	133640.2922385425	1251.33554132532	0
10423	133665.3240060765	1250.843689886453	0
10424	133665.3242737284	1250.843683016779	0
10425	133666.3250764585	1250.866160916377	0
10426	133665.3240098682	1250.843689881089	0
10427	133666.3249115625	1250.866170026972	0
10428	133666.3249043172	1250.866170042075	0
10429	133785.7287953275	1247.519261270574	0
10430	133785.721554703	1247.51701881359	0
10431	133786.3551853982	1247.713054448098	0
10432	133786.3562949414	1247.71331588841	0
10433	133786.4715643671	1247.748706506152	0
10434	133786.3793821514	1247.719698000576	0
10435	133813.6772755464	1245.826641707522	0
10436	133813.6773540396	1245.826637211872	0
10437	133814.6719579517	1245.737833876815	0
10438	133813.6774469121	1245.826631209638	0
10439	133814.6720659373	1245.73783583408	0
10440	133814.6718801459	1245.737836605233	0
10441	133863.7412000245	1245.14777929081	0
10442	133863.7444028901	1245.152745011816	0
10443	133864.7443483586	1245.140487596522	0
10444	133863.7412108304	1245.147778440916	0
10445	133864.7423717785	1245.135072249746	0
10446	133864.7423777169	1245.135072766228	0
10447	133943.6247112297	1238.98095462328	0
10448	133943.6246953936	1238.980954320159	0
10449	133944.6223681434	1238.901275420584	0
10450	133943.624782635	1238.980951405646	0
10451	133944.6224191858	1238.901269319192	0
10452	133944.6223937644	1238.901274181837	0
10453	133989.5666706693	1235.414872097507	0
10454	133989.5667015731	1235.414875371229	0
10455	133990.5519053533	1235.221735523514	0
10456	133989.5635033756	1235.416067431534	0
10457	133990.5519240283	1235.221010111529	0
10458	133990.5519129144	1235.221737943237	0
10459	133998.5708613117	1235.216501380508	0
10460	133998.5708497026	1235.216502715009	0
10461	133999.5714252116	1235.180797321881	0
10462	133998.5708613127	1235.216501380479	0
10463	133999.5714227692	1235.180791531702	0
10464	133999.5714252106	1235.180797321877	0
10465	134039.618625905	1235.92556703308	0
10466	134039.6186566249	1235.925567255409	0
10467	134040.619476138	1235.956602472094	0
10468	134039.6186480954	1235.925566376967	0
10469	134040.6194880622	1235.956595792503	0
10470	134040.619543445	1235.95660284127	0
10471	134043.6209431325	1236.063638220479	0
10472	134043.6209501064	1236.063638139971	0
10473	134044.621598667	1236.09364864099	0
10474	134043.6209713113	1236.063637504454	0
10475	134044.6216944584	1236.093648442999	0
10476	134044.6216179031	1236.093648727053	0
10477	134135.7525846265	1236.065955106307	0
10478	134135.7527664292	1236.065965361945	0
10479	134136.7535781755	1236.094265129727	0
10480	134135.7527381369	1236.065952534681	0
10481	134136.7535684238	1236.094255636815	0
10482	134136.7535197095	1236.094260737778	0
10483	134165.7271317053	1238.149868181274	0
10484	134165.7270884982	1238.149867762881	0
10485	134166.7243667455	1238.240429140098	0
10486	134165.7271596852	1238.149860244186	0
10487	134166.7243405569	1238.240426058004	0
10488	134166.7243731132	1238.240428980486	0
10489	134168.7195341108	1238.413768766275	0
10490	134168.719545263	1238.413768741623	0
10491	134169.714307829	1238.52682318247	0
10492	134168.7195628827	1238.413768395352	0
10493	134169.7142272057	1238.526816340118	0
10494	134169.7143129958	1238.526823391911	0
10495	134194.646697917	1240.839146660089	0
10496	134194.6467620381	1240.839153377693	0
10497	134195.6438390324	1240.929305864025	0
10498	134194.6467477271	1240.839148677856	0
10499	134195.6438661301	1240.929311424954	0
10500	134194.6467620022	1240.83915402717	0
10501	134195.6438370269	1240.929314925567	0
10502	134195.643864064	1240.929305726343	0
10503	134254.6163822397	1244.620650565524	0
10504	134254.6164059645	1244.620650577244	0
10505	134255.6137807754	1244.710651848241	0
10506	134254.6163987327	1244.620649941598	0
10507	134255.6137475041	1244.710651694955	0
10508	134255.613747026	1244.71065157668	0
10509	134270.6064662026	1245.679600729763	0
10510	134270.6065010022	1245.679603742466	0
10511	134271.606953283	1245.724696372207	0
10512	134270.6065163554	1245.679608188373	0
10513	134271.6068893292	1245.72469790673	0
10514	134271.6069457331	1245.724696674808	0
10515	134291.6366504897	1245.875696629181	0
10516	134291.6366796802	1245.875698146711	0
10517	134292.6379926934	1245.873276426112	0
10518	134291.6365831411	1245.875705367642	0
10519	134292.637995135	1245.873276571287	0
10520	134292.6378039056	1245.873274542918	0
10521	134342.7106069714	1244.235539688605	0
10522	134342.7105951655	1244.235541205683	0
10523	134343.7093435343	1244.314754313191	0
10524	134343.7094075474	1244.314756101531	0
10525	134373.7040931945	1246.285161233259	0
10526	134342.7109619906	1244.235274877415	0
10527	134343.7091179801	1244.313597201292	0
10528	134343.7093436687	1244.314754338674	0
10529	134373.7039672196	1246.285159916653	0
10530	134373.704072154	1246.285159930841	0
10531	134408.7217001013	1248.094961765088	0
10532	134408.7217421588	1248.094960772118	0
10533	134409.7226876292	1248.127023587653	0
10534	134408.7215509149	1248.095007256785	0
10535	134409.7227247129	1248.127053167094	0
10536	134409.7227004354	1248.127024799693	0
10537	134481.8290867698	1246.780244552459	0
10538	134481.829083459	1246.780244559768	0
10539	134482.8293584164	1246.726767856406	0
10540	134481.8290413867	1246.780249725431	0
10541	134482.8292739881	1246.726774754859	0
10542	134482.8292911787	1246.726769557837	0
10543	134490.8194391135	1246.121171196662	0
10544	134490.8194112001	1246.121170081991	0
10545	134491.8174484108	1246.041585165323	0
10546	134490.8194943632	1246.121164543591	0
10547	134491.8173997739	1246.041591448544	0
10548	134491.8174460815	1246.041585393023	0
10549	134528.7540371961	1242.979649830405	0
10550	134528.7540974451	1242.97965303088	0
10551	134529.7493102284	1242.866462872028	0
10552	134528.7540715224	1242.979657885291	0
10553	134529.7493819664	1242.866454777712	0
10554	134529.749376017	1242.866462915932	0
10555	134537.7254255405	1242.114146828992	0
10556	134537.7256364312	1242.114140439224	0
10557	134538.7205879442	1242.001564445781	0
10558	134537.7254287673	1242.114141393049	0
10559	134538.720668821	1242.001559151628	0
10560	134538.7205906493	1242.001564935111	0
10561	134682.7984048293	1235.998679075974	0
10562	134682.7984014867	1235.998680011136	0
10563	134683.7969517724	1235.91749769969	0
10564	134682.7984658802	1235.998684454028	0
10565	134683.7969066486	1235.917497149663	0
10566	134683.7969597764	1235.917497404022	0
10567	134744.6602435995	1230.475464057029	0
10568	134744.6602570085	1230.475462737111	0
10569	134745.6586441161	1230.393110771763	0
10570	134744.6601979561	1230.475466375963	0
10571	134745.6585074448	1230.393116148116	0
10572	134745.6586827798	1230.393109900708	0
10573	134750.6481143207	1229.95779655647	0
10574	134750.6481455192	1229.957797443215	0
10575	134751.6460478797	1229.872530957592	0
10576	134750.6481366856	1229.957795292293	0
10577	134751.6459825284	1229.872532783162	0
10578	134751.6459725913	1229.87253703795	0
10579	134816.6412934696	1225.794283323511	0
10580	134816.6412510935	1225.794283252296	0
10581	134817.641609711	1225.759593991709	0
10582	134816.6413108416	1225.794270190114	0
10583	134817.6415586589	1225.759588840737	0
10584	134817.6416617915	1225.75959378448	0
10585	134852.7046904952	1226.150420807668	0
10586	134852.7047608287	1226.150424523482	0
10587	134853.7065513817	1226.141844826952	0
10588	134852.704736901	1226.150420928848	0
10589	134853.7065919402	1226.141848640155	0
10590	134853.7064390337	1226.141844304983	0
10591	134909.8101086607	1226.164887189188	0
10592	134909.8103156367	1226.164885109058	0
10593	134910.8124403599	1226.167690857226	0
10594	134909.8102478949	1226.164888189034	0
10595	134910.812202876	1226.167689169605	0
10596	134910.81252371	1226.16769311348	0
10597	134978.9643720869	1226.545615398103	0
10598	134978.9643698983	1226.545617152865	0
10599	134979.963393084	1226.62836234253	0
10600	134978.9643833288	1226.545615459807	0
10601	134979.9635954275	1226.628374384749	0
10602	134979.963684707	1226.628378459458	0
10603	135087.3537475753	1232.609656179726	0
10604	135087.3528424557	1232.610302714187	0
10605	135090.9162456933	1231.262238513069	0
10606	135090.9162271057	1231.262234032894	0
10607	135091.2187053928	1231.254292705789	0
10608	135091.220198594	1231.254671009815	0
10609	135094.9868901053	1232.239145456787	0
10610	135087.3704496184	1232.633297613042	0
10611	135094.6836625131	1232.145373016268	0
10612	135094.9877582499	1232.239539266913	0
10613	135121.0288869414	1234.815146875572	0
10614	135121.0288695072	1234.815118691956	0
10615	135122.0080555089	1235.062798256167	0
10616	135121.0281657899	1234.815034686598	0
10617	135122.006673989	1235.062943372386	0
10618	135122.0083003937	1235.062804814911	0
10619	135139.0220536937	1236.625924083549	0
10620	135139.0226496217	1236.625927290991	0
10621	135140.9906607881	1237.031519770387	0
10622	135139.0221178955	1236.625934336877	0
10623	135140.9901961548	1237.031516370853	0
10624	135140.9901464542	1237.031515910292	0
10625	135224.1326921541	1241.798561057447	0
10626	135224.1335562662	1241.798567194991	0
10627	135225.0311138686	1242.238991712649	0
10628	135224.1327570446	1241.798574695505	0
10629	135225.0293548223	1242.238956114905	0
10630	135225.0305312991	1242.238939729852	0
10631	135259.4336227991	1246.230653907149	0
10632	135259.443116337	1246.231072104278	0
10633	135259.4671813027	1246.232185848802	0
10634	135259.4522710062	1246.231378577315	0
10635	135320.1818494102	1243.07780935473	0
10636	135320.182167159	1243.077805460122	0
10637	135321.156216046	1242.858312269049	0
10638	135320.1808083254	1243.077824471816	0
10639	135321.1560276138	1242.858293884972	0
10640	135321.1559093348	1242.858297033252	0
10641	135348.7552291212	1244.088045568727	0
10642	135348.7552291202	1244.088045568847	0
10643	135348.8032001302	1244.082428965602	0
10644	135348.7686231627	1244.086506712544	0
10645	135362.0150942036	1240.785350993757	0
10646	135362.0126034838	1240.786034797877	0
10647	135362.9432584661	1241.159402137217	0
10648	135362.0161328003	1240.785418290592	0
10649	135362.9458002791	1241.15907141976	0
10650	135362.945580474	1241.159096427783	0
10651	135442.9944775101	1235.049596963026	0
10652	135442.9944775111	1235.049596963028	0
10653	135443.9761941684	1234.847020014928	0
10654	135442.9948637217	1235.049586154444	0
10655	135443.9763797961	1234.847005553174	0
10656	135443.976149729	1234.847026914093	0
10657	135570.0866969786	1228.556816698293	0
10658	135570.0866542731	1228.556818195576	0
10659	135571.0824227962	1228.448883680441	0
10660	135570.0869323508	1228.556808125967	0
10661	135571.0826104649	1228.448870048106	0
10662	135571.0822889046	1228.448887861585	0
10663	135629.1157223183	1225.309429146658	0
10664	135629.1157417563	1225.309424598039	0
10665	135630.1133285594	1225.381182399863	0
10666	135629.1158258721	1225.309425450525	0
10667	135630.1134801958	1225.381180372093	0
10668	135630.1133359392	1225.38118152225	0
10669	135680.5161114254	1224.607742410555	0
10670	135680.5159906067	1224.607740919398	0
10671	135680.6457339716	1224.608768364254	0
10672	135680.645723862	1224.608768578	0
10673	135805.0807500805	1229.41852165689	0
10674	135805.0806485455	1229.418520811738	0
10675	135806.0825110935	1229.441415049351	0
10676	135805.080869954	1229.418514203239	0
10677	135806.0826025351	1229.441414490671	0
10678	135806.0826095706	1229.441413660336	0
10679	135822.0905359841	1228.680705341149	0
10680	135822.09047122	1228.680705674353	0
10681	135823.0922483703	1228.693976912625	0
10682	135822.0905317441	1228.680704546825	0
10683	135823.0923728835	1228.693979033537	0
10684	135823.0923314019	1228.693976378003	0
10685	135908.1414334783	1225.022068701492	0
10686	135908.1412599102	1225.022062816244	0
10687	135909.1423951353	1225.012238392624	0
10688	135908.1414558836	1225.022055805829	0
10689	135909.1424277172	1225.012234462167	0
10690	135909.1424046041	1225.012238366216	0
10691	135911.1455059417	1225.018146508118	0
10692	135911.1453693234	1225.018145492277	0
10693	135912.1466101616	1225.039304542521	0
10694	135911.1454107758	1225.018132057257	0
10695	135912.1466727948	1225.039304562307	0
10696	135912.1466118418	1225.039304586443	0
10697	135947.1813737139	1226.10200601368	0
10698	135947.1813177178	1226.102008393435	0
10699	135948.1825457632	1226.071986727505	0
10700	135947.1814201675	1226.102007470477	0
10701	135948.1826173743	1226.071974519936	0
10702	135948.182609834	1226.071987047736	0
10703	136019.2905092739	1226.104613227678	0
10704	136019.2905221248	1226.104614787367	0
10705	136020.2922885317	1226.132139111737	0
10706	136019.2906137731	1226.104613275191	0
10707	136020.292303243	1226.132138957005	0
10708	136020.2923010532	1226.132139141188	0
10709	136021.2939518807	1226.096358125406	0
10710	136021.2924551661	1226.086467706082	0
10711	136022.2955214257	1226.138474121283	0
10712	136021.2939345122	1226.09635618098	0
10713	136022.2954452964	1226.138812488989	0
10714	136022.2954356819	1226.138810350108	0
10715	136025.2922063015	1226.379737317192	0
10716	136025.2922015613	1226.379734201432	0
10717	136026.2918299442	1226.446032452834	0
10718	136025.2922792688	1226.379737675389	0
10719	136026.2919110883	1226.446036351993	0
10720	136026.2919181195	1226.446039623445	0
10721	136040.2450357205	1227.868656531585	0
10722	136040.2451179116	1227.86866181605	0
10723	136041.2402705182	1227.975173862634	0
10724	136040.2451697999	1227.868665874944	0
10725	136041.2402816703	1227.97517201984	0
10726	136041.2405474054	1227.975192419763	0
10727	136087.1366090845	1232.146046006674	0
10728	136087.1366338798	1232.146047479131	0
10729	136088.1367327503	1232.196963614937	0
10730	136087.1365790046	1232.146046385061	0
10731	136088.1367072512	1232.196965221311	0
10732	136088.1368825725	1232.196967650096	0
10733	136274.3174838473	1239.067110852418	0
10734	136274.3176398758	1239.06711903486	0
10735	136275.3190621869	1239.090060216567	0
10736	136274.3174421891	1239.067103638495	0
10737	136275.3188194643	1239.09004168754	0
10738	136275.3189999762	1239.090059318349	0
10739	136289.3005411971	1240.223217914995	0
10740	136289.3006977506	1240.223218235326	0
10741	136290.2997799391	1240.300950880194	0
10742	136289.3014458558	1240.223248853841	0
10743	136290.3001901712	1240.300987993692	0
10744	136290.2998777413	1240.300951426253	0
10745	136292.3044883807	1240.331409161604	0
10746	136292.3044718041	1240.331409353527	0
10747	136293.3072536041	1240.317510705425	0
10748	136292.304877687	1240.331446172825	0
10749	136293.3071590418	1240.317500224907	0
10750	136293.3072065969	1240.317501222075	0
10751	136325.3766148323	1240.082175699239	0
10752	136325.3764979196	1240.082169535301	0
10753	136326.3778972946	1240.021165500933	0
10754	136325.3765202586	1240.082178959933	0
10755	136326.3779058936	1240.02116524857	0
10756	136326.377512633	1240.02115448958	0
10757	136345.4375562035	1239.908991760706	0
10758	136345.4376097503	1239.908993030756	0
10759	136346.4268373888	1240.05692203184	0
10760	136345.4376276137	1239.907407571793	0
10761	136346.4268269911	1240.056713409092	0
10762	136346.4266673186	1240.056921958562	0
10763	136376.3680672004	1243.051899844113	0
10764	136376.3680604695	1243.051897307671	0
10765	136377.3622518545	1243.187961591514	0
10766	136376.3684025743	1243.051907764955	0
10767	136377.3626884505	1243.187975507976	0
10768	136377.3626971579	1243.187976567338	0
10769	136400.3499810223	1245.169109401782	0
10770	136400.3499255322	1245.169100058626	0
10771	136401.3429260668	1245.327685571805	0
10772	136400.3508834168	1245.169135437532	0
10773	136401.3435229953	1245.327714914352	0
10774	136401.3427870042	1245.327680475818	0
10775	136403.3442107338	1245.488982561092	0
10776	136403.3435034818	1245.488960824	0
10777	136404.3350082012	1245.646387491889	0
10778	136403.344131478	1245.488976350127	0
10779	136404.3360742434	1245.646463247454	0
10780	136404.3352966378	1245.646395710452	0
10781	136451.4770688701	1246.650047381919	0
10782	136451.4770198766	1246.650052953839	0
10783	136452.4806016581	1246.582028815073	0
10784	136451.477752892	1246.650078938512	0
10785	136452.4808057006	1246.582019145275	0
10786	136452.4805902588	1246.5820319689	0
10787	136485.5389395143	1249.052555403545	0
10788	136485.5389385502	1249.052555405363	0
10789	136486.5294573915	1249.226949459799	0
10790	136485.5398594585	1249.052531696495	0
10791	136486.5294479312	1249.226945994041	0
10792	136486.5294459656	1249.226948388989	0
10793	136487.5161587772	1249.416681785952	0
10794	136487.5166204397	1249.416714656133	0
10795	136488.5144736125	1249.543283038193	0
10796	136487.5172614904	1249.416751377208	0
10797	136488.5158802232	1249.543355859998	0
10798	136488.5150590587	1249.543314724768	0
10799	136526.6793432699	1252.206301070412	0
10800	136526.6795963756	1252.206299131355	0
10801	136527.6756849196	1252.061026059566	0
10802	136526.68093966	1252.210982708252	0
10803	136527.6746285679	1252.060248366044	0
10804	136527.6761717797	1252.061048442942	0
10805	136541.7822354198	1252.753972330136	0
10806	136541.7832209925	1252.753992514075	0
10807	136542.7909069834	1252.868784957961	0
10808	136541.7853793534	1252.75393978547	0
10809	136542.7905216661	1252.86875629144	0
10810	136542.7907363139	1252.86878102167	0
10811	136563.0264335773	1253.328727599589	0
10812	136563.024489936	1253.328790714445	0
10813	136564.0353649135	1253.240620985274	0
10814	136563.0280863302	1253.328844449328	0
10815	136564.0367863801	1253.240645860579	0
10816	136564.0365597174	1253.240664527811	0
10817	136596.7109384136	1252.538852326335	0
10818	136596.7109402198	1252.538939904943	0
10819	136597.717044434	1252.546276787003	0
10820	136596.6789713328	1252.547088004168	0
10821	136597.6831722385	1252.576890400586	0
10822	136597.7191750903	1252.546371575651	0
10823	136606.121207283	1251.75631123514	0
10824	136606.1234739705	1251.755283125752	0
10825	136607.1883862347	1251.616118703537	0
10826	136606.1365854496	1251.755476240095	0
10827	136607.1990464958	1251.616152245379	0
10828	136607.1877158558	1251.616796854807	0
10829	136609.396359745	1251.447569739326	0
10830	136609.0767360309	1251.403463091026	0
10831	136609.4425693065	1251.494535332479	0
10832	136609.3969130174	1251.447528776887	0
10833	136615.0315627194	1249.488616141759	0
10834	136615.0286111374	1249.488873283606	0
10835	136613.6795241288	1246.925376713032	0
10836	136613.7081804624	1246.95272394056	0
10837	136613.6705972609	1246.908689368354	0
10838	136613.6799012778	1246.926054630536	0
10839	136619.2795980924	1241.962056593901	0
10840	136619.2803672807	1241.96334291169	0
10841	136620.2577129913	1242.315686616016	0
10842	136619.2767442968	1241.961887847452	0
10843	136620.1699017975	1242.20070442058	0
10844	136620.2584448597	1242.317002174427	0
10845	136619.221906026	1250.075059892653	0
10846	136615.0630147802	1249.494852137579	0
10847	136619.1324804778	1250.060921663004	0
10848	136619.1346554667	1250.060747622286	0
10849	136651.4785858759	1256.776497086983	0
10850	136651.4810301004	1256.779015720327	0
10851	136648.9221745667	1255.005274914003	0
10852	136648.9256101829	1255.021131238017	0
10853	136648.9413080111	1255.009016375931	0
10854	136648.9235085584	1255.000286171261	0
10855	136656.3727697511	1257.121232263494	0
10856	136656.3699483468	1257.12053602658	0
10857	136686.1506339249	1259.360127469415	0
10858	136686.1519188175	1259.360259598144	0
10859	136688.1725541443	1259.676924619435	0
10860	136686.1531602261	1259.360337413749	0
10861	136688.1698569087	1259.676882085628	0
10862	136688.1724564589	1259.676911021125	0
10863	136715.5373949299	1262.122947560996	0
10864	136715.5381381505	1262.123014756654	0
10865	136716.5555984668	1262.262812925265	0
10866	136715.537345229	1262.122924621308	0
10867	136716.5542603038	1262.262669817248	0
10868	136716.5559118903	1262.262842001652	0
10869	136719.5733082993	1262.604855260501	0
10870	136719.5734935342	1262.604901574873	0
10871	136720.5697017435	1262.755666548089	0
10872	136719.5733083003	1262.604855260594	0
10873	136720.5699184747	1262.755629056406	0
10874	136720.5703672527	1262.755662512978	0
10875	136724.5938870462	1263.106208662343	0
10876	136724.5919448498	1263.106147635421	0
10877	136725.5971610107	1263.183222099763	0
10878	136724.594397068	1263.106233480826	0
10879	136725.5978759632	1263.183240232622	0
10880	136725.5976618686	1263.18322902202	0
10881	136729.6126475382	1263.544467128752	0
10882	136729.609884045	1263.544425445362	0
10883	136730.6023938181	1263.707738276554	0
10884	136729.6126158521	1263.544467084839	0
10885	136730.6035956344	1263.707798770772	0
10886	136730.6030743576	1263.707759271754	0
10887	136833.131658738	1265.748470382907	0
10888	136833.1324079299	1265.748500655343	0
10889	136834.1294340326	1265.864313698021	0
10890	136833.1316525068	1265.748465348686	0
10891	136834.1285426258	1265.864301367355	0
10892	136834.1287102799	1265.864301355553	0
10893	136870.2484282544	1267.534666037135	0
10894	136870.247982167	1267.534643133665	0
10895	136871.2264041505	1267.751617326341	0
10896	136870.2400801973	1267.516733079219	0
10897	136871.2042586403	1267.82408020291	0
10898	136871.2263813386	1267.751616192533	0
10899	136883.280729155	1268.209079670263	0
10900	136883.2810092407	1268.209087954645	0
10901	136884.2737697315	1268.317990839018	0
10902	136883.2809072112	1268.210699551437	0
10903	136884.2514127826	1268.337879499907	0
10904	136884.2750870007	1268.318026630363	0
10905	136909.3965871513	1268.399427012529	0
10906	136909.3965109485	1268.399426697194	0
10907	136910.3975832368	1268.314621437187	0
10908	136910.3977876153	1268.314617179804	0
10909	136911.395558604	1268.208184496428	0
10910	136909.3968863488	1268.400843103034	0
10911	136910.3931578055	1268.31752054696	0
10912	136910.3966835831	1268.314610241666	0
10913	136911.3950940079	1268.208160663303	0
10914	136911.3955711978	1268.208182673602	0
10915	136968.5041095823	1264.645430788263	0
10916	136968.5041095833	1264.645430788262	0
10917	136969.4967072415	1264.500925434048	0
10918	136968.5036431465	1264.645431158057	0
10919	136969.4964711222	1264.500918339155	0
10920	136969.4966043908	1264.500927070381	0
10921	136990.4893076338	1262.806479520855	0
10922	136990.489443745	1262.806477033941	0
10923	136991.4769465615	1262.627039944805	0
10924	136990.489305491	1262.806479528974	0
10925	136991.4761025285	1262.627008498136	0
10926	136991.4769778682	1262.627038147104	0
10927	137113.6979064057	1256.983283247392	0
10928	137113.698138588	1256.983282110475	0
10929	137114.6958247164	1257.021484689918	0
10930	137113.6980209348	1256.991506233469	0
10931	137114.6910512818	1257.033218638881	0
10932	137114.6959025571	1257.021486182673	0
10933	137133.656794336	1254.968798591619	0
10934	137133.6567717483	1254.96879931376	0
10935	137134.6406716176	1254.774745761825	0
10936	137133.6564255654	1254.968805803634	0
10937	137134.6404493976	1254.774743473924	0
10938	137134.640536409	1254.774744050297	0
10939	137174.5155531036	1250.434687021838	0
10940	137174.516006632	1250.434683981229	0
10941	137175.494799512	1250.218839208029	0
10942	137174.5155759122	1250.434684810747	0
10943	137175.4940717149	1250.218809881	0
10944	137175.4949009762	1250.218830985077	0
10945	137196.435184872	1247.944917506976	0
10946	137196.435222458	1247.944917325363	0
10947	137197.421255337	1247.759335918073	0
10948	137196.435170666	1247.944916299633	0
10949	137197.4209179764	1247.759318198416	0
10950	137197.4209414736	1247.759315978851	0
10951	137208.3655106758	1246.374222921452	0
10952	137208.3654927966	1246.374221645096	0
10953	137209.358446658	1246.231651429111	0
10954	137208.365422623	1246.374211419461	0
10955	137209.3573956254	1246.231609506617	0
10956	137209.3583565692	1246.231642261825	0
10957	137257.3540974504	1242.515442714747	0
10958	137257.3541240179	1242.515443676087	0
10959	137258.3552946894	1242.447146153303	0
10960	137257.3542305023	1242.515435685357	0
10961	137258.3553216847	1242.447119726348	0
10962	137258.3552632817	1242.447147623776	0
10963	137289.4255419007	1241.854082244795	0
10964	137289.425700339	1241.854081300431	0
10965	137290.4233008204	1241.752481411587	0
10966	137289.4255101098	1241.854080937454	0
10967	137290.42263739	1241.752438679593	0
10968	137290.4232948999	1241.752482910752	0
10969	137316.4900953693	1242.160945984305	0
10970	137316.4901366144	1242.160945568315	0
10971	137317.4908860188	1242.215763298871	0
10972	137316.4896876835	1242.160942510688	0
10973	137317.490089245	1242.215770231572	0
10974	137317.490875908	1242.21576333091	0
10975	137340.5486396772	1242.167662274947	0
10976	137340.5488030538	1242.167663151471	0
10977	137341.550367383	1242.119073862753	0
10978	137340.5485714987	1242.167671453789	0
10979	137341.5498078688	1242.11909179957	0
10980	137341.5504337592	1242.119062548749	0
10981	137342.5484757492	1242.025150645064	0
10982	137342.5486101558	1242.025146919779	0
10983	137343.5441250791	1241.911959352945	0
10984	137342.5481161553	1242.025160442575	0
10985	137343.5438085751	1241.911950619517	0
10986	137343.5441718957	1241.911949987067	0
10987	137410.493941733	1236.545990806687	0
10988	137410.4939529116	1236.545991036642	0
10989	137411.48407491	1236.395119033545	0
10990	137411.4840676843	1236.395125876312	0
10991	137412.4775664795	1236.261379964685	0
10992	137410.492828219	1236.5459874746	0
10993	137411.4838929538	1236.395118490719	0
10994	137411.4838736252	1236.395117783015	0
10995	137412.477400085	1236.261380588599	0
10996	137412.477400086	1236.261380588633	0
10997	137459.4242299663	1232.325514584792	0
10998	137459.4243413087	1232.325517512769	0
10999	137460.4193638781	1232.200155591711	0
11000	137459.4241920154	1232.325517649076	0
11001	137460.4184663295	1232.200163732081	0
11002	137460.4196051948	1232.200139368077	0
11003	137475.3724743865	1230.580034922635	0
11004	137475.3726829916	1230.580049794579	0
11005	137476.3608132369	1230.408005384159	0
11006	137475.3722750405	1230.580052869106	0
11007	137476.3605251088	1230.407994887098	0
11008	137476.3605663596	1230.40798905424	0
11009	137491.3209293658	1228.742533353452	0
11010	137491.3208313066	1228.742534972323	0
11011	137492.318222823	1228.623589795563	0
11012	137491.3205762234	1228.742518807461	0
11013	137492.3178455155	1228.623580099544	0
11014	137492.318222822	1228.623589795644	0
11015	137493.3192942704	1228.527803877366	0
11016	137493.3214455019	1228.527550428689	0
11017	137494.3105098722	1228.367340174289	0
11018	137493.3199959133	1228.527736400374	0
11019	137494.3100271402	1228.36743507655	0
11020	137494.3098645892	1228.367456269177	0
11021	137512.7395779912	1226.907029383915	0
11022	137512.7436937072	1226.905420419376	0
11023	137512.8418272968	1226.867262651225	0
11024	137512.8500136175	1226.864025390699	0
11025	137513.98895935	1226.211375266897	0
11026	137513.9733637664	1226.212682838616	0
11027	137514.0217014597	1226.198128887577	0
11028	137513.9936175063	1226.209469908112	0
11029	137529.1662826153	1225.572406173382	0
11030	137529.1660608641	1225.572420601589	0
11031	137530.1204855819	1225.266198912402	0
11032	137529.1655407867	1225.57241866849	0
11033	137530.1198190094	1225.266226941624	0
11034	137530.1205207121	1225.266197512178	0
11035	137685.5706077649	1224.055510054202	0
11036	137685.5706986263	1224.055515007229	0
11037	137686.5262399183	1224.365802361574	0
11038	137685.569983511	1224.05545458805	0
11039	137686.5259398978	1224.365791561064	0
11040	137686.5262806037	1224.365804399932	0
11041	137766.7556667068	1228.45715937491	0
11042	137766.7554934192	1228.457236645438	0
11043	137767.7549810661	1228.534877860253	0
11044	137766.7531403644	1228.457802646285	0
11045	137767.7489043171	1228.53660102093	0
11046	137767.7513547077	1228.536411245609	0
11047	137770.7297612821	1227.105861500336	0
11048	137770.7168147922	1227.107728162572	0
11049	137770.737836649	1227.10315892124	0
11050	137770.732039843	1227.104792111644	0
11051	137788.1594814216	1228.916232441443	0
11052	137788.1596535464	1228.916238284042	0
11053	137789.1343458603	1228.671705062992	0
11054	137788.1598052722	1228.916252480175	0
11055	137789.1358122188	1228.671753222264	0
11056	137789.134616641	1228.671716366546	0
11057	137813.2316429832	1228.390190266115	0
11058	137813.2316105694	1228.390190298004	0
11059	137814.2318969933	1228.478481200277	0
11060	137813.2318478693	1228.390175346666	0
11061	137814.2319939763	1228.478479151269	0
11062	137814.2317615678	1228.478473128805	0
11063	137857.359087474	1228.3334585726	0
11064	137857.3589613123	1228.333455800055	0
11065	137858.3600205718	1228.383434944759	0
11066	137857.3590990053	1228.333439950486	0
11067	137858.3598352754	1228.383413953995	0
11068	137858.360016556	1228.383435788647	0
11069	137879.3882628867	1229.473419739512	0
11070	137879.3882212524	1229.473420535671	0
11071	137880.3859992553	1229.569037704345	0
11072	137879.3886535733	1229.473392097941	0
11073	137880.3860239681	1229.569036723518	0
11074	137880.38603327	1229.569038229315	0
11075	137896.3606860292	1231.027400242447	0
11076	137896.3607265319	1231.027404627196	0
11077	137897.3544857216	1231.158872189789	0
11078	137896.360698179	1231.027401087619	0
11079	137897.3543735083	1231.158867008809	0
11080	137897.3545095087	1231.158874453449	0
11081	137909.3245499538	1232.314391887644	0
11082	137909.3244338988	1232.314384776419	0
11083	137910.3170122456	1232.452181839835	0
11084	137909.3244633027	1232.31438755016	0
11085	137910.316945471	1232.45217998987	0
11086	137910.3170620486	1232.452184332422	0
11087	137929.2783935635	1234.243930197065	0
11088	137929.2784989328	1234.243935733261	0
11089	137930.2748389304	1234.348000062475	0
11090	137929.2783045847	1234.2439339095	0
11091	137930.2747323728	1234.348006477632	0
11092	137930.2748600561	1234.347998930882	0
11093	137932.2741783774	1234.490140704257	0
11094	137932.2741485616	1234.490140812578	0
11095	137933.2741926856	1234.552057507504	0
11096	137932.2740691292	1234.490158899529	0
11097	137933.2734163771	1234.552076637562	0
11098	137933.2741276774	1234.552058951958	0
11099	138023.446921598	1236.09349513859	0
11100	138023.4469357343	1236.093495563507	0
11101	138024.4489188006	1236.119513119324	0
11102	138023.4469776562	1236.093496457438	0
11103	138024.448806838	1236.119500555344	0
11104	138024.4488878449	1236.119515643448	0
11105	138031.4391734595	1236.708849541107	0
11106	138031.4391898156	1236.708849459864	0
11107	138032.4357260422	1236.812017669577	0
11108	138031.4391220018	1236.708839464973	0
11109	138032.4356593342	1236.812016194348	0
11110	138032.4357154362	1236.812017360382	0
11111	138038.423033679	1237.351276591559	0
11112	138038.4230522906	1237.351277071061	0
11113	138039.4187909137	1237.464001085771	0
11114	138038.4228147533	1237.351267747556	0
11115	138039.4183928444	1237.463991703687	0
11116	138039.4191159607	1237.464024842271	0
11117	138073.3425856476	1240.59191495093	0
11118	138073.3426242789	1240.591918361275	0
11119	138074.3394034248	1240.688071640137	0
11120	138073.3424633328	1240.591912034646	0
11121	138074.339175255	1240.688043572447	0
11122	138074.3392010347	1240.688046307896	0
11123	138094.260514575	1242.883893180486	0
11124	138094.2605643201	1242.883894562406	0
11125	138095.2554906251	1243.001218167858	0
11126	138094.2602663786	1242.883888142784	0
11127	138095.2551397835	1243.001210743694	0
11128	138095.2554516055	1243.00121584306	0
11129	138097.2402002635	1243.283080473462	0
11130	138097.2402631407	1243.283075946348	0
11131	138098.2337546445	1243.414869863137	0
11132	138097.2401601566	1243.283072834288	0
11133	138098.233262346	1243.414864587498	0
11134	138098.2337759592	1243.414872407567	0
11135	138100.2233763399	1243.656926512662	0
11136	138100.223376339	1243.656926512375	0
11137	138101.2144812178	1243.809385341324	0
11138	138100.2233625042	1243.656926048402	0
11139	138101.2142771011	1243.809411859836	0
11140	138101.2144262868	1243.809383565287	0
11141	138103.2112245402	1243.981377623641	0
11142	138103.2115179445	1243.981377880734	0
11143	138104.2057779377	1244.105764768548	0
11144	138103.2113058606	1243.981381778985	0
11145	138104.2053748045	1244.105786385933	0
11146	138104.205887478	1244.105767875092	0
11147	138106.204246273	1244.261236575432	0
11148	138106.20430231	1244.26123629853	0
11149	138107.2024291847	1244.344975110497	0
11150	138106.2042042844	1244.261242242509	0
11151	138107.2023920464	1244.344977296133	0
11152	138107.2024306437	1244.344974910751	0
11153	138115.2186418083	1244.532403257861	0
11154	138115.2187731786	1244.53241030804	0
11155	138116.2182442319	1244.601304924014	0
11156	138115.2181745993	1244.532406395849	0
11157	138116.2180185824	1244.601310205595	0
11158	138116.2181208377	1244.601303633471	0
11159	138123.2298888267	1244.778758871639	0
11160	138123.2300457345	1244.778759491215	0
11161	138125.2312052966	1244.874562401552	0
11162	138123.229397494	1244.77876669234	0
11163	138125.2311260676	1244.87456884365	0
11164	138125.2312535924	1244.874564763003	0
11165	138151.284432356	1244.66139705431	0
11166	138151.2844173003	1244.661395772604	0
11167	138152.2848775902	1244.718814151743	0
11168	138151.2844493748	1244.661394866782	0
11169	138152.2845538558	1244.718810485668	0
11170	138152.284952529	1244.718815655192	0
11171	138169.3233584425	1244.667403276765	0
11172	138169.323558013	1244.667415181008	0
11173	138170.325585016	1244.673017706738	0
11174	138169.323435648	1244.66740492739	0
11175	138170.3252819017	1244.673004254388	0
11176	138170.3255774151	1244.673017034617	0
11177	138199.3332070772	1246.552524044347	0
11178	138199.3332005366	1246.552522495327	0
11179	138200.33221158	1246.631013913298	0
11180	138199.3330875775	1246.552508472668	0
11181	138200.3318658423	1246.630989183113	0
11182	138200.3321764701	1246.631010681154	0
11183	138209.3064952539	1247.531325593363	0
11184	138209.3067623877	1247.531341662768	0
11185	138210.3010738752	1247.65671882368	0
11186	138209.3063868707	1247.531325576585	0
11187	138210.3009061656	1247.656718814118	0
11188	138210.300973149	1247.656720093234	0
11189	138233.2226537868	1250.107003976493	0
11190	138233.2227549357	1250.107006887495	0
11191	138234.2174481656	1250.227336212683	0
11192	138233.2224329375	1250.107004761621	0
11193	138234.2173753599	1250.227344664951	0
11194	138234.2173753882	1250.22734493075	0
11195	138253.2228184919	1251.42079008604	0
11196	138253.2228490243	1251.420791739373	0
11197	138254.2178937423	1251.540897509195	0
11198	138253.2227713055	1251.420789439497	0
11199	138254.2178500643	1251.54089605068	0
11200	138254.2179814708	1251.540896281684	0
11201	138274.1971959435	1253.152563779382	0
11202	138274.1973452423	1253.152569836258	0
11203	138275.1909921044	1253.285519668033	0
11204	138274.1971018108	1253.15256232926	0
11205	138275.1909196058	1253.285519523984	0
11206	138275.191046212	1253.285525303492	0
11207	138296.1109879918	1255.616804726071	0
11208	138296.1109395738	1255.616798067573	0
11209	138297.1049423266	1255.747117855054	0
11210	138296.11003841	1255.616696371335	0
11211	138297.1047708886	1255.747170807816	0
11212	138297.1050176776	1255.747129005729	0
11213	138298.1038656942	1255.8354526623	0
11214	138298.1039117833	1255.835459371814	0
11215	138299.0971731985	1255.969767043495	0
11216	138298.1037295592	1255.835456146698	0
11217	138299.0971575499	1255.969769164058	0
11218	138299.0970946595	1255.969772445464	0
11219	138311.0736531731	1257.097972809708	0
11220	138311.0739222174	1257.0979797289	0
11221	138312.0691628555	1257.219752009182	0
11222	138311.0737173787	1257.097983974412	0
11223	138312.0692366396	1257.219761724657	0
11224	138312.0691803936	1257.219753744236	0
11225	138316.0501211623	1257.69887935077	0
11226	138316.0502293588	1257.698891148882	0
11227	138317.0478678544	1257.801693901117	0
11228	138316.0504662861	1257.698909304857	0
11229	138317.0477475909	1257.801720926847	0
11230	138317.0477805483	1257.801694927243	0
11231	138322.0457274554	1258.177485902973	0
11232	138322.045900081	1258.177496238577	0
11233	138323.043550357	1258.276528463001	0
11234	138322.045579988	1258.177507757035	0
11235	138323.043253778	1258.276546961652	0
11236	138323.0433961411	1258.276531272069	0
11237	138371.1448323808	1260.431869963902	0
11238	138371.1445447888	1260.431868213121	0
11239	138372.1467940759	1260.500195694246	0
11240	138371.1449401821	1260.431882414963	0
11241	138372.1472907778	1260.50024879422	0
11242	138372.1473101861	1260.500230452359	0
11243	138385.1866935053	1261.415209516778	0
11244	138385.3303732773	1261.430577376797	0
11245	138386.3629725578	1261.078049880522	0
11246	138385.1866139454	1261.415204309467	0
11247	138387.1509246342	1261.111976903115	0
11248	138387.151039829	1261.111969983112	0
11249	138393.3700622609	1261.913891906064	0
11250	138393.3067341959	1261.911967407466	0
11251	138393.3537203459	1261.935000740928	0
11252	138393.3537031797	1261.934999883724	0
11253	138393.3732656172	1261.911204439074	0
11254	138393.3701313168	1261.91390265901	0
11255	138444.6401930597	1257.924563460394	0
11256	138444.6400669838	1257.92457515412	0
11257	138445.6380722364	1257.829336264785	0
11258	138444.6395023847	1257.924584437358	0
11259	138445.6375501544	1257.829333054212	0
11260	138445.6378174069	1257.82934406983	0
11261	138448.6396641513	1257.615373640711	0
11262	138448.639730316	1257.615372238154	0
11263	138449.6391554852	1257.525544592479	0
11264	138448.639677814	1257.615373778919	0
11265	138449.6390059676	1257.525532102845	0
11266	138449.6390504078	1257.525543104447	0
11267	138470.6613042159	1256.314405001315	0
11268	138470.6613123055	1256.314407857647	0
11269	138471.663706708	1256.310105645904	0
11270	138470.6606239607	1256.314385288321	0
11271	138471.6630596837	1256.310097734317	0
11272	138471.6634309709	1256.310111543207	0
11273	138487.702625072	1255.993376881304	0
11274	138487.7029197509	1255.993376965089	0
11275	138488.7037063231	1255.955386773095	0
11276	138487.7022598923	1255.993372411048	0
11277	138488.7034482112	1255.955377526325	0
11278	138488.7036113935	1255.955389746964	0
11279	138512.7466857446	1256.89555604043	0
11280	138512.7466603187	1256.895554676239	0
11281	138513.7459091432	1256.96634800999	0
11282	138512.7457904526	1256.895543879868	0
11283	138513.7456157878	1256.966347683756	0
11284	138513.745967031	1256.966349167072	0
11285	138517.7506631877	1257.185981944171	0
11286	138517.7505076197	1257.185968493147	0
11287	138518.7489562567	1257.280347401633	0
11288	138517.750347319	1257.185976248856	0
11289	138518.7486286921	1257.280356466524	0
11290	138518.7488529216	1257.280344011636	0
11291	138536.771648344	1258.13871958264	0
11292	138536.7716856367	1258.138723338168	0
11293	138537.7694737039	1258.238564081024	0
11294	138536.7709180093	1258.138717638244	0
11295	138537.7691608458	1258.238567304011	0
11296	138537.7694017231	1258.238559384377	0
11297	138541.7737246809	1258.447912407172	0
11298	138541.7738373631	1258.447915240528	0
11299	138542.772711812	1258.531337773448	0
11300	138541.7734408589	1258.447927882091	0
11301	138542.7720393214	1258.531396838243	0
11302	138542.7728218298	1258.531338120575	0
11303	138550.7920475701	1258.651202969973	0
11304	138550.7920184522	1258.651202117644	0
11305	138551.7949055254	1258.66242988556	0
11306	138550.7920158472	1258.651205384429	0
11307	138551.7940242585	1258.662473173936	0
11308	138551.7948870018	1258.6624303019	0
11309	138565.8243812241	1258.227856301152	0
11310	138565.8245151509	1258.227856369932	0
11311	138566.8244809273	1258.15803882469	0
11312	138565.8242308465	1258.227867565516	0
11313	138566.8243548648	1258.158039403403	0
11314	138566.8243653877	1258.158036662342	0
11315	138580.8203916599	1257.148977200051	0
11316	138580.8204041951	1257.148979171244	0
11317	138581.818573374	1257.055513688966	0
11318	138580.8203610839	1257.148978198922	0
11319	138581.818475389	1257.055513381324	0
11320	138581.8184852678	1257.05551257355	0
11321	138595.8333065932	1256.385669307389	0
11322	138595.833747931	1256.38565006891	0
11323	138596.8306325119	1256.284940791594	0
11324	138595.8334367695	1256.38566960886	0
11325	138596.8299389175	1256.284953626878	0
11326	138596.830620883	1256.284941338599	0
11327	138631.7508816978	1252.972085928368	0
11328	138631.7508126534	1252.972088394385	0
11329	138632.7438714982	1252.84080434442	0
11330	138631.7506949583	1252.972089719195	0
11331	138632.7435358687	1252.840803231287	0
11332	138632.7440029345	1252.840795498195	0
11333	138671.6610030391	1249.121601938003	0
11334	138671.6610920759	1249.121594248596	0
11335	138672.6492237878	1248.956267868741	0
11336	138671.6607718714	1249.121605865693	0
11337	138672.6491839063	1248.95624887909	0
11338	138672.6492825673	1248.956264691051	0
11339	138688.6036813449	1247.356396064284	0
11340	138688.6036984792	1247.356394225254	0
11341	138689.5991314921	1247.242314420154	0
11342	138688.6034202813	1247.356389878616	0
11343	138689.5988668364	1247.24229583633	0
11344	138689.5989531689	1247.242318129933	0
11345	138751.6964328257	1245.400257588286	0
11346	138751.696801814	1245.400256723534	0
11347	138752.6897339858	1245.268138696945	0
11348	138751.6964911156	1245.400260948396	0
11349	138752.6892967534	1245.268145106795	0
11350	138752.6892948854	1245.268144538969	0
11351	138787.6846646525	1242.984487351259	0
11352	138787.6846820796	1242.984488638569	0
11353	138788.6767618749	1242.845457294616	0
11354	138787.6841004639	1242.984495607149	0
11355	138788.6767152637	1242.84545478754	0
11356	138788.6768095645	1242.845453523983	0
11357	138793.6626403913	1242.330272546381	0
11358	138793.6628651081	1242.330269196487	0
11359	138794.6504775839	1242.160938010428	0
11360	138793.6625900489	1242.330278244134	0
11361	138794.6499798778	1242.160930445062	0
11362	138794.6504888145	1242.160936085392	0
11363	138809.6339083519	1240.966213187444	0
11364	138809.6338729006	1240.966212548083	0
11365	138810.630546446	1240.859325522037	0
11366	138809.6332276053	1240.966211062786	0
11367	138810.6304156592	1240.859320679019	0
11368	138810.6304294074	1240.859321458724	0
11369	138814.6334808489	1240.656907429247	0
11370	138814.6335512402	1240.65691523841	0
11371	138815.6333503817	1240.592424169609	0
11372	138814.633385493	1240.65690533984	0
11373	138815.6328738128	1240.59240645975	0
11374	138815.6333292016	1240.592427691573	0
11375	138863.7399572508	1240.890513411725	0
11376	138863.7399065892	1240.890515160297	0
11377	138864.74148592	1240.866145620055	0
11378	138863.7398895234	1240.890517044795	0
11379	138864.7409412425	1240.866149090491	0
11380	138864.7414702412	1240.866144949791	0
11381	138865.7440273232	1240.870937082528	0
11382	138865.7443234364	1240.870933148451	0
11383	138866.7458713077	1240.843259170513	0
11384	138865.7440142591	1240.870939420619	0
11385	138866.7456448989	1240.843263671252	0
11386	138866.7458835796	1240.843256300218	0
11387	138871.7472523567	1240.522758259067	0
11388	138871.7472778013	1240.522776662969	0
11389	138872.7392557048	1240.379673171451	0
11390	138871.7474277553	1240.522759678658	0
11391	138872.7393740297	1240.379670093165	0
11392	138872.7393669059	1240.379671420739	0
11393	138878.7259847349	1239.821890852733	0
11394	138878.7259753433	1239.821891502857	0
11395	138879.7218000853	1239.707557937165	0
11396	138878.725144552	1239.821915590425	0
11397	138879.7216843007	1239.707562447433	0
11398	138879.7218034161	1239.707558256205	0
11399	138892.6979003	1238.52843304417	0
11400	138892.6979884818	1238.5284301137	0
11401	138893.6945456757	1238.420651731625	0
11402	138892.6979072243	1238.52843263077	0
11403	138893.6941323013	1238.420649069548	0
11404	138893.6940017734	1238.420650173731	0
11405	138902.6498214254	1237.333782653078	0
11406	138902.6499652663	1237.333768210256	0
11407	138903.6414055013	1237.186261981275	0
11408	138902.6493776245	1237.333776524674	0
11409	138903.640374837	1237.186250029845	0
11410	138903.641422726	1237.186263550845	0
11411	138904.6376916241	1237.078518070011	0
11412	138904.6382114668	1237.078519841813	0
11413	138905.6297180225	1236.930304498475	0
11414	138904.6376980657	1237.078517763507	0
11415	138905.6293164598	1236.930296991422	0
11416	138905.62935396	1236.930297642706	0
11417	138922.6287866374	1235.713087691831	0
11418	138922.62882711	1235.713088106254	0
11419	138923.6191441719	1235.55266587185	0
11420	138922.6282862535	1235.713082809387	0
11421	138923.6191651725	1235.552650832926	0
11422	138923.6191602427	1235.552667057525	0
11423	138938.6474310174	1235.087410258828	0
11424	138938.6474244979	1235.087410297266	0
11425	138939.6440104857	1234.980237231664	0
11426	138938.6470434268	1235.087400333003	0
11427	138939.6434248634	1234.980227750438	0
11428	138939.6440234969	1234.980235667234	0
11429	138961.679577124	1234.192956690398	0
11430	138961.6795571096	1234.192964634735	0
11431	138962.6767000478	1234.088585020754	0
11432	138961.6792635631	1234.192969068514	0
11433	138962.6756850809	1234.088557503591	0
11434	138962.6767833068	1234.088586498561	0
11435	138976.6952009496	1233.36950220224	0
11436	138976.6952796743	1233.369518059643	0
11437	138977.6946921155	1233.282092239036	0
11438	138976.695166554	1233.369504153694	0
11439	138977.6943199408	1233.282060631552	0
11440	138977.6945879777	1233.282066716875	0
11441	138982.7064681167	1233.134314647239	0
11442	138982.7064151304	1233.134315279892	0
11443	138983.7080805373	1233.082176719401	0
11444	138982.706262725	1233.134302394357	0
11445	138983.7078454894	1233.082155642297	0
11446	138983.7080680881	1233.082175972177	0
11447	138990.7272197087	1233.056560302125	0
11448	138990.7272795542	1233.056563533258	0
11449	138991.7299668728	1233.018026845857	0
11450	138990.7264960902	1233.05652510485	0
11451	138991.7297462808	1233.018008297138	0
11452	138991.7300901888	1233.018031767259	0
11453	139015.7836283573	1233.994199543907	0
11454	139015.7838876304	1233.994203617131	0
11455	139016.7850651223	1234.040212434956	0
11456	139015.7836581394	1233.994191401282	0
11457	139016.7844416151	1234.0401911162	0
11458	139016.7851070232	1234.040216111598	0
11459	139034.8180135225	1234.91989500461	0
11460	139034.8181134366	1234.919894044532	0
11461	139036.8150284827	1235.102644911512	0
11462	139034.8167816952	1234.919818264267	0
11463	139036.8145999275	1235.102627697978	0
11464	139036.8149781311	1235.102641012669	0
11465	139054.8080875386	1236.630148797624	0
11466	139054.8082104808	1236.63015073334	0
11467	139055.8037005744	1236.759918317531	0
11468	139054.8077185569	1236.630125004428	0
11469	139055.8030840191	1236.759895023332	0
11470	139055.8037342592	1236.759917452904	0
11471	139061.7948201197	1237.316598273677	0
11472	139061.7951200826	1237.31659299269	0
11473	139062.7892571872	1237.445032055933	0
11474	139061.7947747031	1237.316594718345	0
11475	139062.7892054402	1237.445031434267	0
11476	139062.7890795071	1237.445031029614	0
11477	139066.7735524409	1237.921590434086	0
11478	139066.773703055	1237.921596356	0
11479	139067.7669708172	1238.063600333443	0
11480	139066.7731748088	1237.921588278707	0
11481	139067.7663320577	1238.063594417654	0
11482	139067.7670220937	1238.063605605035	0
11483	139075.7452930019	1238.897890389134	0
11484	139075.7452606515	1238.897889002648	0
11485	139077.7391344429	1239.113189056014	0
11486	139075.7443920741	1238.8978880137	0
11487	139077.7390152846	1239.113200385354	0
11488	139077.7385160882	1239.113191202662	0
11489	139094.7461277583	1240.397823516619	0
11490	139094.7461787489	1240.397815774046	0
11491	139095.7361887167	1240.553163321785	0
11492	139094.7460573759	1240.397828984383	0
11493	139095.7361908661	1240.553170475844	0
11494	139095.736183882	1240.553162230837	0
11495	139102.7386914752	1241.072991676484	0
11496	139102.7388133927	1241.072997361012	0
11497	139103.7330605762	1241.201324043869	0
11498	139102.7385663726	1241.073002138802	0
11499	139103.73268258	1241.201327366789	0
11500	139103.7326354188	1241.201323979666	0
11501	139117.7497073584	1242.064144771482	0
11502	139117.7497460939	1242.064144098716	0
11503	139118.7456897401	1242.185414116449	0
11504	139117.7492677253	1242.064143991415	0
11505	139118.7453844875	1242.185419461128	0
11506	139118.7453841565	1242.185419461216	0
11507	139120.7484186916	1242.295062864707	0
11508	139120.7487729884	1242.295070575806	0
11509	139121.7487976684	1242.358336113294	0
11510	139120.7482683381	1242.295089432962	0
11511	139121.7481137297	1242.358355158517	0
11512	139121.7487844335	1242.358335085804	0
11513	139123.7532181843	1242.436678089392	0
11514	139123.7532288387	1242.436678440094	0
11515	139124.7556783278	1242.464332025855	0
11516	139123.7530910718	1242.436679426076	0
11517	139124.755005405	1242.464371658059	0
11518	139124.7557289026	1242.464328224833	0
11519	139129.7704323509	1242.430093049124	0
11520	139129.7705750401	1242.430090770715	0
11521	139130.7722292677	1242.381660428229	0
11522	139129.7704436645	1242.430097990425	0
11523	139130.7721192598	1242.381668204968	0
11524	139130.7722148784	1242.381660751696	0
11525	139132.7758960649	1242.29405274405	0
11526	139132.7759089958	1242.294052309251	0
11527	139133.7776999179	1242.277434103165	0
11528	139132.7749739233	1242.294052174323	0
11529	139133.776060385	1242.277449813316	0
11530	139133.7775907425	1242.277430343165	0
11531	139169.8846429636	1242.143570504769	0
11532	139169.8850880827	1242.143569276331	0
11533	139170.8848088738	1242.065593471956	0
11534	139169.884759669	1242.143577159409	0
11535	139170.884472456	1242.065601704777	0
11536	139170.8845371263	1242.065597689314	0
11537	139216.95479732	1239.495622791467	0
11538	139216.9551640751	1239.495593639903	0
11539	139217.9506389955	1239.373968215775	0
11540	139216.954720566	1239.495626216979	0
11541	139217.9503601187	1239.373973464766	0
11542	139217.9506113196	1239.373968514268	0
11543	139222.9466926316	1238.915966845205	0
11544	139222.9467511227	1238.915960663539	0
11545	139223.9395515062	1238.779647480697	0
11546	139222.9460400697	1238.915988923373	0
11547	139223.9391559521	1238.779662691287	0
11548	139223.9394662928	1238.779636945804	0
11549	139229.9199242015	1238.090234039685	0
11550	139229.9203913098	1238.090227133729	0
11551	139230.9144861106	1237.955078657876	0
11552	139229.9199948062	1238.090237292472	0
11553	139230.913470184	1237.955124179226	0
11554	139230.9140928619	1237.955081633512	0
11555	139231.898200499	1237.761423578603	0
11556	139231.8981774235	1237.761423654315	0
11557	139232.8860961767	1237.583705894977	0
11558	139231.8974709999	1237.761395548444	0
11559	139232.8856082089	1237.583700741587	0
11560	139232.88613203	1237.583710710152	0
11561	139238.8663824189	1236.902585828348	0
11562	139238.8664047392	1236.90258452642	0
11563	139239.8585277613	1236.758871411086	0
11564	139238.8662436536	1236.902593874304	0
11565	139239.8582691435	1236.758866616763	0
11566	139239.8586627431	1236.75885455453	0
11567	139240.8487603657	1236.599638017396	0
11568	139240.8489385615	1236.599640345177	0
11569	139241.8379245468	1236.430914189292	0
11570	139240.8487637345	1236.599630436406	0
11571	139241.8377082967	1236.430864530175	0
11572	139241.8380258952	1236.430912953712	0
11573	139253.8215200688	1235.302213286529	0
11574	139253.8214787177	1235.30222035209	0
11575	139254.8071378027	1235.114572163585	0
11576	139253.8205376714	1235.302219660324	0
11577	139254.8061195847	1235.114575504211	0
11578	139254.8071427423	1235.114567685303	0
11579	139266.7725228742	1233.82353293883	0
11580	139266.7727117798	1233.823533152132	0
11581	139268.7498915701	1233.485503946367	0
11582	139266.7718128167	1233.823520759889	0
11583	139268.748603812	1233.485500505159	0
11584	139268.74993315	1233.485500945026	0
11585	139279.7268639944	1232.373676815373	0
11586	139279.7268622531	1232.37367756853	0
11587	139280.716662242	1232.212444972494	0
11588	139279.726687531	1232.373674444455	0
11589	139280.716365641	1232.212409222863	0
11590	139280.7165302919	1232.212438162341	0
11591	139294.7097905324	1231.01230998403	0
11592	139294.7097231528	1231.012316380867	0
11593	139295.6950170427	1230.823450838884	0
11594	139294.709579944	1231.012311678843	0
11595	139295.6946587105	1230.823454099582	0
11596	139295.6946785063	1230.823458743793	0
11597	139300.6828959657	1230.292646320518	0
11598	139300.6833344178	1230.292665738196	0
11599	139301.6765845958	1230.156176266863	0
11600	139300.6829401361	1230.292636584086	0
11601	139301.6764163338	1230.15617497015	0
11602	139301.6762505311	1230.156172667868	0
11603	139313.6839639186	1229.381714762335	0
11604	139313.6840591039	1229.381718013749	0
11605	139314.6812922384	1229.287668602893	0
11606	139313.6839443195	1229.38171212615	0
11607	139314.6814084959	1229.287680036133	0
11608	139314.6811892564	1229.287662215135	0
11609	139315.6780280709	1229.170235138198	0
11610	139315.6780060063	1229.170225349762	0
11611	139316.6749999784	1229.071719512404	0
11612	139315.6781379075	1229.170234764603	0
11613	139316.6757517534	1229.071782360582	0
11614	139316.6759247303	1229.071778058945	0
11615	139323.6931924205	1228.935406769324	0
11616	139323.693945966	1228.935423675623	0
11617	139324.69355682	1228.860905631616	0
11618	139323.6932356805	1228.935405344492	0
11619	139324.6930167408	1228.860879879389	0
11620	139324.6934986976	1228.860904579232	0
11621	139369.8040520921	1228.483382380008	0
11622	139369.8040520931	1228.483382380001	0
11623	139370.8027522928	1228.402763641165	0
11624	139369.8038424417	1228.483377302465	0
11625	139370.8028577886	1228.402758099532	0
11626	139370.8028614552	1228.402758282052	0
11627	139373.8069931176	1228.244906991085	0
11628	139373.8072278657	1228.244900617802	0
11629	139374.8033612655	1228.141016298822	0
11630	139373.8066009865	1228.244890180503	0
11631	139374.8032678928	1228.141004704466	0
11632	139374.8033628903	1228.141016296602	0
11633	139402.8404661925	1226.717768669789	0
11634	139402.8405699318	1226.717767138538	0
11635	139403.8364028304	1226.591743982425	0
11636	139402.8403914446	1226.717771254046	0
11637	139403.8361251452	1226.59173095308	0
11638	139403.8363656208	1226.59174409572	0
11639	139405.8359571375	1226.450080393288	0
11640	139405.8361130975	1226.450085590978	0
11641	139406.8359478483	1226.372412631975	0
11642	139405.8357310412	1226.450067738507	0
11643	139406.8354054091	1226.372388655215	0
11644	139406.8359930209	1226.372412075571	0
11645	139435.9010426333	1225.383365529275	0
11646	139435.9016665138	1225.383379079625	0
11647	139436.9012287754	1225.323266549951	0
11648	139435.9013152854	1225.383369964113	0
11649	139436.9010309918	1225.323261718306	0
11650	139436.9012343438	1225.323266553249	0
11651	139454.9551178084	1225.052316131698	0
11652	139454.9552148771	1225.052317028738	0
11653	139455.9564079496	1225.070216129291	0
11654	139454.9543073016	1225.052223147046	0
11655	139455.9557961205	1225.070188087716	0
11656	139455.956324955	1225.070217770971	0
11657	139466.9902714446	1225.101127475856	0
11658	139466.9917264707	1225.101191153149	0
11659	139467.9937715309	1225.06339765352	0
11660	139466.9902455399	1225.101126365058	0
11661	139467.9921188346	1225.063306359774	0
11662	139467.9942046131	1225.063423315507	0
11663	139472.0073092838	1225.19618723034	0
11664	139472.0076436785	1225.196191367683	0
11665	139474.0130725722	1225.247812376189	0
11666	139472.0065593555	1225.196098972735	0
11667	139474.0126819904	1225.247784720945	0
11668	139474.0130244618	1225.247798512769	0
11669	139490.0253153735	1226.450337641739	0
11670	139490.025241589	1226.45033374792	0
11671	139491.0202123904	1226.573589909536	0
11672	139490.0250829405	1226.450326457778	0
11673	139491.01888411	1226.573531965808	0
11674	139491.0202139015	1226.573590473321	0
11675	139493.0172309234	1226.77156201896	0
11676	139493.0172859302	1226.771563079289	0
11677	139494.0148403101	1226.880799017377	0
11678	139493.0165540925	1226.771516862458	0
11679	139494.0145537584	1226.880785389118	0
11680	139494.0146140026	1226.880790525031	0
11681	139496.0054547844	1227.126333937569	0
11682	139496.0053662448	1227.12632254293	0
11683	139496.9988290286	1227.265700900344	0
11684	139496.0044232756	1227.12628920426	0
11685	139496.9984819543	1227.265691566729	0
11686	139496.9988724866	1227.265704308076	0
11687	139505.9890560883	1228.102586405561	0
11688	139505.9892052643	1228.102582987449	0
11689	139506.972490299	1228.307108839977	0
11690	139505.9886165497	1228.102551146153	0
11691	139506.9719640541	1228.307099899463	0
11692	139506.9725718712	1228.307109578264	0
11693	139516.9484114163	1229.358161716348	0
11694	139516.9483841328	1229.358158610922	0
11695	139517.9420997747	1229.492734306361	0
11696	139516.9489262296	1229.358173670807	0
11697	139517.9427290595	1229.492750950312	0
11698	139517.9426380272	1229.492739651555	0
11699	139519.9289376159	1229.784500716221	0
11700	139519.9272981618	1229.784478400209	0
11701	139520.9172406768	1229.955959188839	0
11702	139519.9290090397	1229.784499307348	0
11703	139520.9175153975	1229.955948510955	0
11704	139520.9175855858	1229.955969868559	0
11705	139526.8914104523	1230.668208257944	0
11706	139526.8914132096	1230.668210915471	0
11707	139527.8816458487	1230.832828129219	0
11708	139526.8909200162	1230.668192721273	0
11709	139527.8816871803	1230.83283890372	0
11710	139527.8817440643	1230.832828588008	0
11711	139581.8972796535	1234.736033646394	0
11712	139581.8983434276	1234.736056449968	0
11713	139582.8795877509	1234.941010208977	0
11714	139581.8975977125	1234.736041034973	0
11715	139582.8786680744	1234.941024737839	0
11716	139582.8790329421	1234.94103143182	0
11717	139602.9294632474	1235.907322169198	0
11718	139602.9292398274	1235.907309666358	0
11719	139603.9224719068	1236.047450447685	0
11720	139602.9279566326	1235.907288416376	0
11721	139603.9221098268	1236.047461513814	0
11722	139603.9220880484	1236.047455158121	0
11723	139615.95925587	1235.869459449031	0
11724	139615.9594700357	1235.869467161253	0
11725	139616.9625687126	1235.842512363509	0
11726	139615.958069114	1235.869445158369	0
11727	139616.9624683224	1235.84250460162	0
11728	139616.9626162781	1235.84251048463	0
11729	139640.0333136939	1236.057825421902	0
11730	139640.0333483033	1236.057815159187	0
11731	139641.0340267672	1235.994916029131	0
11732	139640.0332375634	1236.057816243025	0
11733	139641.0337111639	1235.994868730751	0
11734	139641.0340280021	1235.994913271234	0
11735	139659.0577553724	1237.17424280392	0
11736	139659.0581891832	1237.174239885047	0
11737	139660.0539507916	1237.299058577119	0
11738	139659.0571455851	1237.174197471938	0
11739	139660.0527008804	1237.299027377852	0
11740	139660.053814832	1237.299057266299	0
11741	139673.0098605659	1238.76033894321	0
11742	139673.0099225926	1238.760338480953	0
11743	139674.0024855257	1238.905969343389	0
11744	139673.009052047	1238.760317331089	0
11745	139674.0018691983	1238.905977217139	0
11746	139674.0026448299	1238.905975178255	0
11747	139695.9752136224	1240.904158947782	0
11748	139695.9756528109	1240.904178979241	0
11749	139696.958513359	1241.112481924429	0
11750	139695.9745742508	1240.904135189292	0
11751	139696.958260821	1241.112494396358	0
11752	139696.958260822	1241.112494396316	0
11753	139717.9630862497	1242.75602853178	0
11754	139717.9628965485	1242.756022263743	0
11755	139718.9649192083	1242.786524795056	0
11756	139717.9630821478	1242.756031683541	0
11757	139718.9653530259	1242.786535016629	0
11758	139718.9649197768	1242.786524694107	0
11759	139757.0267182764	1244.750465193649	0
11760	139757.0262670524	1244.75046801977	0
11761	139758.0290955469	1244.798164106261	0
11762	139757.0267085977	1244.750463510168	0
11763	139758.0294253662	1244.798153209017	0
11764	139758.0291283385	1244.798165578517	0
11765	139766.0213091485	1245.486407858997	0
11766	139766.0213051834	1245.486406792141	0
11767	139767.0180861336	1245.602696988936	0
11768	139766.022244502	1245.486398676429	0
11769	139767.018150717	1245.602683842305	0
11770	139767.0178683931	1245.602688995588	0
11771	139771.9992607906	1246.198754631993	0
11772	139771.999188649	1246.198754696136	0
11773	139772.9923129891	1246.329090665023	0
11774	139771.9992584905	1246.198730116896	0
11775	139772.99246154	1246.329094249719	0
11776	139772.9923815792	1246.329101245788	0
11777	139777.9631970108	1247.036201039164	0
11778	139777.9632113869	1247.036202281426	0
11779	139778.9492871291	1247.221381088823	0
11780	139777.9632352383	1247.036196179898	0
11781	139778.9493755514	1247.221374818469	0
11782	139778.9492594689	1247.22137668707	0
11783	139783.9114780148	1247.966850579041	0
11784	139783.911205227	1247.966842113757	0
11785	139784.8951710497	1248.168530858377	0
11786	139783.9115691549	1247.966852745292	0
11787	139784.8952529982	1248.168544409124	0
11788	139784.895130262	1248.168538999768	0
11789	139792.852144967	1249.257582758861	0
11790	139792.8508849388	1249.257616468954	0
11791	139793.8261891415	1249.498826580479	0
11792	139792.8520873574	1249.257589402932	0
11793	139793.8263403414	1249.498836268392	0
11794	139793.8262428778	1249.498834470521	0
11795	139798.7844444984	1250.294075440659	0
11796	139798.7844312482	1250.294061191047	0
11797	139799.7687087796	1250.486841167797	0
11798	139798.7839641644	1250.294047639544	0
11799	139799.7681076483	1250.486848919432	0
11800	139799.7684587913	1250.486845669195	0
11801	139804.7213051084	1251.304490859288	0
11802	139804.7218618706	1251.304527010893	0
11803	139805.6976690733	1251.544518935018	0
11804	139804.7213807231	1251.304524592358	0
11805	139805.6973621087	1251.544582966633	0
11806	139805.6972584527	1251.544521183312	0
11807	139806.6788315252	1251.758167576115	0
11808	139806.6791579933	1251.758172492621	0
11809	139807.6410948219	1252.056055710599	0
11810	139806.6783919153	1251.758202504986	0
11811	139807.6378314435	1252.057008154408	0
11812	139807.6410422233	1252.056040873461	0
11813	139808.6387126542	1252.191939850685	0
11814	139807.6404201171	1252.056047873169	0
11815	139808.6380734476	1252.191982202987	0
11816	139808.6386248113	1252.19194448211	0
11817	139817.6426228244	1252.980542944814	0
11818	139817.6439543608	1252.980535500017	0
11819	139818.6346704302	1253.153276467725	0
11820	139817.6423388952	1252.980535479938	0
11821	139818.6339660274	1253.153291119976	0
11822	139818.6345886687	1253.153279528146	0
11823	139830.6502279441	1254.199317001583	0
11824	139830.6511419336	1254.199330959673	0
11825	139831.6171988765	1254.479461420028	0
11826	139830.6502512341	1254.19931912563	0
11827	139831.6161965358	1254.479527200768	0
11828	139831.6171796689	1254.479459457571	0
11829	139862.7194422766	1256.00370487504	0
11830	139862.7194287951	1256.003708615197	0
11831	139863.7160570544	1256.118946398328	0
11832	139862.7174777711	1256.003740730575	0
11833	139863.7146435539	1256.118970313464	0
11834	139863.7161760022	1256.118943554452	0
11835	139876.7498474771	1256.851622935568	0
11836	139876.7506626306	1256.851609518926	0
11837	139877.7394536919	1257.021406129667	0
11838	139876.7464522392	1256.85169260423	0
11839	139877.7389571321	1257.021422896163	0
11840	139877.7392535348	1257.021407148439	0
11841	139889.7858985943	1257.422287224311	0
11842	139889.7859297488	1257.422293341889	0
11843	139890.777328364	1257.56642907717	0
11844	139889.7848010964	1257.422312188126	0
11845	139890.7755094719	1257.566477676088	0
11846	139890.7773488628	1257.566432001257	0
11847	139939.9716162326	1257.007943274062	0
11848	139939.971985927	1257.007943624277	0
11849	139940.9705079026	1257.118937614102	0
11850	139939.9695743872	1257.007952829619	0
11851	139940.9700071994	1257.118961108067	0
11852	139940.970529547	1257.118936243424	0
11853	139955.0250970212	1256.532954185604	0
11854	139955.0251016003	1256.532955858281	0
11855	139956.0172799112	1256.381422443554	0
11856	139955.0205087346	1256.533063642525	0
11857	139956.0157462097	1256.381433603207	0
11858	139956.0171771672	1256.381422256703	0
11859	139981.1045135873	1255.129008614696	0
11860	139981.1044576313	1255.129010493268	0
11861	139982.1007011371	1254.994290077221	0
11862	139981.1041164684	1255.129014275687	0
11863	139982.0994082227	1254.994283074294	0
11864	139982.1008174186	1254.994276149545	0
11865	139984.0977077195	1254.76975705569	0
11866	139984.0977609425	1254.7697459874	0
11867	139985.0819967603	1254.553642437343	0
11868	139984.0972182218	1254.769766116377	0
11869	139985.0802934773	1254.553620782897	0
11870	139985.081903127	1254.553640964825	0
11871	139991.0924111893	1254.003349207789	0
11872	139991.0921851681	1254.003346135003	0
11873	139992.0877740614	1253.881802266919	0
11874	139991.0931333075	1254.003313693239	0
11875	139992.0894250466	1253.881785261931	0
11876	139992.0896934657	1253.881771425278	0
11877	139995.0822224834	1253.512537231496	0
11878	139995.0827127841	1253.512475569563	0
11879	139996.0866991867	1253.404854669544	0
11880	139995.0853128377	1253.512485835526	0
11881	139996.0866172191	1253.404903503917	0
11882	139996.0866589553	1253.404897635766	0
11883	140000.10492478	1253.185044548902	0
11884	140000.104882889	1253.185043990429	0
11885	140001.1044697202	1253.055372097446	0
11886	140000.1060971797	1253.185084231675	0
11887	140001.1052970676	1253.055399163134	0
11888	140001.1044990141	1253.055376621573	0
11889	140027.2402335101	1253.705266577869	0
11890	140027.2401558177	1253.705260752923	0
11891	140028.2358799777	1253.855712818996	0
11892	140027.2386877651	1253.70522313008	0
11893	140028.2350078755	1253.855727284079	0
11894	140028.2357944647	1253.855713088844	0
11895	140108.6385356893	1255.161096029514	0
11896	140108.6385068566	1255.161097774	0
11897	140109.6036160995	1255.456042990528	0
11898	140108.6381444875	1255.161025282004	0
11899	140109.6026024382	1255.456059705695	0
11900	140109.6030549211	1255.456009669103	0
11901	140123.6740933737	1256.19062081541	0
11902	140123.6742526974	1256.19060717327	0
11903	140124.6436496788	1256.468870949953	0
11904	140123.6729567942	1256.190452593481	0
11905	140124.6421928867	1256.469000944757	0
11906	140124.6436105652	1256.468858178837	0
11907	140131.6577573798	1257.120185569995	0
11908	140131.6577350179	1257.120187594155	0
11909	140132.645620117	1257.316462167622	0
11910	140131.6531784339	1257.120153582531	0
11911	140132.644726942	1257.316472465757	0
11912	140132.6448664603	1257.316463952231	0
11913	140140.6956557925	1257.738424747732	0
11914	140140.6956525076	1257.738424775635	0
11915	140141.6838020723	1257.943386752332	0
11916	140140.6930640434	1257.738428007108	0
11917	140141.6801443929	1257.943480581038	0
11918	140141.6838294707	1257.943389850418	0
11919	140156.784784188	1258.839868320015	0
11920	140156.7849653363	1258.839865726282	0
11921	140157.7690508294	1259.047405153904	0
11922	140156.7841988627	1258.839885729266	0
11923	140157.7684902615	1259.047423085792	0
11924	140157.7690922866	1259.047407672434	0
11925	140171.8780700624	1259.757252083379	0
11926	140171.878385935	1259.75716470287	0
11927	140172.8594446488	1260.016398245492	0
11928	140171.8699857832	1259.76426704074	0
11929	140172.847757774	1260.152619335015	0
11930	140172.8612698152	1260.016217933641	0
11931	140173.8722768061	1260.025624355715	0
11932	140172.8592177543	1260.016440668627	0
11933	140173.8698967049	1260.025834189144	0
11934	140173.8702477039	1260.025823428969	0
11935	140208.151651058	1258.72019489302	0
11936	140208.1514794055	1258.720182898667	0
11937	140209.1545606223	1258.861064539609	0
11938	140208.1490834752	1258.720229338669	0
11939	140209.1510008054	1258.861469902386	0
11940	140209.1535807397	1258.861055029547	0
11941	140235.3737652076	1257.143039524984	0
11942	140235.3736837594	1257.143045327228	0
11943	140236.3750248856	1257.25334270925	0
11944	140235.3649698229	1257.143565067559	0
11945	140236.3748071664	1257.253314621266	0
11946	140236.3749083599	1257.253285811958	0
11947	140244.4370176788	1256.392431706483	0
11948	140244.4240665624	1256.39422641418	0
11949	140245.329552239	1256.002273580449	0
11950	140244.4374335152	1256.392405789737	0
11951	140245.4229811413	1256.091362887571	0
11952	140245.3291324764	1256.002331859992	0
11953	140246.3495762224	1255.734629391965	0
11954	140245.4238252252	1256.091258229287	0
11955	140246.3515384117	1255.734547181556	0
11956	140246.3518627039	1255.734519750533	0
11957	140259.4670586007	1254.3921418829	0
11958	140259.4670916031	1254.392141178537	0
11959	140260.4755696605	1254.272090253191	0
11960	140259.4672064063	1254.392137576166	0
11961	140260.4760831493	1254.272021766853	0
11962	140260.4754694721	1254.272059095118	0
11963	140265.5042498265	1253.637379011862	0
11964	140265.5048853062	1253.637382448789	0
11965	140266.4672739956	1253.295129503811	0
11966	140265.4988303312	1253.637751344562	0
11967	140266.4646168118	1253.295126993457	0
11968	140266.4646168128	1253.295126993469	0
11969	140281.638867694	1252.083080495367	0
11970	140281.6390648249	1252.083074412367	0
11971	140282.6303924248	1251.869407680595	0
11972	140281.6386595227	1252.083096074176	0
11973	140282.6261295856	1251.869541330193	0
11974	140282.6312752905	1251.869445598882	0
11975	140294.7675969335	1250.886001499548	0
11976	140294.7684586596	1250.8862423796	0
11977	140295.7344811244	1250.538987630087	0
11978	140294.7655906354	1250.886389907133	0
11979	140295.7306389054	1250.538777840674	0
11980	140295.7346855323	1250.538880355332	0
11981	140307.9385559879	1249.597639890229	0
11982	140307.9408278241	1249.597554467721	0
11983	140308.9543352831	1249.559774378319	0
11984	140307.9386761365	1249.597617629981	0
11985	140308.9521219869	1249.559924650104	0
11986	140308.9540655532	1249.559827835681	0
11987	140321.2045851212	1248.624368021256	0
11988	140321.2039618591	1248.624514525099	0
11989	140322.1765030005	1248.285214174579	0
11990	140321.2015006965	1248.624561731217	0
11991	140322.1660300994	1248.285538295717	0
11992	140322.1763223216	1248.285266575104	0
11993	140344.7712595906	1246.377045702721	0
11994	140344.7709272224	1246.377106861988	0
11995	140345.7965482788	1246.227189299728	0
11996	140344.7667477282	1246.377346954424	0
11997	140345.7935281926	1246.227042538065	0
11998	140345.7928812707	1246.22763423236	0
11999	140354.4875726633	1245.383029281565	0
12000	140354.4608752244	1245.392760152477	0
12001	140354.5611585964	1245.35842380321	0
12002	140354.4870443646	1245.383626248372	0
12003	140355.751114115	1244.91243326473	0
12004	140355.7401092901	1244.914950069143	0
12005	140356.7214883527	1244.621087047421	0
12006	140355.7529593548	1244.91238877242	0
12007	140356.7334118125	1244.619745622154	0
12008	140356.7324532933	1244.619917832567	0
12009	140357.7232555563	1244.327443167877	0
12010	140357.7172542247	1244.328338112439	0
12011	140358.7131805123	1244.019902535363	0
12012	140357.722327432	1244.327690025892	0
12013	140358.7256310286	1244.019788803208	0
12014	140358.7132906845	1244.01988866003	0
12015	140359.7253939502	1243.721160547415	0
12016	140359.7082826505	1243.723126123186	0
12017	140360.7507828405	1243.40751287588	0
12018	140359.7297465785	1243.720641439231	0
12019	140360.7542090054	1243.407706221648	0
12020	140360.749644799	1243.407826940887	0
12021	140363.867314319	1242.794332105524	0
12022	140363.8834853057	1242.790936108947	0
12023	140364.9316110672	1242.497079978703	0
12024	140363.8562132726	1242.797706919143	0
12025	140364.9130728091	1242.501657391047	0
12026	140364.9233533223	1242.499224950285	0
12027	140365.9845117121	1241.915822356683	0
12028	140365.9937868668	1241.912608729992	0
12029	140366.0912934564	1241.879410528998	0
12030	140366.0178208225	1241.909559300863	0
12031	140367.3603763142	1241.827987639858	0
12032	140367.356312431	1241.82865397518	0
12033	140368.5044536319	1241.630329665932	0
12034	140367.3609744289	1241.825113946406	0
12035	140368.5042427629	1241.629733726437	0
12036	140368.5068544048	1241.629894784335	0
12037	140371.816511761	1241.069358879404	0
12038	140371.7659945292	1241.068644956103	0
12039	140372.8613528225	1240.740046725057	0
12040	140371.8249375768	1241.068356870894	0
12041	140372.9155407712	1240.740732718169	0
12042	140372.7576544944	1240.675117894967	0
12043	140373.0222477712	1240.642880538652	0
12044	140372.9127814855	1240.741063656733	0
12045	140379.9157777588	1239.581924078713	0
12046	140379.800564994	1239.581265383418	0
12047	140379.9028400572	1239.580386811284	0
12048	140379.9047750156	1239.581401546504	0
12049	140384.8710417011	1239.406626670559	0
12050	140384.8793684371	1239.398665079278	0
12051	140385.0328046281	1239.404397381291	0
12052	140384.9786882852	1239.413028769937	0
12053	140390.4666495782	1240.321417895227	0
12054	140390.4413692738	1240.318109373571	0
12055	140391.6319322234	1240.467624779386	0
12056	140390.517434202	1240.317170584518	0
12057	140391.6449974683	1240.468173266394	0
12058	140391.6280735907	1240.467802631438	0
12059	140392.7770096618	1240.642192076554	0
12060	140392.7751101762	1240.642338644661	0
12061	140393.9189542739	1240.806835461593	0
12062	140392.8129437971	1240.641608843087	0
12063	140393.94071531	1240.807313313836	0
12064	140393.9196574316	1240.807162709023	0
12065	140400.5555842328	1241.545958565904	0
12066	140400.5823315076	1241.544573297948	0
12067	140402.7695620453	1241.828008674471	0
12068	140400.5555842338	1241.545958565811	0
12069	140402.7559872621	1241.828418569331	0
12070	140402.7559872612	1241.828418569457	0
12071	140403.9834066594	1241.943073996621	0
12072	140403.9802881164	1241.942340909852	0
12073	140404.0407308697	1241.953521103925	0
12074	140404.0438390038	1241.95449214367	0
12075	140416.6605925989	1243.705026069788	0
12076	140416.6601273332	1243.70471477742	0
12077	140417.6396832356	1244.131786128928	0
12078	140416.6843752398	1243.704263936138	0
12079	140417.6414070939	1244.13199417363	0
12080	140417.6416998532	1244.131999764327	0
12081	140446.7706750692	1247.851899260187	0
12082	140446.763321921	1247.852014035445	0
12083	140447.7447184543	1247.563905930021	0
12084	140446.7815504188	1247.853281247844	0
12085	140447.7525587439	1247.564289404417	0
12086	140447.7457563764	1247.5639068239	0
12087	140452.7247214737	1248.104860799454	0
12088	140452.7256541867	1248.104794042803	0
12089	140452.8737587625	1248.113557093279	0
12090	140452.8724482271	1248.113416622133	0
12091	140455.6288195325	1248.20637237286	0
12092	140455.619297344	1248.205580593936	0
12093	140456.6217488036	1248.224785003584	0
12094	140455.6286744232	1248.206334064703	0
12095	140456.6229515331	1248.225134901096	0
12096	140456.6234583484	1248.225132991957	0
12097	140487.5385687044	1252.305234894648	0
12098	140487.5340058283	1252.305220604778	0
12099	140487.5744029565	1252.308531320095	0
12100	140487.5299874737	1252.304996692587	0
12101	140519.6829012375	1253.295899031446	0
12102	140519.6824560153	1253.295817728834	0
12103	140520.6227419992	1253.663298202938	0
12104	140519.6829031662	1253.295975487796	0
12105	140520.6227799737	1253.663349349365	0
12106	140520.6233159237	1253.663319131294	0
12107	140540.8980864863	1254.9377580931	0
12108	140540.8980441604	1254.937758333732	0
12109	140541.9015070103	1254.812724547417	0
12110	140540.8949220291	1254.937758288037	0
12111	140541.8992497682	1254.812643583764	0
12112	140541.8991098252	1254.812635032996	0
12113	140550.0049994453	1254.962246529482	0
12114	140550.0058503088	1254.962252107955	0
12115	140550.9976476051	1255.146928861417	0
12116	140550.0060622605	1254.962281202165	0
12117	140550.9964465245	1255.14688425468	0
12118	140550.9973391682	1255.146918875166	0
12119	140574.2908939516	1255.889976863113	0
12120	140574.2909351035	1255.889893771759	0
12121	140575.2949113774	1256.057752336799	0
12122	140574.2911043869	1255.889987928284	0
12123	140575.293146948	1256.057666675105	0
12124	140575.2948605967	1256.057751630574	0
12125	140625.7978034969	1256.760043540653	0
12126	140625.7973200839	1256.760051305678	0
12127	140626.7996466677	1256.696905884917	0
12128	140625.7958024092	1256.760025861351	0
12129	140626.7996537754	1256.696909235689	0
12130	140626.7990447124	1256.696849292672	0
12131	140631.8244263602	1256.467254714043	0
12132	140631.8257254774	1256.467248618568	0
12133	140632.8299014952	1256.376553608778	0
12134	140631.8253180181	1256.467295493977	0
12135	140632.829497937	1256.376524812002	0
12136	140632.8296915745	1256.37652225984	0
12137	140637.8668028828	1256.100905394148	0
12138	140637.8669335702	1256.100903255893	0
12139	140638.8653899395	1255.96657494501	0
12140	140637.8657338822	1256.100865135137	0
12141	140638.8647348314	1255.966519211256	0
12142	140638.8653127936	1255.96658789602	0
12143	140654.9659992799	1255.416940558575	0
12144	140654.9661006561	1255.416937333983	0
12145	140655.9415085953	1255.168950502396	0
12146	140654.9659774049	1255.416945681178	0
12147	140655.9410733605	1255.168931107254	0
12148	140655.9426131673	1255.168966037013	0
12149	140686.1335056633	1254.290092142513	0
12150	140686.1356859886	1254.290191889682	0
12151	140687.1245788688	1254.106325245997	0
12152	140686.1333771029	1254.290083439553	0
12153	140687.1234750289	1254.106271347786	0
12154	140687.1230487454	1254.106319547915	0
12155	140719.3180642777	1254.298722891294	0
12156	140719.3180941231	1254.298722924505	0
12157	140720.2985465614	1254.073477962696	0
12158	140719.3169337902	1254.298726993724	0
12159	140720.2978778429	1254.073429059242	0
12160	140720.2983756606	1254.073491213927	0
12161	140761.5467798201	1254.71083384616	0
12162	140761.5449286645	1254.710779846603	0
12163	140773.6048605942	1254.416524575882	0
12164	140761.5457295474	1254.710809489832	0
12165	140768.6268904558	1255.00324336591	0
12166	140768.6268950646	1255.003240589984	0
12167	140769.6361535273	1255.00682985078	0
12168	140769.6359302705	1255.006858578483	0
12169	140773.6052854627	1254.416542294232	0
12170	140773.6051812275	1254.41637863483	0
12171	140774.6064980961	1254.372953297377	0
12172	140773.6051617817	1254.416537696266	0
12173	140774.6080794521	1254.373056350643	0
12174	140774.6082258851	1254.373064817533	0
12175	140789.6231606023	1255.584884033297	0
12176	140789.6236090172	1255.584894389706	0
12177	140790.621245783	1255.696967665513	0
12178	140789.6229906552	1255.584910345706	0
12179	140790.6203307294	1255.696973516753	0
12180	140790.6214574096	1255.696974845837	0
12181	140806.6598171813	1256.546446108364	0
12182	140806.6598771863	1256.546449610379	0
12183	140807.6641808341	1256.478991114742	0
12184	140806.6594938127	1256.546442879568	0
12185	140807.662676194	1256.478973948276	0
12186	140807.6641625359	1256.478991297915	0
12187	140848.8123444727	1256.067034509795	0
12188	140848.8121268949	1256.067029679349	0
12189	140849.8076658665	1256.192291606548	0
12190	140848.8109448625	1256.066996553054	0
12191	140849.8078513623	1256.192302807774	0
12192	140849.8078108864	1256.192303148636	0
12193	140884.9345173465	1255.016862076729	0
12194	140884.9348442848	1255.016861044494	0
12195	140885.9270961037	1254.868677728737	0
12196	140884.9331497189	1255.01684993286	0
12197	140885.9268741105	1254.868664425429	0
12198	140885.9270898463	1254.868686729691	0
12199	140887.9359250083	1254.810597186994	0
12200	140887.9361891263	1254.810600432239	0
12201	140888.9396763556	1254.752398981038	0
12202	140887.9356109484	1254.810602919414	0
12203	140888.9395156866	1254.752403158197	0
12204	140888.9395159226	1254.752403197751	0
12205	140894.9629726795	1254.642180720624	0
12206	140894.9658261394	1254.642209785477	0
12207	140895.9683806679	1254.699863743547	0
12208	140894.9633622156	1254.642168942251	0
12209	140895.9675132198	1254.6998320877	0
12210	140895.9681957542	1254.699859581494	0
12211	140919.0131099664	1255.723601016879	0
12212	140919.013449873	1255.723594618542	0
12213	140920.0054819963	1255.888133274107	0
12214	140919.0128672815	1255.723573758424	0
12215	140920.0044053126	1255.888106442845	0
12216	140920.004894582	1255.88811031622	0
12217	140943.0303329623	1257.310015200383	0
12218	140943.0304469772	1257.31001443172	0
12219	140944.0328583635	1257.231884028204	0
12220	140943.0302372249	1257.310014622837	0
12221	140944.0312516988	1257.231818854907	0
12222	140944.0330872331	1257.23189791027	0
12223	140957.0647582074	1257.834515232197	0
12224	140957.0648259832	1257.83451566607	0
12225	140958.0577636952	1257.975049874772	0
12226	140957.0641729925	1257.834507495816	0
12227	140958.0577569803	1257.975053774326	0
12228	140958.0581374379	1257.975053750419	0
12229	141005.2227659058	1257.465098761696	0
12230	141005.223376559	1257.465108340911	0
12231	141006.2190519703	1257.350198537016	0
12232	141005.222783473	1257.465097908771	0
12233	141006.2185727452	1257.350195296677	0
12234	141006.2189933904	1257.350199810501	0
12235	141023.2840402081	1257.282322135735	0
12236	141023.2839380387	1257.282321047036	0
12237	141024.2880965901	1257.231036485804	0
12238	141023.2840169599	1257.282324059116	0
12239	141024.2881693226	1257.231022922804	0
12240	141024.2876159177	1257.231033522758	0
12241	141029.304955058	1257.235765619774	0
12242	141029.304975357	1257.23575801536	0
12243	141030.3100806321	1257.246239879373	0
12244	141029.3045853377	1257.235745297385	0
12245	141030.3094758784	1257.246212249397	0
12246	141030.3095042236	1257.24621746604	0
12247	141032.3121063819	1257.338700716147	0
12248	141032.3136617438	1257.338720209065	0
12249	141033.3089029036	1257.457197462538	0
12250	141032.3121474015	1257.338698412327	0
12251	141033.3087422719	1257.457186543008	0
12252	141033.3088634756	1257.457199153065	0
12253	141045.3062517242	1258.510887413843	0
12254	141045.3072804316	1258.510913538313	0
12255	141046.3020426892	1258.615970229236	0
12256	141045.3061884026	1258.510880668504	0
12257	141046.3013631554	1258.615956405553	0
12258	141046.3013784373	1258.615958520956	0
12259	141049.2973755392	1258.959575340809	0
12260	141049.2979247496	1258.959579695294	0
12261	141050.2816164223	1259.142935810815	0
12262	141049.2970849289	1258.959561325786	0
12263	141050.2815456591	1259.142948060225	0
12264	141050.281866844	1259.142954934796	0
12265	141101.3409801223	1263.046043712466	0
12266	141101.341244135	1263.046053963511	0
12267	141102.3285007239	1263.217002519322	0
12268	141101.3409054102	1263.046044379043	0
12269	141102.3281411041	1263.216945180147	0
12270	141102.3285007229	1263.21700251954	0
12271	141119.288198485	1265.220460679042	0
12272	141119.2877850395	1265.220447724761	0
12273	141120.2577533673	1265.483475394721	0
12274	141119.2882995771	1265.220455971392	0
12275	141120.2579805119	1265.483472478643	0
12276	141120.2577587835	1265.48347844292	0
12277	141122.2356630444	1265.839583253413	0
12278	141122.2339024863	1265.839663230019	0
12279	141123.2104664305	1266.077455027321	0
12280	141122.2348859336	1265.839586804133	0
12281	141123.2106763274	1266.077455123403	0
12282	141123.2104430273	1266.077458729338	0
12283	141125.1657350568	1266.528907346108	0
12284	141125.1656819108	1266.528924796906	0
12285	141126.1379283831	1266.780460128976	0
12286	141125.167255117	1266.528887380249	0
12287	141126.13842893	1266.780471508228	0
12288	141126.138298485	1266.780460909822	0
12289	141128.1245389926	1267.091218639379	0
12290	141128.1237869051	1267.091211286913	0
12291	141129.0902244718	1267.359844832885	0
12292	141128.1248615913	1267.091200197717	0
12293	141129.0909199296	1267.359861698056	0
12294	141129.0908889002	1267.359835154899	0
12295	141131.0555235868	1267.782496487787	0
12296	141131.0555682175	1267.78249058343	0
12297	141132.0222713566	1268.054894083864	0
12298	141131.0565581785	1267.782506122911	0
12299	141132.0239435984	1268.054961930545	0
12300	141132.0229025108	1268.054926113049	0
12301	141133.9676892121	1268.55026171693	0
12302	141133.9677610523	1268.550278176784	0
12303	141134.9487104446	1268.758891557811	0
12304	141133.9682454989	1268.550299403882	0
12305	141134.9508463142	1268.758929620441	0
12306	141134.9487104437	1268.758891558093	0
12307	141136.9086495028	1269.197778082371	0
12308	141136.9082334597	1269.19776258908	0
12309	141137.8882160543	1269.413751789325	0
12310	141136.9087706283	1269.197791011387	0
12311	141137.8893114107	1269.413802768247	0
12312	141137.8893646217	1269.413825973911	0
12313	141148.8059810431	1271.072940119926	0
12314	141148.8059994193	1271.072943016226	0
12315	141149.7821813326	1271.312142725538	0
12316	141148.8083974315	1271.072992308746	0
12317	141149.7826191347	1271.312144286071	0
12318	141149.7824809141	1271.312149814106	0
12319	141154.7437845523	1272.069900152709	0
12320	141154.7438944196	1272.069917479927	0
12321	141155.7249243862	1272.280430159346	0
12322	141154.748094636	1272.069987912838	0
12323	141155.725440979	1272.280436732776	0
12324	141155.7248927536	1272.280428603994	0
12325	141158.6508410222	1272.989737105568	0
12326	141158.6300483649	1273.108922318256	0
12327	141159.6334479358	1273.18389643107	0
12328	141158.6508858545	1272.9897464537	0
12329	141159.6371616472	1273.181476310185	0
12330	141159.6368993995	1273.181461571578	0
12331	141160.6292413297	1273.338975450282	0
12332	141160.6292698171	1273.338979038708	0
12333	141161.6041492043	1273.579208684629	0
12334	141160.6303846531	1273.338998993687	0
12335	141161.6052363398	1273.579239281654	0
12336	141161.6042585596	1273.579211420192	0
12337	141164.5725823087	1274.083039976481	0
12338	141164.5724941034	1274.083039115255	0
12339	141165.5634428688	1274.240243625672	0
12340	141164.5756399091	1274.08325493088	0
12341	141165.5643360982	1274.240319100337	0
12342	141165.564337431	1274.240315075097	0
12343	141176.5274409349	1275.536352740507	0
12344	141176.5274017223	1275.536346729169	0
12345	141177.5079682383	1275.758799433108	0
12346	141176.5275859245	1275.536354114625	0
12347	141177.5082614691	1275.758840683152	0
12348	141177.5081552303	1275.7588028302	0
12349	141232.499774153	1280.140954184607	0
12350	141232.4988637722	1280.140918250919	0
12351	141233.4959646794	1280.246629491774	0
12352	141232.4998511101	1280.140956815006	0
12353	141233.49637151	1280.246642995382	0
12354	141233.4966309128	1280.246646342968	0
12355	141236.463976464	1280.731384807575	0
12356	141236.4634510981	1280.734480191396	0
12357	141237.4574170604	1280.828742869938	0
12358	141236.4639799295	1280.731389901545	0
12359	141237.4583235792	1280.827169041097	0
12360	141237.4585455034	1280.827177795009	0
12361	141346.788163337	1283.242394580995	0
12362	141346.7880273662	1283.242385702229	0
12363	141347.7773140683	1283.402511408464	0
12364	141346.7888146536	1283.24239101969	0
12365	141347.7787742684	1283.402538318246	0
12366	141347.7774482159	1283.402518254135	0
12367	141350.7585373306	1283.824031323402	0
12368	141350.7587724488	1283.824039457838	0
12369	141351.7518606818	1283.959414023486	0
12370	141350.75894249	1283.824031380454	0
12371	141351.7521543415	1283.959419967667	0
12372	141351.7520388326	1283.959415835519	0
12373	141367.7203433088	1285.586709132423	0
12374	141367.7201260951	1285.586693885704	0
12375	141368.7121128885	1285.734315190932	0
12376	141367.7208064806	1285.586717121198	0
12377	141368.7136974143	1285.734380037735	0
12378	141368.71245974	1285.734314429813	0
12379	141383.7030293182	1287.133543272363	0
12380	141383.702918522	1287.133536169791	0
12381	141384.7028459841	1287.173852365697	0
12382	141383.7031677229	1287.133556914179	0
12383	141384.7045694846	1287.173920392531	0
12384	141384.703281496	1287.173861572538	0
12385	141424.7847476887	1289.197239185702	0
12386	141424.7847388616	1289.197237191695	0
12387	141425.7865132843	1289.128217272581	0
12388	141424.7874788057	1289.197378942087	0
12389	141425.7870932	1289.12823557429	0
12390	141425.7865544688	1289.128214499202	0
12391	141460.9037028384	1289.291480273716	0
12392	141460.9035295445	1289.291478070629	0
12393	141461.9058308697	1289.252945958444	0
12394	141460.9054471088	1289.291589401189	0
12395	141461.9062647638	1289.252965765188	0
12396	141461.9058998546	1289.25294681555	0
12397	141463.9086821436	1289.125488085826	0
12398	141463.9080285318	1289.125472863412	0
12399	141464.9051977306	1289.019656162775	0
12400	141463.9086205219	1289.125496699855	0
12401	141464.9052635226	1289.019671228634	0
12402	141464.9050582216	1289.019657249598	0
12403	141506.0017198317	1287.250582020836	0
12404	141506.001733097	1287.250581893369	0
12405	141506.9962537996	1287.117311800583	0
12406	141506.0029682609	1287.250661484525	0
12407	141506.9967512911	1287.117324664279	0
12408	141506.9962426686	1287.11731468588	0
12409	141514.9704443879	1286.212900410031	0
12410	141514.9710125768	1286.212885886093	0
12411	141515.9661062767	1286.095283514158	0
12412	141514.9696625615	1286.212926561969	0
12413	141515.9658806898	1286.095283053197	0
12414	141515.9661502036	1286.095280350011	0
12415	141517.95500971	1285.827152156193	0
12416	141517.9550764506	1285.827141504877	0
12417	141518.9417455515	1285.638967477081	0
12418	141517.9546442691	1285.82714702929	0
12419	141518.9411334515	1285.63893277466	0
12420	141518.941704795	1285.638971524724	0
12421	141520.934535329	1285.415439210592	0
12422	141520.9343047923	1285.41543899719	0
12423	141521.9262135375	1285.265477176413	0
12424	141520.9345126172	1285.415442173314	0
12425	141521.9262698472	1285.265462953413	0
12426	141521.9264878798	1285.265472240387	0
12427	141532.9278419678	1284.401360726681	0
12428	141532.9279288928	1284.401366261874	0
12429	141533.922783632	1284.280525717257	0
12430	141532.9276218983	1284.401368966435	0
12431	141533.9225256119	1284.280538412916	0
12432	141533.9227810247	1284.280530165885	0
12433	141547.8854007097	1282.813750593457	0
12434	141547.8853049676	1282.813744266151	0
12435	141548.8699971515	1282.623920830389	0
12436	141547.8845755722	1282.813773488589	0
12437	141548.8691099404	1282.623916607488	0
12438	141548.8693323854	1282.623896952147	0
12439	141550.8485587484	1282.29586804239	0
12440	141550.8484844267	1282.295890133239	0
12441	141551.8327892042	1282.101169870002	0
12442	141550.8483848433	1282.295885478043	0
12443	141551.8320158487	1282.101175484947	0
12444	141551.8324904176	1282.101179981878	0
12445	141559.806594702	1281.206070680432	0
12446	141559.8068321381	1281.206045041416	0
12447	141560.791605661	1281.015789432586	0
12448	141559.8063670233	1281.206044865648	0
12449	141560.79061374	1281.01578387614	0
12450	141560.7915527102	1281.015792946562	0
12451	141571.7749123762	1279.924339193524	0
12452	141571.7747834901	1279.924335901907	0
12453	141572.7682218485	1279.794249261078	0
12454	141571.7746705599	1279.924311302723	0
12455	141572.7670638055	1279.794238132941	0
12456	141572.7682218495	1279.794249260983	0
12457	141593.7588185489	1278.118375231026	0
12458	141593.7588517451	1278.118377090934	0
12459	141594.7531270119	1277.986931134725	0
12460	141593.7587839654	1278.118379909874	0
12461	141594.7523390921	1277.986950552493	0
12462	141594.7531437828	1277.986927889619	0
12463	141595.7403015708	1277.810367247	0
12464	141595.7400999565	1277.810366091904	0
12465	141596.7143656052	1277.574149426579	0
12466	141595.7407471628	1277.810361973768	0
12467	141596.7157270836	1277.574171821027	0
12468	141596.7157266268	1277.574172120013	0
12469	141668.4046990006	1277.776085222185	0
12470	141668.3922484783	1277.775982006928	0
12471	141668.4141331851	1277.776201145923	0
12472	141668.4048675396	1277.776081814059	0
12473	141714.0165005794	1276.528030779353	0
12474	141714.0163824487	1276.528041234189	0
12475	141715.0189854236	1276.573751076604	0
12476	141714.0176369125	1276.52801848442	0
12477	141715.0193147479	1276.573736885418	0
12478	141715.0193147489	1276.573736885388	0
12479	141792.039581467	1273.318857281908	0
12480	141791.9787297791	1273.408662548258	0
12481	141790.6276646826	1274.000053547169	0
12482	141790.6095716847	1274.012169921326	0
12483	141791.6401382911	1273.473124967073	0
12484	141791.6433290663	1273.470913915494	0
12485	141791.3174611833	1272.882016188644	0
12486	141791.3192000518	1272.885814550442	0
12487	141791.9866886281	1273.281091993895	0
12488	141791.983876637	1273.274516843038	0
12489	141792.5173158207	1272.807195336747	0
12490	141792.5169315465	1272.804680878495	0
12491	141792.4405556243	1273.254224333295	0
12492	141792.430199354	1273.252880563086	0
12493	141792.0713441151	1273.345172638692	0
12494	141792.0345462606	1273.315297489855	0
12495	141792.7854546519	1274.26481538081	0
12496	141792.7848065234	1274.263297575649	0
12497	141797.7655651871	1276.569632092986	0
12498	141797.7667005421	1276.570086931616	0
12499	141902.7878434985	1278.522445001501	0
12500	141902.7868440254	1278.522434722856	0
12501	141903.7749914313	1278.351841402797	0
12502	141902.7878664106	1278.522444443922	0
12503	141903.7755725839	1278.351862156922	0
12504	141903.7748186094	1278.351843495748	0
12505	142038.0577653666	1271.383615183821	0
12506	142038.0577916928	1271.383612673013	0
12507	142039.0560968869	1271.279261461146	0
12508	142038.0579384208	1271.383617081034	0
12509	142039.0561941756	1271.279264541151	0
12510	142039.0561936679	1271.279264545341	0
12511	142050.0397655948	1270.207340834786	0
12512	142050.0395225232	1270.207334895054	0
12513	142051.0419719967	1270.189442669262	0
12514	142050.0397626315	1270.207335756656	0
12515	142051.0428095924	1270.189442718292	0
12516	142051.0420300955	1270.189438989768	0
12517	142184.24761507	1262.999772642474	0
12518	142184.2454730775	1262.994733807602	0
12519	149607.2634358792	1236.510817265029	0
12520	142184.2475116524	1262.99978046313	0
12521	142226.3214579138	1266.477648798708	0
12522	142226.3331710582	1266.491505020832	0
12523	142227.3065244717	1266.270041824247	0
12524	142226.3212220032	1266.477644053322	0
12525	142227.2997833398	1266.268944470671	0
12526	142227.2998434149	1266.268943180016	0
12527	142236.2615575745	1265.212601985154	0
12528	142236.2623864562	1265.212603535264	0
12529	142237.2539729174	1265.069943818744	0
12530	142236.2615040803	1265.212601867449	0
12531	142237.253781356	1265.069959033692	0
12532	142237.2537729228	1265.069959214675	0
12533	142353.3424508155	1258.438458502234	0
12534	142353.3424132805	1258.438457114669	0
12535	142354.3436927678	1258.477088371795	0
12536	142353.3426562958	1258.438422522564	0
12537	142354.3434885769	1258.47708300498	0
12538	142354.3437091645	1258.477083005467	0
12539	142470.532513695	1262.334486425003	0
12540	142470.5324730918	1262.334490956753	0
12541	142471.5335389872	1262.384508164041	0
12542	142470.5323816336	1262.334476424079	0
12543	142471.5340311676	1262.384501857316	0
12544	142471.533547691	1262.384508129851	0
12545	142497.4781178488	1264.624042080698	0
12546	142497.4782245738	1264.624045084136	0
12547	142498.4777100238	1264.688871366158	0
12548	142497.4783337933	1264.624033134099	0
12549	142498.4777125605	1264.688870152859	0
12550	142498.4777711954	1264.688876214255	0
12551	142923.833976636	1282.312617831141	0
12552	142923.8338879408	1282.312616669166	0
12553	142924.8201557317	1282.487134398725	0
12554	142923.8340224838	1282.312618298404	0
12555	142924.8203429668	1282.487133274815	0
12556	142924.820114371	1282.487133306513	0
12557	143046.735927976	1291.542531338391	0
12558	143046.7359834546	1291.54253377627	0
12559	143047.737561382	1291.560927382365	0
12560	143046.7360970661	1291.542542126109	0
12561	143047.7377076276	1291.560933755133	0
12562	143047.7376062136	1291.560927205356	0
12563	143136.8927653595	1290.960665667067	0
12564	143136.8927448861	1290.960669130747	0
12565	143137.8939229937	1290.969592239313	0
12566	143136.8928059323	1290.960663078489	0
12567	143137.8941106896	1290.969591754788	0
12568	143137.8940981482	1290.969594008577	0
12569	143260.0024721945	1296.493200411345	0
12570	143260.0023962078	1296.493199578982	0
12571	143261.0017170434	1296.562435570282	0
12572	143260.0026289213	1296.493205691796	0
12573	143261.0019254065	1296.562443999166	0
12574	143261.001738267	1296.562436053718	0
12575	143316.0881997213	1298.290515868384	0
12576	143316.0882224934	1298.290520409664	0
12577	143317.0899258945	1298.26147530728	0
12578	143316.0888267282	1298.290565035622	0
12579	143317.0899907691	1298.261486099254	0
12580	143317.089964485	1298.26147513492	0
12581	143318.090573807	1298.210598621101	0
12582	143318.0904811391	1298.210600163071	0
12583	143319.0913620554	1298.150886420392	0
12584	143318.0905856005	1298.210614346061	0
12585	143319.0914404977	1298.150891860427	0
12586	143319.0913174973	1298.150887272625	0
12587	143334.0782133506	1297.024888936038	0
12588	143334.0780374097	1297.024883513996	0
12589	143335.074410471	1296.923796077168	0
12590	143334.078217937	1297.024890218543	0
12591	143335.074772363	1296.923805489191	0
12592	143335.0746308943	1296.923792576477	0
12593	143358.0196160818	1294.766648782192	0
12594	143358.0197207097	1294.766645726466	0
12595	143359.0171673776	1294.675144591031	0
12596	143358.0198834012	1294.766648940375	0
12597	143359.0175758816	1294.675136806635	0
12598	143359.0174213035	1294.675137940591	0
12599	143418.0480350339	1291.68483846303	0
12600	143418.0480094265	1291.684838493982	0
12601	143419.0475136891	1291.61842184106	0
12602	143418.0480026588	1291.684835146066	0
12603	143419.0476002049	1291.618417662579	0
12604	143419.0476507494	1291.618420907118	0
12605	143461.1198687697	1290.559266114503	0
12606	143461.1198331608	1290.559266647921	0
12607	143462.1180770703	1290.47655125082	0
12608	143461.1202159127	1290.559285809275	0
12609	143462.1182876162	1290.476553899401	0
12610	143462.1182398479	1290.476553794913	0
12611	143495.0443312877	1287.415204913559	0
12612	143495.0443361664	1287.41520287312	0
12613	143497.0335916059	1287.181299491144	0
12614	143495.0450516086	1287.41522606662	0
12615	143497.0337934604	1287.181304976042	0
12616	143497.0338022404	1287.181304732914	0
12617	143531.8746079436	1283.252879824983	0
12618	143531.8745983349	1283.252879504723	0
12619	143532.868210225	1283.126580543782	0
12620	143531.8743343184	1283.252873435986	0
12621	143532.8682186108	1283.126592286808	0
12622	143532.868236026	1283.126582917159	0
12623	143561.733948177	1279.809455070568	0
12624	143561.7335246786	1279.809452290195	0
12625	143562.7265205199	1279.679890678351	0
12626	143561.7339976452	1279.809450713919	0
12627	143562.72680776	1279.679890009808	0
12628	143562.7266345045	1279.67988808155	0
12629	143646.6308245785	1273.427141103029	0
12630	143646.6309167558	1273.427139140959	0
12631	143647.6280692755	1273.337991421769	0
12632	143646.6309951088	1273.427136238997	0
12633	143647.6283231161	1273.33798691901	0
12634	143647.628301299	1273.337987228029	0
12635	143718.7018438262	1271.042570394994	0
12636	143718.7021854775	1271.042571276742	0
12637	143719.6997003812	1270.951882752478	0
12638	143718.7018802479	1271.042569385526	0
12639	143719.6994401615	1270.951886748284	0
12640	143719.6994481283	1270.951886493517	0
12641	143783.791785123	1269.853537862714	0
12642	143783.7916330402	1269.853533424706	0
12643	143784.7900365221	1269.772786728404	0
12644	143783.7917977701	1269.853537390456	0
12645	143784.790399814	1269.772793111307	0
12646	143784.7903709174	1269.772784917781	0
12647	143836.6554848467	1264.95442177886	0
12648	143836.65548796	1264.954421626599	0
12649	143837.6549527685	1264.902986150558	0
12650	143836.6554849278	1264.954409841362	0
12651	143837.6549347779	1264.902982148244	0
12652	143837.6549651144	1264.902985744592	0
12653	143841.6594710475	1264.813650287226	0
12654	143841.6594842354	1264.81365043726	0
12655	143842.6600030591	1264.790235645307	0
12656	143841.6594620328	1264.813650983266	0
12657	143842.6597540217	1264.790237064097	0
12658	143842.6599222343	1264.79023572089	0
12659	143849.6693454261	1264.755236109446	0
12660	143849.669339397	1264.755236141525	0
12661	143850.6686989479	1264.686070220978	0
12662	143849.6692737819	1264.755235909779	0
12663	143850.6685390036	1264.686064037992	0
12664	143850.6686604151	1264.686069181706	0
12665	143852.670212955	1264.605853741282	0
12666	143852.6701682394	1264.605857850531	0
12667	143853.6670446892	1264.510679753726	0
12668	143852.6702635873	1264.605860977764	0
12669	143853.6671452601	1264.510680175967	0
12670	143853.6671279809	1264.510681584089	0
12671	144131.7828009074	1252.235311748243	0
12672	144131.7828853728	1252.235305980702	0
12673	144132.777008776	1252.118883480817	0
12674	144131.7828476409	1252.235312423344	0
12675	144132.7776617785	1252.118909146688	0
12676	144132.7769814786	1252.118886036758	0
12677	144146.6936976782	1250.381982104	0
12678	144146.6937231812	1250.381976840846	0
12679	144147.6824544874	1250.221257399387	0
12680	144146.6938375167	1250.381990694883	0
12681	144147.6826298995	1250.221250275555	0
12682	144147.6824462256	1250.221258445865	0
12683	144237.3356723897	1240.72555329662	0
12684	144237.3358328936	1240.725543941949	0
12685	144238.3328962576	1240.634925221767	0
12686	144237.335734861	1240.725552919257	0
12687	144238.3328599133	1240.634931000866	0
12688	144238.3328999118	1240.634925746665	0
12689	144248.2999539568	1239.626881461566	0
12690	144248.3000145219	1239.626876564601	0
12691	144249.2930324638	1239.49802526589	0
12692	144248.299988826	1239.62687830051	0
12693	144249.2930705124	1239.498022835808	0
12694	144249.2930488291	1239.498022396765	0
12695	144389.170812056	1229.55206254227	0
12696	144389.1708316101	1229.552061051669	0
12697	144390.1679732292	1229.454585261834	0
12698	144389.171294541	1229.552045826804	0
12699	144390.1680164538	1229.454582883563	0
12700	144390.1679732302	1229.454585261817	0
12701	144393.1661411595	1229.242725233154	0
12702	144393.1661151979	1229.242726627244	0
12703	144394.1622579528	1229.134091379239	0
12704	144393.1661692964	1229.242721773264	0
12705	144394.1623886733	1229.13408029193	0
12706	144394.1622666589	1229.13409894337	0
12707	144423.1686017382	1227.474075072194	0
12708	144423.1686118607	1227.474073347931	0
12709	144424.1702535812	1227.460786138912	0
12710	144423.1686537327	1227.474068404289	0
12711	144424.1702948905	1227.460777239398	0
12712	144424.1702535822	1227.460786138809	0
12713	144532.3784695147	1227.771583836053	0
12714	144532.3785249962	1227.771592651224	0
12715	144533.3789891302	1227.821286762085	0
12716	144532.3784695138	1227.771583835886	0
12717	144533.3792125949	1227.821279315384	0
12718	144533.3789738288	1227.821285745667	0
12719	144579.3812598663	1230.601854073678	0
12720	144579.3812638872	1230.601856234653	0
12721	144580.3804782245	1230.671341992446	0
12722	144579.3812603696	1230.601853340151	0
12723	144580.380541506	1230.671340301988	0
12724	144580.3805291933	1230.671339945503	0
12725	144594.3685899529	1231.665291402789	0
12726	144594.3685845809	1231.66529063785	0
12727	144595.3671281134	1231.744376025973	0
12728	144594.3686252908	1231.665298709012	0
12729	144595.3671808188	1231.744377687102	0
12730	144595.3671353621	1231.744376596894	0
12731	144658.4390883627	1234.153777414268	0
12732	144658.4391556513	1234.15377806637	0
12733	144659.4388303045	1234.203043849115	0
12734	144658.4390335449	1234.153794341121	0
12735	144659.4386291248	1234.203055474863	0
12736	144659.4386336759	1234.203055459273	0
12737	144696.6254811432	1233.655134588158	0
12738	144696.6231375567	1233.656276167489	0
12739	144696.652168759	1233.652976713891	0
12740	144696.6519703812	1233.652791289654	0
12741	144721.6863744004	1230.986864847043	0
12742	144721.6863250405	1230.986868841607	0
12743	144722.6785824315	1231.120926024821	0
12744	144721.6871072592	1230.986796236928	0
12745	144722.6788833668	1231.120911162553	0
12746	144722.6788095115	1231.120910675993	0
12747	144889.9258463453	1228.217229783216	0
12748	144889.9259059582	1228.217230829442	0
12749	144890.9214634417	1228.325525431316	0
12750	144889.9261329873	1228.217213855914	0
12751	144890.9217756964	1228.325520610014	0
12752	144890.9215567655	1228.325525546804	0
12753	144922.9083548594	1230.472891235932	0
12754	144922.9083677446	1230.47289178667	0
12755	144923.9013193884	1230.605597319274	0
12756	144922.9084718809	1230.472890616476	0
12757	144923.9014258205	1230.605594913311	0
12758	144923.9012992162	1230.605596394625	0
12759	145009.7661394171	1237.697186117472	0
12760	145009.7659255717	1237.697186203479	0
12761	145010.760682919	1237.810741474668	0
12762	145009.7661242961	1237.697185152482	0
12763	145010.7612785711	1237.81075725114	0
12764	145010.7611861389	1237.810752021642	0
12765	145122.7719529342	1244.033013566251	0
12766	145122.7718905283	1244.033012079711	0
12767	145123.7735216036	1244.033222565161	0
12768	145122.7720137956	1244.033019778744	0
12769	145123.7735843648	1244.033231033648	0
12770	145123.7734312206	1244.033221742665	0
12771	145331.0896681297	1243.17639845213	0
12772	145331.0897059065	1243.176398059204	0
12773	145332.0898165621	1243.134298140483	0
12774	145331.0897309904	1243.176399629739	0
12775	145332.0897478795	1243.134301877105	0
12776	145332.0897944319	1243.134297589271	0
12777	145517.0942246053	1233.035147313079	0
12778	145517.094200607	1233.03515735786	0
12779	145518.090097796	1232.929097597947	0
12780	145517.0942152549	1233.035148931747	0
12781	145518.0900573914	1232.929096511652	0
12782	145518.0900423161	1232.929100664065	0
12783	145561.9521437478	1228.710455665832	0
12784	145561.9521476871	1228.710455037051	0
12785	145562.9513402793	1228.647952529516	0
12786	145561.9521317843	1228.710454554336	0
12787	145562.9512307266	1228.647947131607	0
12788	145562.9512897297	1228.647954762061	0
12789	145564.9509042064	1228.542600414402	0
12790	145564.9508956089	1228.542600916388	0
12791	145565.9505517316	1228.48643501381	0
12792	145564.9508994514	1228.542598931289	0
12793	145565.9505187908	1228.486431875999	0
12794	145565.9505514104	1228.48643712914	0
12795	145653.0532549887	1229.448408013689	0
12796	145653.0532764554	1229.448407888995	0
12797	145654.0538354469	1229.421159683305	0
12798	145653.053256561	1229.448421243022	0
12799	145654.0538036904	1229.421162197645	0
12800	145654.0538322112	1229.421159793397	0
12801	145759.103839446	1225.429711761655	0
12802	145759.1038459566	1225.429711874075	0
12803	145760.1033893145	1225.374081020597	0
12804	145759.1037809662	1225.429712721697	0
12805	145760.1033468808	1225.37407855033	0
12806	145760.1033893155	1225.37408102061	0
12807	145816.1700636294	1224.675792227421	0
12808	145816.1700758519	1224.675793292907	0
12809	145818.1716183044	1224.70953022569	0
12810	145816.1700999744	1224.675790507533	0
12811	145818.1716878025	1224.709528504502	0
12812	145818.1717063279	1224.709530024812	0
12813	145867.1567330686	1227.512501032627	0
12814	145867.1567394368	1227.512501580952	0
12815	145868.1562972737	1227.558933350296	0
12816	145867.1566477921	1227.51250376528	0
12817	145868.1562930322	1227.558934189904	0
12818	145868.1563039923	1227.558932829924	0
12819	146045.3348338483	1230.985639989067	0
12820	146045.3348342103	1230.985639988228	0
12821	146046.3362348166	1230.954991223176	0
12822	146045.3348928374	1230.98564193486	0
12823	146046.3360774012	1230.954998240707	0
12824	146046.3360273212	1230.954997131747	0
12825	146054.3412791018	1230.65956859974	0
12826	146054.3413671918	1230.659564201842	0
12827	146055.340732171	1230.610882188841	0
12828	146054.3416124865	1230.66120695492	0
12829	146055.3409020467	1230.610933927599	0
12830	146055.3407540314	1230.610882536714	0
12831	146123.3073410985	1225.933136621068	0
12832	146123.3073097345	1225.93313599588	0
12833	146124.3066332811	1225.864962747033	0
12834	146123.3073315916	1225.933136037086	0
12835	146124.3065168138	1225.864967961949	0
12836	146124.3065356067	1225.864966927073	0
12837	146185.3392579234	1221.92593712602	0
12838	146185.3393600473	1221.925942289335	0
12839	146186.3344180147	1222.045870118462	0
12840	146185.3635624109	1221.810907449912	0
12841	146186.3317371091	1222.045238621404	0
12842	146186.3344605507	1222.045875090697	0
12843	146266.4697014444	1227.134498786396	0
12844	146266.4674020065	1227.13397752499	0
12845	146272.7117147613	1228.541790932574	0
12846	146272.6207633242	1228.537372000381	0
12847	146272.8020832698	1228.54670919363	0
12848	146272.4754627502	1228.528824215115	0
12849	146272.937905191	1228.544414521487	0
12850	146272.7129032725	1228.542040101024	0
12851	146282.0775716849	1228.679252586189	0
12852	146266.5508195896	1227.113494370057	0
12853	146282.0752405365	1228.679097454893	0
12854	146282.078387484	1228.679296317171	0
12855	146323.00282976	1232.544384336985	0
12856	146323.0029406551	1232.544393303212	0
12857	146324.0000760568	1232.650213209262	0
12858	146323.0028530878	1232.544389719901	0
12859	146323.9997709534	1232.650225687264	0
12860	146324.0000645394	1232.650211333935	0
12861	146445.202671791	1235.944559172623	0
12862	146445.2029425871	1235.944747149005	0
12863	146452.1783485131	1236.719399399334	0
12864	146445.2028109129	1235.944558835911	0
12865	146452.1793579595	1236.718599282598	0
12866	146452.1793276074	1236.718599976689	0
12867	146528.2295100882	1231.734718495091	0
12868	146528.2296769115	1231.73472067801	0
12869	146529.2304221505	1231.687277693996	0
12870	146528.2295607016	1231.734716184396	0
12871	146529.230169506	1231.687274716145	0
12872	146529.2303712851	1231.687277542304	0
12873	146554.2788506926	1231.502577611364	0
12874	146554.278853914	1231.502577369777	0
12875	146555.2807188832	1231.505725948467	0
12876	146554.2787037823	1231.502570267585	0
12877	146555.2806289609	1231.505725546004	0
12878	146555.280692214	1231.505727330666	0
12879	146562.2973817586	1231.494250794324	0
12880	146562.2974441035	1231.49373000481	0
12881	146563.2991160513	1231.519671476076	0
12882	146562.2974263474	1231.494252271394	0
12883	146563.2987890594	1231.520696223412	0
12884	146563.2987394279	1231.52069491034	0
12885	146565.2961824907	1231.699435992841	0
12886	146565.2961716472	1231.699432622279	0
12887	146566.2910329782	1231.822046151627	0
12888	146565.2967914058	1231.698801278646	0
12889	146566.2911288157	1231.821607535211	0
12890	146566.2909981457	1231.82204004886	0
12891	146575.24762967	1232.887022238471	0
12892	146575.2479100663	1232.88578175393	0
12893	146576.2502646244	1232.935782124672	0
12894	146575.2476592249	1232.887027674813	0
12895	146576.2464562671	1232.967034409763	0
12896	146576.2466287085	1232.96704966003	0
12897	146581.1943056142	1233.760440089847	0
12898	146581.1942019282	1233.760557760678	0
12899	146582.1761960069	1233.937570043872	0
12900	146581.1943139838	1233.760439212898	0
12901	146582.1852955408	1233.908968008949	0
12902	146582.1853095513	1233.908967944968	0
12903	146596.089322692	1235.762387307427	0
12904	146596.0894926445	1235.762394841687	0
12905	146597.0829205084	1235.89101842923	0
12906	146596.0894208404	1235.76239467205	0
12907	146597.0828166088	1235.891017808457	0
12908	146597.0828845513	1235.891015675825	0
12909	146654.8465032225	1242.591212150218	0
12910	146654.8468204392	1242.591560829662	0
12911	146663.8374585971	1243.128831993156	0
12912	146654.8465424793	1242.591210956616	0
12913	146663.8378069541	1243.12867089691	0
12914	146663.8378558714	1243.128673582807	0
12915	146799.1471686881	1245.418573925934	0
12916	146799.1471686891	1245.418573925989	0
12917	146800.1429528315	1245.533657303612	0
12918	146799.1469408084	1245.418561605879	0
12919	146800.1407257201	1245.53361405427	0
12920	146800.1429290356	1245.533652300841	0
12921	146996.9837708258	1251.954156371999	0
12922	146996.9865563905	1251.955031789293	0
12923	146998.7949014193	1252.710295983384	0
12924	146998.8034144109	1252.714200579983	0
12925	147004.6827794226	1256.847278323358	0
12926	147004.2615838713	1256.70577812441	0
12927	147004.7238038976	1257.916734092616	0
12928	147004.6645587737	1256.884382453112	0
12929	147004.727287373	1257.261176075607	0
12930	147004.7277663172	1257.265459736471	0
12931	147004.6895706011	1256.836206741845	0
12932	147004.6827806194	1256.847278389246	0
12933	147077.1176010135	1259.477302313783	0
12934	147077.1178902894	1259.477315664251	0
12935	147078.0022617102	1259.004406624374	0
12936	147077.1170156852	1259.477227605426	0
12937	147078.0013306056	1259.004341871549	0
12938	147078.0022622243	1259.004406622025	0
12939	147406.6005974424	1267.676890272685	0
12940	147406.6006795088	1267.676894537516	0
12941	147407.599266456	1267.759605280757	0
12942	147406.6009094914	1267.676867498787	0
12943	147407.5994055827	1267.75960419499	0
12944	147407.5992824995	1267.759606188751	0
12945	147428.5859952896	1269.243684043976	0
12946	147428.5857340575	1269.243675777996	0
12947	147429.583122277	1269.333734857723	0
12948	147428.5859928684	1269.243685048014	0
12949	147429.5830892552	1269.333735387966	0
12950	147429.5831675586	1269.333738113037	0
12951	147476.5929295114	1271.976931071608	0
12952	147476.5928939407	1271.976929347006	0
12953	147477.5939519396	1271.985636097482	0
12954	147476.5929281642	1271.976935069224	0
12955	147477.5939608717	1271.985639913672	0
12956	147477.5939389403	1271.985636144858	0
12957	147546.7076004131	1271.747241123248	0
12958	147546.7075650044	1271.747238061392	0
12959	147547.7089177722	1271.775678984976	0
12960	147546.7075984879	1271.747240749668	0
12961	147547.7089704318	1271.775680161277	0
12962	147547.7089135746	1271.77567884217	0
12963	147584.7421569624	1273.165948850157	0
12964	147584.7421818671	1273.165949042202	0
12965	147585.7432047718	1273.204485178772	0
12966	147584.7422289543	1273.16595287618	0
12967	147585.7433779958	1273.20449509626	0
12968	147585.7433998448	1273.204494830165	0
12969	147596.7574845722	1273.505836117507	0
12970	147596.7574677481	1273.505829837975	0
12971	147597.7581947053	1273.543498268202	0
12972	147596.7575002713	1273.505838234145	0
12973	147597.7583346586	1273.543545891987	0
12974	147597.7582073834	1273.543498019992	0
12975	147602.7659417592	1273.503345010718	0
12976	147602.7659402746	1273.503346345376	0
12977	147603.76725528	1273.477230087666	0
12978	147602.7662238545	1273.503381596425	0
12979	147603.7672954161	1273.477238691361	0
12980	147603.7672106559	1273.477232186947	0
12981	147606.77120081	1273.406368526821	0
12982	147606.7711047724	1273.406370984125	0
12983	147607.7719572081	1273.36627264024	0
12984	147606.7711047812	1273.406374342705	0
12985	147607.7720220532	1273.366278393492	0
12986	147607.7719793003	1273.36627078999	0
12987	147638.7670287759	1271.50339538963	0
12988	147638.767006729	1271.503397927499	0
12989	147639.7649930175	1271.423171167117	0
12990	147638.7670725019	1271.503403303208	0
12991	147639.7651145448	1271.423176153598	0
12992	147639.7650155288	1271.423170503085	0
12993	147671.71146082	1268.784251518927	0
12994	147671.711486913	1268.784250526695	0
12995	147672.710659453	1268.713743532642	0
12996	147671.71152774	1268.784257025529	0
12997	147672.7106547925	1268.713746032849	0
12998	147672.7106466534	1268.71374335182	0
12999	147707.6446049005	1265.735862349485	0
13000	147707.64459584	1265.735861397758	0
13001	147708.643895545	1265.671282037664	0
13002	147707.6446033854	1265.73586214613	0
13003	147708.6439387612	1265.671280558084	0
13004	147708.6439469692	1265.671282324967	0
13005	147908.8152330402	1258.196338248412	0
13006	147908.8152524703	1258.196338764591	0
13007	147909.8155298651	1258.150108059169	0
13008	147908.8152420029	1258.196343974719	0
13009	147909.8155925079	1258.150112891691	0
13010	147909.8156943436	1258.150104302606	0
13011	147912.8199946869	1258.075845822164	0
13012	147912.8199263057	1258.075846903427	0
13013	147913.8203991641	1258.018899448831	0
13014	147912.8211685027	1258.077011850477	0
13015	147913.8201880518	1258.020750298296	0
13016	147913.8202755925	1258.018915763201	0
13017	147915.8221087523	1257.9115637956	0
13018	147915.8221021253	1257.91155672404	0
13019	147916.8248713979	1257.890882756697	0
13020	147915.8222989708	1257.911636315018	0
13021	147916.8241870658	1257.912279557978	0
13022	147916.8248321358	1257.890889904282	0
13023	147918.8113504491	1257.616874973049	0
13024	147918.8114463992	1257.616860827034	0
13025	147919.8138660465	1257.569121521359	0
13026	147918.8194520021	1257.624958317303	0
13027	147919.8142586865	1257.572494135398	0
13028	147919.8143203674	1257.569046095923	0
13029	147931.6863546926	1255.68200568419	0
13030	147931.6867205161	1255.681946049446	0
13031	147932.6722899281	1255.494137392441	0
13032	147931.5988523888	1255.697273886287	0
13033	147932.7802314137	1255.472944165145	0
13034	147932.6708594314	1255.494339017365	0
13035	147939.8881241659	1254.201030197237	0
13036	147939.888807346	1254.20090931447	0
13037	147939.9602010747	1254.197691307321	0
13038	147939.8326141534	1254.20235724704	0
13039	147940.0460180908	1254.196009829042	0
13040	147939.959505515	1254.197655157071	0
13041	147947.2800867526	1254.707968796828	0
13042	147947.3266392176	1254.698848797032	0
13043	147947.3723775602	1254.69152853019	0
13044	147947.1907376775	1254.706604148414	0
13045	147947.1229341169	1254.830698706024	0
13046	147947.2940242167	1254.713658618611	0
13047	147947.3578281019	1254.715854064299	0
13048	147947.2798594222	1254.707936544553	0
13049	147981.3658632371	1250.276580069579	0
13050	147981.3657265381	1250.276579518414	0
13051	147983.2858687474	1249.936664262198	0
13052	147981.4175740835	1250.268507645744	0
13053	147983.2603070485	1249.939348974848	0
13054	147983.2858541792	1249.93666564855	0
13055	147989.4926666117	1250.281835682975	0
13056	147989.5018707992	1250.282407028547	0
13057	147989.5262137694	1250.280145300141	0
13058	147989.5310404891	1250.279485561608	0
13059	147996.4933067612	1248.535805725217	0
13060	147996.4923002593	1248.536038230875	0
13061	147997.493280259	1248.54052017665	0
13062	147996.4935023087	1248.53580170111	0
13063	147997.493708649	1248.540448240713	0
13064	147997.4933023805	1248.5405166367	0
13065	148016.3949953224	1246.198756952544	0
13066	148016.3950314532	1246.198742607764	0
13067	148017.3854722952	1246.044466108794	0
13068	148016.3951673092	1246.198732592558	0
13069	148017.3858935928	1246.044394378744	0
13070	148017.3855080867	1246.044467637238	0
13071	148018.387818908	1246.005782325866	0
13072	148017.3892837601	1246.019023001726	0
13073	148018.3900314902	1246.002147404349	0
13074	148018.3878379625	1246.005769055437	0
13075	148045.4058761193	1244.709856283592	0
13076	148045.4058750847	1244.709855631547	0
13077	148046.4073051031	1244.678192361749	0
13078	148045.4060912289	1244.709838652806	0
13079	148046.4075743155	1244.678176391671	0
13080	148046.4073860401	1244.678190452744	0
13081	148085.392045802	1242.163955731456	0
13082	148085.392042657	1242.163957082641	0
13083	148086.3883386627	1242.0620665811	0
13084	148085.3920398317	1242.163960119663	0
13085	148086.3884200186	1242.062060745467	0
13086	148086.3883386636	1242.062066581005	0
13087	148106.3117715131	1240.008590821543	0
13088	148106.3118095317	1240.00858746076	0
13089	148107.3069365799	1239.893557206872	0
13090	148106.3120166663	1240.008582537166	0
13091	148107.3069733239	1239.893556038711	0
13092	148107.3068875249	1239.893566870747	0
13093	148111.2801741049	1239.387450762925	0
13094	148111.2802552601	1239.387442533709	0
13095	148112.2750488611	1239.269466023885	0
13096	148111.2803669774	1239.387436158612	0
13097	148112.275232409	1239.269453498055	0
13098	148112.2750140608	1239.269470871101	0
13099	148142.1758865569	1236.345218633248	0
13100	148142.1758625485	1236.345220667929	0
13101	148143.171286833	1236.23483695358	0
13102	148142.176284134	1236.345189420367	0
13103	148143.171443828	1236.234826548867	0
13104	148143.171286834	1236.234836953499	0
13105	148167.0927277899	1233.899075063796	0
13106	148167.0927477989	1233.899072586574	0
13107	148168.0904063348	1233.814917720228	0
13108	148167.0926676276	1233.899070680778	0
13109	148168.0904442304	1233.81491302116	0
13110	148168.0904791922	1233.814911058242	0
13111	148312.1301656986	1227.039762682753	0
13112	148312.1301366874	1227.039763563688	0
13113	148313.1292113315	1226.977461481515	0
13114	148312.1300976696	1227.039764094485	0
13115	148313.1293654247	1226.977455335318	0
13116	148313.1292066044	1226.977461360952	0
13117	148315.1287099542	1226.861262221458	0
13118	148315.1287908377	1226.861258934544	0
13119	148316.1283242589	1226.80920197576	0
13120	148315.1287564566	1226.861256235101	0
13121	148316.1283922943	1226.809198363793	0
13122	148316.1283511942	1226.809200263914	0
13123	148318.1273381206	1226.689321514592	0
13124	148318.1273714898	1226.689321640341	0
13125	148319.1270197267	1226.63976812206	0
13126	148318.127337525	1226.689321042152	0
13127	148319.1270603677	1226.63976713741	0
13128	148319.1270555499	1226.639767973771	0
13129	148401.1854040925	1223.834971592901	0
13130	148401.1853495817	1223.834972698988	0
13131	148402.186018044	1223.814062111251	0
13132	148401.185442241	1223.834966892204	0
13133	148402.1860559351	1223.814059485896	0
13134	148402.1860377706	1223.814060756301	0
13135	148477.2844079262	1224.081862353475	0
13136	148477.2843327967	1224.081862850329	0
13137	148478.2852213896	1224.06769185639	0
13138	148477.2844135348	1224.081862261503	0
13139	148478.2852018789	1224.067692094705	0
13140	148478.2852273893	1224.067691714255	0
13141	148498.3018871962	1223.466242608882	0
13142	148498.3019306406	1223.466242186407	0
13143	148499.3029672933	1223.464237566437	0
13144	148498.3018659416	1223.466240441826	0
13145	148499.3030306709	1223.464234663988	0
13146	148499.3030446005	1223.464236374753	0
13147	148503.3081758732	1223.475864290481	0
13148	148503.3081688413	1223.475863191546	0
13149	148504.3090254199	1223.495872555573	0
13150	148503.3082196331	1223.475858029253	0
13151	148504.3091660004	1223.495870141599	0
13152	148504.3092128534	1223.495871796047	0
13153	148595.3522080718	1227.374934093397	0
13154	148595.3522167752	1227.374934014493	0
13155	148596.3533763903	1227.363481147568	0
13156	148596.3533763913	1227.36348114767	0
13157	148675.4584008217	1226.722275829122	0
13158	148595.3521537342	1227.374968180902	0
13159	149595.1813377383	1169.914407206776	0
13160	148675.4583962504	1226.722275129121	0
13161	148676.4590608014	1226.759087360988	0
13162	148675.4584074588	1226.722273981966	0
13163	148676.4590865333	1226.759082081664	0
13164	148676.4590512926	1226.759090129565	0
13165	148684.4557185888	1227.201256466083	0
13166	148684.4557391554	1227.201231067558	0
13167	148685.4549589018	1227.263855117837	0
13168	148684.4557173984	1227.201256750149	0
13169	148685.4549365807	1227.263865975102	0
13170	148685.4549507795	1227.26386670044	0
13171	148696.429992994	1228.176756938487	0
13172	148696.4300157214	1228.176758913053	0
13173	148697.4279895574	1228.253221094308	0
13174	148696.4300535524	1228.176757177814	0
13175	148697.4279757657	1228.253220725859	0
13176	148697.4279952041	1228.253221718565	0
13177	148700.422619034	1228.478860626515	0
13178	148700.4226410225	1228.478863445335	0
13179	148701.4218675452	1228.536632729268	0
13180	148700.4226199629	1228.478863319071	0
13181	148701.4218515519	1228.536631102792	0
13182	148701.4218440017	1228.536630401637	0
13183	149170.5779605481	1246.88740508681	0
13184	149170.5779514357	1246.887400355262	0
13185	149171.5259200844	1247.209473826043	0
13186	149170.5785083066	1246.88675661708	0
13187	149171.5260113905	1247.209582914147	0
13188	149171.5259641127	1247.20947223225	0
13189	149197.4405784025	1249.77581256985	0
13190	149197.4405630052	1249.775812600634	0
13191	149198.4390009357	1249.851018120972	0
13192	149197.4405662014	1249.775811995369	0
13193	149198.4389613085	1249.851021927221	0
13194	149198.4389902857	1249.851018750145	0
13195	149224.4124576729	1251.672016458004	0
13196	149224.4124414669	1251.672018731544	0
13197	149225.4130187531	1251.718159906907	0
13198	149224.4124171685	1251.672019104259	0
13199	149225.4129642848	1251.718160447226	0
13200	149225.4129799161	1251.718159960524	0
13201	149232.4183301457	1251.964441705534	0
13202	149232.4183394546	1251.964438947109	0
13203	149233.4196522944	1251.981298572736	0
13204	149232.4183393973	1251.964441825041	0
13205	149233.4196364712	1251.981300236964	0
13206	149233.4196560753	1251.981298879323	0
13207	149334.5023537132	1248.88909641497	0
13208	149334.5023808786	1248.88909581803	0
13209	149336.5025508995	1248.797658039975	0
13210	149334.5024085016	1248.889095704481	0
13211	149336.5026623592	1248.797655663607	0
13212	149336.5026874141	1248.797653540498	0
13213	149338.5039554961	1248.739119397467	0
13214	149338.5039593237	1248.739119257036	0
13215	149339.5037592796	1248.689203042307	0
13216	149338.5039126574	1248.73912415674	0
13217	149339.503803691	1248.689201889524	0
13218	149339.5038036919	1248.689201889498	0
13219	149350.5019518568	1248.10259477079	0
13220	149350.501953182	1248.102594765095	0
13221	149351.5017650192	1248.053893238769	0
13222	149350.5019745263	1248.102594843361	0
13223	149351.5018451809	1248.05389160822	0
13224	149351.5017702734	1248.053893358168	0
13225	149365.5018493492	1247.323634663591	0
13226	149365.5018216754	1247.323635044728	0
13227	149366.5027722784	1247.315308067434	0
13228	149365.5018702448	1247.323614028843	0
13229	149366.5027547256	1247.315285041299	0
13230	149366.5027506661	1247.315309068596	0
13231	149460.6215895205	1250.04343340135	0
13232	149460.6216375493	1250.043433552654	0
13233	149467.5928049432	1249.40856516526	0
13234	149460.623941681	1250.045006398175	0
13235	149467.6049368788	1249.371138369288	0
13236	149467.5893105825	1249.410623289011	0
13237	149470.5927123087	1249.308999736554	0
13238	149467.5926744363	1249.40857122147	0
13239	149470.6048377446	1249.303066552832	0
13240	149470.6050080892	1249.303053757914	0
13241	149471.6053724425	1249.178778672069	0
13242	149471.5896183738	1249.179804753408	0
13243	149472.6012001054	1249.156892285789	0
13244	149471.6054759457	1249.17877888625	0
13245	149472.6134726346	1249.156800466481	0
13246	149472.613434499	1249.156807198735	0
13247	149473.6230903904	1249.077213025063	0
13248	149473.61095325	1249.07440164608	0
13249	149474.6039832254	1249.200763165924	0
13250	149473.623186926	1249.077194180854	0
13251	149474.6198411963	1249.242378647761	0
13252	149474.5585978544	1249.2765565784	0
13253	149474.8989266368	1249.215633009792	0
13254	149474.6198440561	1249.242386704479	0
13255	149477.6084557482	1248.641210254425	0
13256	149477.6472414653	1248.63546293443	0
13257	149479.5870941926	1248.251811359047	0
13258	149477.6084052162	1248.64122134783	0
13259	149479.5818834273	1248.254128556425	0
13260	149479.5818397944	1248.254139438588	0
13261	149481.580240394	1248.225603509364	0
13262	149481.5789123235	1248.22590629045	0
13263	149482.5674409726	1248.055115107659	0
13264	149481.5802314751	1248.225598455452	0
13265	149482.5689308937	1248.055231767687	0
13266	149482.5689308927	1248.055231767768	0
13267	149489.5809095314	1247.762822815226	0
13268	149489.5825221485	1247.76838606597	0
13269	149490.5771640196	1247.616722209835	0
13270	149489.5809436463	1247.76281859606	0
13271	149490.5753225586	1247.617145808256	0
13272	149490.5754055807	1247.617147813754	0
13273	149495.5857961303	1247.494270444151	0
13274	149495.5821349618	1247.494164222744	0
13275	149497.5347800984	1247.281485572679	0
13276	149495.5861580081	1247.494264001175	0
13277	149497.5679776533	1247.29357584272	0
13278	149497.5671006556	1247.293434019516	0
13279	149500.6323865152	1247.724859030908	0
13280	149500.6325317365	1247.724882250453	0
13281	149500.8806076111	1247.658868574901	0
13282	149500.7153131692	1247.689445181863	0
13283	149556.4503926757	1241.880548575811	0
13284	148596.3533430914	1227.363484464833	0
13285	149595.5959646287	1203.134621454782	0
13286	149556.4503921347	1241.880548837212	0
13287	149557.4422696189	1241.742562910776	0
13288	149556.4503725818	1241.880553852733	0
13289	149557.4422758542	1241.742555478092	0
13290	149557.4422696179	1241.742562910867	0
13291	149571.4125165933	1240.561194373903	0
13292	149571.4124407301	1240.561198478927	0
13293	149572.4082830655	1240.453366087625	0
13294	149571.4125103628	1240.561195182842	0
13295	149572.4082651547	1240.453369518725	0
13296	149572.4083176438	1240.45336794547	0
13297	149575.4023402251	1240.20447793066	0
13298	149575.4023340438	1240.204476784513	0
13299	149576.4026220041	1240.144069250553	0
13300	149575.4024486328	1240.204464835086	0
13301	149576.4025349292	1240.144074291542	0
13302	149576.40264912	1240.144069930757	0
13303	149607.2629728286	1236.512725609026	0
13304	149607.2630295734	1236.512724922945	0
13305	149830.6931861823	1239.617171261954	0
13306	149830.6931861833	1239.617171261971	0
13307	149831.694183411	1239.590954380614	0
13308	149830.692332782	1239.615222929061	0
13309	149831.6923732114	1239.565372744999	0
13310	149831.6941681214	1239.590954038472	0
13311	149837.697611225	1239.839412237438	0
13312	149837.697620505	1239.839412544217	0
13313	149838.6988718466	1239.860938363664	0
13314	149837.6976215733	1239.839411287224	0
13315	149838.6991657113	1239.853665716021	0
13316	149838.6988156252	1239.860938147515	0
13317	149839.6981838638	1239.925713558049	0
13318	149838.6991830995	1239.853666475268	0
13319	149839.6981619355	1239.925709813866	0
13320	149839.698237101	1239.925715015426	0
13321	149949.677678816	1246.166949367283	0
13322	149949.6777365193	1246.166948524011	0
13323	149950.676280606	1246.241049708393	0
13324	149949.6781378855	1246.166646674423	0
13325	149950.6762431701	1246.240874530304	0
13326	149950.6763119586	1246.241051789971	0
13327	150003.5875076245	1250.437544596865	0
13328	150003.5875065838	1250.437543739911	0
13329	150004.5867886209	1250.500379823896	0
13330	150003.5875226047	1250.437554380397	0
13331	150004.5867927113	1250.500381657981	0
13332	150004.5868112451	1250.500379892918	0
13333	150051.6359662476	1252.157429289382	0
13334	150051.6362966161	1252.157122076799	0
13335	150052.6261586406	1252.310719293587	0
13336	150051.6360411766	1252.157437819861	0
13337	150052.6258514318	1252.310821608957	0
13338	150052.6258297353	1252.310815674939	0
13339	150140.3382489761	1261.124918002839	0
13340	150140.3382501599	1261.124920635241	0
13341	150141.3328369014	1261.243030084079	0
13342	150140.3382481265	1261.124918185297	0
13343	150141.3328334806	1261.243027996266	0
13344	150141.3328566095	1261.243030088554	0
13345	150156.2789631495	1262.74839594067	0
13346	150156.2789825531	1262.748398704347	0
13347	150157.2766223684	1262.834612096369	0
13348	150156.2790590246	1262.74840570176	0
13349	150157.2767386427	1262.834617608587	0
13350	150157.2766706669	1262.834615906131	0
13351	150160.2702413487	1263.084425405709	0
13352	150160.2702339632	1263.084424976077	0
13353	150161.2699474145	1263.142545663509	0
13354	150160.2702772514	1263.08442997963	0
13355	150161.2700182157	1263.142548939737	0
13356	150161.2699790394	1263.142545317299	0
13357	150164.2628516208	1263.396624364769	0
13358	150164.262743914	1263.396775601862	0
13359	152014.1235915396	1289.109924096836	0
13360	150164.2628462779	1263.396624393949	0
13361	150297.4567999828	1264.39056649432	0
13362	150297.4570025354	1264.390561812725	0
13363	150298.4551841955	1264.468123385667	0
13364	150297.4567287726	1264.390184674857	0
13365	150298.4560808178	1264.461540037602	0
13366	150298.4551852509	1264.468123467481	0
13367	150319.4516313399	1265.786691453405	0
13368	150319.4516431493	1265.786692016242	0
13369	150320.4514568865	1265.725799914927	0
13370	150319.4512041232	1265.788304489938	0
13371	150320.4510127918	1265.726519273195	0
13372	150320.4514724887	1265.725803092555	0
13373	150375.5451427913	1266.035317249928	0
13374	150375.5453137236	1266.035312657967	0
13375	150376.5445469326	1265.972940787538	0
13376	150375.5440736442	1266.03548667105	0
13377	150376.5422593279	1265.971621911958	0
13378	150375.5477086245	1266.035234876412	0
13379	150376.5457768832	1265.974424621793	0
13380	150376.5445393003	1265.972941552395	0
13381	150467.6621280714	1263.163755574518	0
13382	150467.6621046796	1263.163757286779	0
13383	150468.6617212431	1263.108460433252	0
13384	150467.6631737686	1263.165137925455	0
13385	150468.6620191792	1263.108938242439	0
13386	150468.6616241162	1263.10846938566	0
13387	150473.6487466175	1262.627042940793	0
13388	150473.6486764085	1262.627097587379	0
13389	150474.6477716985	1262.535830950225	0
13390	150473.6487683024	1262.627041896355	0
13391	150474.6465500996	1262.534083854036	0
13392	150474.6465356894	1262.53408845481	0
13393	150475.6311897484	1262.344903479702	0
13394	150474.6477824693	1262.535829622767	0
13395	150475.6312915786	1262.344904217067	0
13396	150475.6311694739	1262.344903977376	0
13397	150480.5958564553	1261.66981655136	0
13398	150480.5958314063	1261.669819502164	0
13399	150481.589616828	1261.539811640037	0
13400	150480.5958692263	1261.669816615839	0
13401	150481.5897116311	1261.539806544515	0
13402	150481.5895655527	1261.539815648885	0
13403	150503.5009533475	1259.091879762197	0
13404	150503.5008633496	1259.092072863012	0
13405	150504.4932085132	1258.949951600961	0
13406	150503.5014242227	1259.091829467451	0
13407	150504.493190652	1258.949931871383	0
13408	150504.4931990126	1258.949932819112	0
13409	150510.4648888652	1258.243205993947	0
13410	150510.4651024172	1258.243191609347	0
13411	150511.4580300826	1258.101827355632	0
13412	150510.4649145119	1258.24320792708	0
13413	150511.4582279935	1258.10180565441	0
13414	150511.4580615454	1258.101822546563	0
13415	150521.4140125123	1256.873629664894	0
13416	150521.4122724881	1256.873905597205	0
13417	150522.4095564713	1256.753069228249	0
13418	150521.4142920615	1256.873613455059	0
13419	150522.4107797616	1256.752763974133	0
13420	150522.4108181573	1256.752768758573	0
13421	150544.2427076355	1253.267662630338	0
13422	150544.2427749884	1253.267652236569	0
13423	150545.2139026797	1252.992619379515	0
13424	150544.2376306724	1253.267812510815	0
13425	150545.2027255985	1252.9919201886	0
13426	150545.2140176868	1252.992576464239	0
13427	150653.2550935473	1249.47036635499	0
13428	150653.2550892841	1249.470366386996	0
13429	150651.1859562677	1248.929884675423	0
13430	150653.2299953727	1249.475745648282	0
13431	150650.7969845825	1248.783967672611	0
13432	150651.1859562668	1248.929884673383	0
13433	150651.6694596292	1246.98978719835	0
13434	150651.6640113537	1246.987442647475	0
13435	150652.703496422	1246.806274022197	0
13436	150651.8815046075	1247.196086057312	0
13437	150652.8276441697	1246.991136481607	0
13438	150652.7042109869	1246.808326268553	0
13439	150657.168083241	1249.650948894047	0
13440	150657.168080581	1249.650948955793	0
13441	150668.6801020515	1249.271000996449	0
13442	150668.461696017	1249.160318424908	0
13443	150668.5326892418	1249.194282485222	0
13444	150668.6413648511	1249.269726425985	0
13445	150668.7104082007	1249.272366034816	0
13446	150668.7121350486	1249.272165754513	0
13447	150778.6682205368	1254.575567292417	0
13448	150778.6667213531	1254.575536380633	0
13449	150779.6454909815	1254.596864796344	0
13450	150779.6449872535	1254.596891653233	0
13451	150782.0009660316	1254.576087752326	0
13452	150782.0007918443	1254.576106551123	0
13453	150783.9972385813	1254.775254997501	0
13454	150781.9997210933	1254.575994856369	0
13455	151769.4611423574	1082.036772297711	0
13456	150781.9997274045	1254.575840414195	0
13457	151782.8007078249	1233.194455369142	0
13458	150784.0061989416	1254.775116227703	0
13459	151786.5485216501	1241.347925377268	0
13460	150783.9969580662	1254.775238651903	0
13461	150786.0284886172	1254.922188513038	0
13462	150786.0268374847	1254.922098125129	0
13463	151787.3411316337	1266.018870971154	0
13464	150786.0291951693	1254.922242942467	0
13465	150787.0449982043	1254.966866336365	0
13466	150786.0309779484	1254.922332209453	0
13467	151786.7478207674	1284.492898523402	0
13468	150786.0291050493	1254.922195270561	0
13469	151786.3605688087	1246.375492209069	0
13470	150787.0435705759	1254.96712743215	0
13471	151789.0777771737	1286.984500599933	0
13472	150787.0481543115	1254.965937653212	0
13473	151789.1331543041	1261.038618489087	0
13474	150787.0454285355	1254.966579805187	0
13475	150788.0270483879	1255.184682382687	0
13476	150787.0438088365	1254.966396087975	0
13477	151786.1106248647	1269.875183853882	0
13478	150787.0435634312	1254.967028460585	0
13479	151788.312759822	1262.467373050922	0
13480	150787.0443739511	1254.966991087079	0
13481	151789.3659360569	1273.699290417883	0
13482	150787.0445026471	1254.966913879804	0
13483	151787.016736694	1198.913264711633	0
13484	150787.0450342993	1254.967486206089	0
13485	151788.3636421272	1276.28534990067	0
13486	150787.045111786	1254.962769676312	0
13487	151788.0129294549	1254.92693916037	0
13488	150787.0450278889	1254.966858490514	0
13489	151786.206059575	1337.255864346166	0
13490	150787.0449066285	1254.967436100061	0
13491	151789.047084871	1244.556616433101	0
13492	150787.0485743777	1254.967685355128	0
13493	151789.5735595447	1273.671739670096	0
13494	150787.0434292035	1254.966073058013	0
13495	151789.4030101676	1217.265105135192	0
13496	150787.0439503228	1254.967176066656	0
13497	151788.9815689947	1243.893223574362	0
13498	150788.026640279	1255.184662611327	0
13499	150790.9964385245	1255.727537616884	0
13500	150788.0306308697	1255.185042498338	0
13501	151789.0415733253	1268.586883228783	0
13502	150790.9963657437	1255.727524552781	0
13503	150794.9623356599	1256.409694080915	0
13504	150794.9622934274	1256.409683071989	0
13505	150795.93835265	1256.660536494405	0
13506	150794.9626591305	1256.409692828453	0
13507	150795.9364939761	1256.665012992956	0
13508	150795.9364545565	1256.663867071806	0
13509	150798.9438174048	1256.92784573537	0
13510	150795.9357056289	1256.667005180331	0
13511	151797.0495184064	1238.973019454949	0
13512	150795.9336513366	1256.671229540906	0
13513	151795.3361841434	1192.810645713065	0
13514	150798.9440305673	1256.927874111783	0
13515	150799.9436734975	1257.042999918885	0
13516	150798.9444018372	1256.927951438474	0
13517	151799.2965424412	1299.049004910348	0
13518	150799.9435404013	1257.042992979409	0
13519	150832.9848268735	1260.271787231372	0
13520	150799.9443280286	1257.043165131215	0
13521	151801.9839100652	1242.693780561897	0
13522	150795.9383405349	1256.660538769607	0
13523	150834.9673081656	1260.527171329494	0
13524	150832.9835821877	1260.271899621732	0
13525	151833.2031313529	1304.073510943946	0
13526	150832.9848467349	1260.271789947418	0
13527	150834.9789775677	1260.516606682157	0
13528	150834.9766410628	1260.517036325145	0
13529	151836.2090382299	1247.736602117421	0
13530	150834.9786056891	1260.516628560461	0
13531	150865.3332089293	1259.430367047248	0
13532	150865.3261884035	1259.430556388709	0
13533	150868.1515736179	1259.359224199826	0
13534	150868.1485727981	1259.359236345735	0
13535	150869.6027142342	1259.367538699429	0
13536	150869.6257491721	1259.368838243124	0
13537	151867.8366508136	1249.919404152141	0
13538	150869.6433365694	1259.371085943225	0
13539	151869.6556929723	1317.112443669002	0
13540	150869.6063212962	1259.367429885261	0
13541	150870.6974306088	1259.282017009156	0
13542	150870.7409197515	1259.280309733691	0
13543	151872.2849262147	1253.790017345166	0
13544	150870.6977447678	1259.281987957826	0
13545	150871.7310341996	1259.230618546262	0
13546	150871.7237473414	1259.231808925434	0
13547	151873.2763581972	1264.252543910213	0
13548	150871.7470818053	1259.230133975904	0
13549	151873.0704799822	1257.822342537637	0
13550	150871.7317608601	1259.230565248376	0
13551	150891.995654305	1257.584426607141	0
13552	150891.9940266914	1257.584113274417	0
13553	150892.9636120314	1257.311536314014	0
13554	150892.9635720674	1257.311547267365	0
13555	150905.7774900223	1254.576736334624	0
13556	150892.9653392418	1257.311558322618	0
13557	151895.0423863677	1257.041668261624	0
13558	150891.9957340082	1257.584419876982	0
13559	151893.9712671289	1273.358640396549	0
13560	150891.9941569961	1257.584027796147	0
13561	151893.7901350799	1288.903370909473	0
13562	150891.9947835471	1257.584274004002	0
13563	151893.4679920997	1217.080516378741	0
13564	150891.9959019954	1257.584378386568	0
13565	151871.7564967856	1034.867296135574	0
13566	150891.9953340895	1257.584063685773	0
13567	151894.0790732258	1268.235576142785	0
13568	150905.7774317146	1254.576750685786	0
13569	150923.5011386239	1250.864655038063	0
13570	150905.777572118	1254.576728440363	0
13571	151907.6022675053	1235.391240676559	0
13572	150923.5013428724	1250.864620188128	0
13573	150934.2287942242	1248.183103649109	0
13574	150923.5013295386	1250.864611185276	0
13575	151925.4693522826	1255.679628631581	0
13576	150934.2289122936	1248.183078905443	0
13577	150937.1769931586	1247.552625630179	0
13578	150934.2287435894	1248.183081534012	0
13579	151935.1771113631	1204.480375687999	0
13580	150934.2287258371	1248.183112815908	0
13581	151936.1136170249	1273.260516844182	0
13582	150934.2287539493	1248.1831006962	0
13583	151936.2358470877	1259.067526314969	0
13584	150934.2287781718	1248.18303617763	0
13585	151935.8699353725	1274.773273442745	0
13586	150937.1770720498	1247.552610055421	0
13587	150938.1544218321	1247.321631862725	0
13588	150938.1545515872	1247.321544124015	0
13589	151939.9768252694	1260.00293704058	0
13590	150937.1766448962	1247.552636150996	0
13591	151939.1821611993	1251.766499611617	0
13592	150938.1545357026	1247.321591575045	0
13593	150951.8977747917	1244.320873751874	0
13594	150951.8978331429	1244.320862709187	0
13595	150953.8790290321	1243.988572311757	0
13596	150951.8974157271	1244.320823733686	0
13597	151953.3636734943	1239.452395040463	0
13598	150953.8790516597	1243.988567515563	0
13599	150954.8752054218	1243.859736594216	0
13600	150953.8792262119	1243.988370670603	0
13601	151955.9513688887	1241.562315404409	0
13602	150954.8753158062	1243.859578600138	0
13603	151956.7725867909	1242.252045640573	0
13604	150954.8752051446	1243.859734871678	0
13605	150960.8580145568	1243.125002077675	0
13606	150960.8578964994	1243.12484729121	0
13607	151962.738862322	1237.138204576477	0
13608	150960.8579386086	1243.124999837635	0
13609	150979.9602170755	1243.067085192086	0
13610	150979.9602418502	1243.067085261451	0
13611	150987.9904673071	1243.341754458555	0
13612	150979.9605779414	1243.066721746694	0
13613	151982.0056603328	1256.933491322513	0
13614	150987.9905789753	1243.341756310563	0
13615	150988.9945903844	1243.337408806406	0
13616	150987.9902420331	1243.341812854996	0
13617	151989.6077844747	1249.674025805265	0
13618	150988.9945672526	1243.337410242969	0
13619	150989.9984313715	1243.34308474754	0
13620	150988.9947563758	1243.337455031709	0
13621	151990.5040333103	1236.405867447547	0
13622	150989.9983278977	1243.343220544231	0
13623	151990.3150157218	1292.056733905577	0
13624	150989.998512827	1243.343101646373	0
13625	151011.8724770841	1240.252697006211	0
13626	150989.9983644665	1243.343238834924	0
13627	151991.1204685255	1232.898507685048	0
13628	151011.8724771474	1240.252697000386	0
13629	151015.8620638506	1239.757245304769	0
13630	151011.8725796606	1240.25266977175	0
13631	152013.3116463742	1262.815927772299	0
13632	151011.8726568502	1240.252684802932	0
13633	152013.6080485719	1259.814760097504	0
13634	151011.8724828453	1240.252693581649	0
13635	152013.1743494019	1237.961253793499	0
13636	151011.8726186632	1240.252654126445	0
13637	152013.0569447012	1216.445036846312	0
13638	151011.8725502109	1240.25270250928	0
13639	152013.4538656562	1260.771784401424	0
13640	151011.8726745276	1240.25267599869	0
13641	152013.1759385369	1268.699421626298	0
13642	151015.8621137633	1239.757247822175	0
13643	151018.8733159208	1239.601090579501	0
13644	151015.8623295703	1239.757141521625	0
13645	152017.4914154994	1259.678828180393	0
13646	151018.8733656576	1239.600981081628	0
13647	152018.4852460256	1199.690838625558	0
13648	151018.8734338934	1239.601079393345	0
13649	151033.8145560977	1241.869619606763	0
13650	151033.8147725543	1241.869671809289	0
13651	151038.6669286301	1243.227748941213	0
13652	151033.8145324961	1241.86962009681	0
13653	152034.7873167069	1267.470922578889	0
13654	151033.814775684	1241.869651701345	0
13655	152034.8143820037	1241.476291325595	0
13656	151033.8143987012	1241.8696094017	0
13657	152007.5844301322	1000	0
13658	151033.8146859867	1241.869642465491	0
13659	152034.0254422241	1288.784461214834	0
13660	151033.81455055	1241.869626030198	0
13661	152035.0263979233	1228.378034629841	0
13662	151038.667178787	1243.227803100493	0
13663	152039.5974813564	1254.217102820732	0
13664	151038.6671016374	1243.227779399513	0
13665	151088.8414852913	1254.316398190513	0
13666	151088.8417725675	1254.316428834574	0
13667	151160.1979611371	1255.292262090547	0
13668	151160.1979111967	1255.292275327847	0
13669	152410.3498586445	1269.441706773153	0
13670	151160.197971243	1255.292252944782	0
13671	152161.1956571129	1248.599492365111	0
13672	151160.1979419225	1255.292262206084	0
13673	152161.5331331872	1247.562899187697	0
13674	151088.8415380126	1254.316438622512	0
13675	152088.4917670197	1258.580819366725	0
13676	2209.23565749226	1366.714238450843	0
13677	1248.084334338062	1686.694682454339	0
13678	4692.452965388344	1257.634932553306	0
13679	3692.236436104526	1294.74492605128	0
13680	1093.04928153439	22269.30805271233	1
13681	2120.797032131639	21577.28996524083	1
13682	1000	21408.04112757486	1
13683	2142.219750446558	21763.69682056297	1
13684	1053.617491926067	21283.60413489929	1
13685	2155.322187553393	21769.58545952579	1
13686	1059.025802121148	21579.28401176025	1
13687	2265.139168723894	21797.24023551727	1
13688	1023.310410185077	21501.71169508675	1
13689	2164.872822842677	21774.67251792798	1
13690	1071.71802057646	21832.61743756535	1
13691	2265.185373208136	21797.23666001856	1
13692	1037.560315127135	21695.91070573938	1
13693	2265.195885724446	21797.2341139157	1
13694	1110.244175048836	21913.43049288209	1
13695	2369.996641863952	21797.18292923764	1
13696	1122.876546146406	21851.29735366934	1
13697	2370.897774412064	21797.60663258618	1
13698	1239.231216280372	21381.39331470586	1
13699	2369.9923900172	21797.18284661964	1
13700	1268.347877616121	21699.48543018363	1
13701	2464.583563336695	21799.34025261457	1
13702	1331.958542238805	21731.67300505816	1
13703	2579.907548243355	21810.04545121379	1
13704	1339.211057345674	21533.4557843515	1
13705	2554.704489737749	21806.27991359674	1
13706	1278.373503761424	21911.22577326028	1
13707	2599.882280965277	21813.86569099101	1
13708	1302.782233410573	21710.70142848289	1
13709	2599.863341349002	21813.86667310921	1
13710	1408.801542890025	21405.1557182728	1
13711	2599.900948120223	21813.8719648815	1
13712	1328.943892599549	21578.01929437647	1
13713	2600.040091602888	21813.93483266305	1
13714	1319.166720110574	21838.65902283426	1
13715	2583.042960819788	21810.52804917069	1
13716	1359.464680433681	21894.18642057522	1
13717	2599.901970944193	21813.87690387812	1
13718	3194.469753856305	21496.66134217074	1
13719	4286.539306093066	21617.08147429869	1
13720	3614.839147673803	22341.10725893729	1
13721	4429.207712865376	21593.95957991754	1
13722	5957.438019394642	22173.69859827719	1
13723	6442.45293182868	21210.73112612867	1
13724	6075.831635213224	22080.81201592861	1
13725	6586.914649068087	21178.37111509585	1
13726	7565.517939949117	21630.46177506474	1
13727	6540.399446213385	21189.86015081445	1
13728	7355.0449640078	22019.87822790102	1
13729	6539.407099142554	21190.28229652208	1
13730	7835.995919311536	21065.35422443289	1
13731	6539.355308428116	21190.26795632755	1
13732	8072.633385918511	21505.93151490606	1
13733	6851.110168217157	21117.97883072917	1
13734	7743.311040811182	21485.58597106424	1
13735	6539.344998639543	21190.2671079806	1
13736	2120.797596234828	21577.28949904833	1
13737	2142.240814944904	21763.69899557263	1
13738	2142.240814945893	21763.69899557279	1
13739	2155.37750551285	21769.58492778116	1
13740	2155.378186000278	21769.58557020163	1
13741	2164.902046632196	21774.66853429731	1
13742	2164.901891678222	21774.6683126861	1
13743	2229.393746901827	21788.8642404783	1
13744	2229.398386014625	21788.86706467279	1
13745	2230.557663581218	21789.22044875103	1
13746	2229.357249859022	21788.87123686497	1
13747	2228.830340652261	21789.57549958119	1
13748	2230.56393745559	21789.2197286422	1
13749	2265.172244240355	21797.23620060058	1
13750	2265.187091842759	21797.23665913859	1
13751	2369.997062403883	21797.17505353687	1
13752	2369.994429956016	21797.18303032813	1
13753	2370.911848900025	21797.60304641202	1
13754	2370.918503181892	21797.60357557883	1
13755	2435.737347691611	21797.87990651136	1
13756	2435.738753389101	21797.87993591928	1
13757	2436.998345897999	21798.11041977799	1
13758	2435.561470650777	21797.86885266014	1
13759	2436.458706852864	21798.19684831627	1
13760	2437.001535151619	21798.11067942911	1
13761	2464.607118272455	21799.3394703274	1
13762	2464.606255566643	21799.33919430089	1
13763	2489.201078155776	21800.13283745895	1
13764	2489.217235523509	21800.13154803072	1
13765	2521.511019384372	21803.01599447133	1
13766	2521.461432917975	21803.01831611531	1
13767	2523.027351633238	21803.00277840908	1
13768	2521.564998677699	21803.02413220961	1
13769	2523.089339485916	21803.01415878902	1
13770	2523.094095840992	21803.01491213286	1
13771	2554.685918458446	21806.28104708395	1
13772	2554.682804866403	21806.27984452637	1
13773	2579.861638496572	21810.03905404916	1
13774	2579.873483838979	21810.04057573887	1
13775	2583.011683271267	21810.51980932301	1
13776	2583.040166699328	21810.52842532331	1
13777	2599.871470483427	21813.86900571735	1
13778	2599.896855663101	21813.87175603151	1
13779	2674.131027021154	21827.19260087242	1
13780	2674.152022813214	21827.19603429004	1
13781	2675.217004225124	21828.90969328901	1
13782	2675.217004225997	21828.90969328847	1
13783	2656.715595978254	21832.64050444915	1
13784	2656.698384280782	21832.6384628198	1
13785	2642.426098435011	21838.84260699907	1
13786	2656.715053411142	21832.64012806699	1
13787	2642.61454162281	21838.85347693424	1
13788	2642.615774090053	21838.85223653674	1
13789	2582.8708042457	21878.24318991583	1
13790	2582.348010566144	21878.34408383019	1
13791	2581.963452947151	21879.07709413044	1
13792	2582.859474344179	21878.24923353536	1
13793	2582.004052567412	21879.075914566	1
13794	2582.00443761627	21879.07505877712	1
13795	2506.217089184094	22046.93715406286	1
13796	2506.194068749319	22046.95148619443	1
13797	2505.851078618725	22048.0836527209	1
13798	2506.216868448479	22046.93868140647	1
13799	2505.983667217777	22048.03904978218	1
13800	2505.983911991876	22048.03814965725	1
13801	2506.587989043968	22058.94439189206	1
13802	2506.579685728822	22058.95605898657	1
13803	2506.586224275641	22060.01782924859	1
13804	2506.588423381967	22058.94376776159	1
13805	2506.59278937825	22060.0165819663	1
13806	2506.592584177386	22060.01490071923	1
13807	2519.948505320412	22088.65393633836	1
13808	2519.949012970261	22088.65364382362	1
13809	2520.499951140722	22089.59401542072	1
13810	2519.942070436315	22088.65673629867	1
13811	2520.494667145715	22089.59513328327	1
13812	2520.495019413938	22089.59280384466	1
13813	2524.221537451551	22093.39520458046	1
13814	2524.221112716943	22093.39674528106	1
13815	2524.989472254063	22094.1139331849	1
13816	2524.222605290532	22093.39509588943	1
13817	2525.00670058094	22094.10062949024	1
13818	2525.007270187547	22094.10049260699	1
13819	2807.271077441692	22090.71855225648	1
13820	2807.175280282157	22090.71814225663	1
13821	2807.843230839528	22089.91605052777	1
13822	2807.272800761973	22090.7200848077	1
13823	2807.910477544123	22089.89890374162	1
13824	2675.30198806047	21828.89823428629	1
13825	2916.744397536153	21779.83211547731	1
13826	2807.911481042742	22089.90271766944	1
13827	2843.431722794834	22042.28906938269	1
13828	2843.430270728597	22042.2905680157	1
13829	2843.528736939887	22041.21065144095	1
13830	2843.402262132207	22042.26828501672	1
13831	2843.521862683643	22041.21044209253	1
13832	2843.526614978909	22041.20538509136	1
13833	2844.007324082253	22037.95648106895	1
13834	2844.007324082486	22037.95648106991	1
13835	2843.604461445939	22036.90362547514	1
13836	2843.966839737433	22037.94317338637	1
13837	2843.590805812972	22036.90365889457	1
13838	2843.604598841164	22036.90354612333	1
13839	2841.163893166347	22020.05352208134	1
13840	2841.157364506624	22020.04719984858	1
13841	2841.649030647706	22019.12083103917	1
13842	2841.144360999984	22020.04469302212	1
13843	2841.648566853139	22019.12843841387	1
13844	2841.64974435902	22019.12113836701	1
13845	2835.725488509401	21994.00054711328	1
13846	2835.729371268477	21994.00675659544	1
13847	2835.406763426785	21992.87133595276	1
13848	2835.535907871788	21994.08345283818	1
13849	2835.381183950987	21992.8810262653	1
13850	2835.404781916062	21992.86890810393	1
13851	2768.618148875248	21866.70412888624	1
13852	2768.612620234606	21866.70628630858	1
13853	2767.904941273271	21865.71523678279	1
13854	2768.61960529827	21866.69967341677	1
13855	2767.884321687219	21865.7122378426	1
13856	2767.906581760151	21865.71134375317	1
13857	2674.150475366332	21827.19355659626	1
13858	2916.655603513471	21779.8461412092	1
13859	2916.792706896667	21779.82385678984	1
13860	2917.238775721111	21779.75135986944	1
13861	2918.974988815433	21779.4831847691	1
13862	2916.792706895736	21779.82385679002	1
13863	2918.969447669922	21779.48727150298	1
13864	2918.930076943652	21779.49098385543	1
13865	2918.99743388826	21779.4841062201	1
13866	2918.987465072598	21779.48448325992	1
13867	3354.787341036717	21733.75661854329	1
13868	3354.799718591385	21733.75515109807	1
13869	3356.146921821986	21733.6807534551	1
13870	3354.867631092086	21733.73557361506	1
13871	3356.124696065031	21733.6823577762	1
13872	3356.148841812043	21733.68053692507	1
13873	3369.329605609411	21733.2784414388	1
13874	3369.207472800859	21733.24747304081	1
13875	3369.395968807919	21733.33696186032	1
13876	3369.333132096217	21733.28188369466	1
13877	3404.929583012534	21728.86511941188	1
13878	3404.930421926081	21728.86482966214	1
13879	3406.118303796509	21728.66861010133	1
13880	3404.952716632572	21728.87558171435	1
13881	3406.205460142985	21728.65061953436	1
13882	3406.119264804584	21728.66862675928	1
13883	3407.364000871137	21728.5296943019	1
13884	3407.364238520269	21728.52966514722	1
13885	3408.306487791764	21728.9945179897	1
13886	3407.346863471961	21728.55041276984	1
13887	3407.854419657611	21729.15630117578	1
13888	3408.297756773303	21728.99518335495	1
13889	3433.420616248681	21725.94661912513	1
13890	3433.42136781913	21725.94676765292	1
13891	3434.671511239896	21725.82630040126	1
13892	3433.41428264766	21725.94736647784	1
13893	3434.668634781148	21725.82682374773	1
13894	3434.681754108751	21725.82539638812	1
13895	3482.037859202595	21721.19126070913	1
13896	3482.031769036024	21721.19119339118	1
13897	3483.075537691417	21721.34838864978	1
13898	3482.032263367088	21721.1921051181	1
13899	3483.048547736369	21721.35602714918	1
13900	3483.077576043026	21721.34813864747	1
13901	3547.791801414685	21714.49861961914	1
13902	3547.799515268765	21714.49794848673	1
13903	3548.847153897572	21714.67337314583	1
13904	3547.689843349974	21714.51979475248	1
13905	3548.823860823177	21714.67799322997	1
13906	3548.849349580181	21714.67324312645	1
13907	3568.717160225729	21713.82107578316	1
13908	3568.721385819197	21713.82093776728	1
13909	3569.79041655059	21713.37045095736	1
13910	3568.399001625075	21713.9956398444	1
13911	3569.786082920386	21713.36994117325	1
13912	3569.789104732161	21713.37034452514	1
13913	3720.256825408607	21694.63877290602	1
13914	3720.257967952464	21694.63861177773	1
13915	3721.436002514209	21694.59850515923	1
13916	3721.446335757733	21694.59792738943	1
13917	3722.417011233803	21694.60922740934	1
13918	3720.894217294699	21694.64797657433	1
13919	3722.391941901238	21694.61000989278	1
13920	3722.417232964886	21694.60903462724	1
13921	3723.457798718824	21694.42814915553	1
13922	3723.448417078878	21694.42898740631	1
13923	3724.390990652959	21694.51006662291	1
13924	3723.241380608059	21694.45415692482	1
13925	3724.296837223985	21694.58308349475	1
13926	3724.391881160671	21694.50992171321	1
13927	3725.442757532292	21694.34075318025	1
13928	3725.437945423881	21694.34179693097	1
13929	3726.440695719328	21694.23392250707	1
13930	3725.442588266276	21694.34059604818	1
13931	3726.453118018515	21694.23865423365	1
13932	3726.43306532409	21694.23510901002	1
13933	3728.442606535857	21694.51694375554	1
13934	3728.435168946453	21694.51129252591	1
13935	3729.150063597946	21693.62686294453	1
13936	3728.477678857453	21694.46991365993	1
13937	3736.778844973247	21693.09241038289	1
13938	3729.149641103111	21693.62694948434	1
13939	3920.491622567875	21669.63636130253	1
13940	3920.304191563104	21669.63463380849	1
13941	3920.524230510229	21669.63774466084	1
13942	3920.491340680805	21669.63639954064	1
13943	3927.317405979673	21669.78899069636	1
13944	3927.07170711254	21669.71266714231	1
13945	3927.321335843124	21669.80454688804	1
13946	3927.319749046641	21669.78850462139	1
13947	3981.886337423988	21661.17086608306	1
13948	3981.816364982282	21661.18298564091	1
13949	3982.841679786623	21661.09147771067	1
13950	3981.884673226392	21661.1713382899	1
13951	3982.989350580436	21661.05370568656	1
13952	3982.990964457917	21661.05344185697	1
13953	4070.132425865857	21648.44942258381	1
13954	4070.138756592467	21648.44837726062	1
13955	4071.261249373842	21648.2983408248	1
13956	4070.1359922837	21648.44883575536	1
13957	4071.25251577649	21648.29991672596	1
13958	4071.26153245446	21648.29819796916	1
13959	4077.80486506765	21647.30804099488	1
13960	4077.771349509305	21647.30310205535	1
13961	4078.451886659022	21647.43124316298	1
13962	4077.804667778546	21647.30827176095	1
13963	4078.600503312075	21647.3966260154	1
13964	4078.606968552864	21647.39623485235	1
13965	4100.10285966919	21645.36635722139	1
13966	4100.101515582704	21645.36665104537	1
13967	4101.204418467067	21645.29734668997	1
13968	4100.080621037167	21645.37870303325	1
13969	4101.197778656555	21645.29960460449	1
13970	4101.204952209257	21645.29718007974	1
13971	4138.087640730373	21640.50970165282	1
13972	4138.089320916741	21640.50951973302	1
13973	4139.173722722393	21640.64027823054	1
13974	4138.095840856608	21640.51167995026	1
13975	4139.127018682833	21640.66365506508	1
13976	4139.174101632321	21640.64020228975	1
13977	4194.273021703411	21632.38860488565	1
13978	4194.276077973424	21632.38848675126	1
13979	4195.358857463172	21632.38678285338	1
13980	4194.272630183375	21632.38871722513	1
13981	4195.343931142706	21632.39281282837	1
13982	4195.357193460222	21632.3868627699	1
13983	4197.566744718177	21632.00757598943	1
13984	4197.56923448568	21632.00735086377	1
13985	4198.682801071962	21632.14341438967	1
13986	4197.521930911054	21632.0123624486	1
13987	4198.665037394443	21632.15847868793	1
13988	4198.677099664521	21632.14342068898	1
13989	4210.919016791449	21629.945946823	1
13990	4210.919295195548	21629.94565043428	1
13991	4212.001171008684	21629.92371252544	1
13992	4210.914795061806	21629.95082018212	1
13993	4211.933298371616	21629.945865659	1
13994	4212.00499975303	21629.92295931351	1
13995	4234.456147408579	21625.97756267893	1
13996	4234.456910554727	21625.97740956795	1
13997	4235.428465893376	21626.15296682077	1
13998	4234.46371079993	21625.9777946657	1
13999	4235.401122958167	21626.1622095432	1
14000	4235.427769725968	21626.15307550335	1
14001	4275.485027279414	21618.99935761386	1
14002	4275.491647181101	21618.99824731896	1
14003	4286.538985362975	21617.08143268929	1
14004	4286.539498487429	21617.08134977699	1
14005	4330.255867701431	21609.88230939545	1
14006	4330.261113040091	21609.88164401751	1
14007	4331.376941240684	21609.71790185117	1
14008	4330.254377411737	21609.88251862084	1
14009	4331.369987503567	21609.7190568036	1
14010	4331.368341205176	21609.71921390519	1
14011	4332.477163227857	21609.70676908196	1
14012	4331.347158780904	21609.7203691423	1
14013	4332.441773904487	21609.72863877157	1
14014	4332.47901383182	21609.70646572819	1
14015	4388.377489582286	21600.24731893594	1
14016	4388.381293492508	21600.24680543118	1
14017	4389.756337383355	21600.02347604257	1
14018	4389.756406381435	21600.02330101655	1
14019	4429.200546790555	21593.96026891201	1
14020	4429.200570668385	21593.96038877943	1
14021	4498.166346216225	21583.39903934747	1
14022	4498.165421791782	21583.39948955018	1
14023	4499.200794578588	21583.58010749105	1
14024	4498.158187755442	21583.44957640861	1
14025	4498.169129477115	21583.67508281973	1
14026	4499.201190011459	21583.57968466474	1
14027	4552.383828834863	21575.13181600897	1
14028	4552.378220475686	21575.13257547043	1
14029	4553.544431153394	21575.15793887958	1
14030	4552.359913545253	21575.1361718313	1
14031	4553.26524735085	21575.26611638699	1
14032	4553.547058181604	21575.15744616396	1
14033	4568.802465251123	21572.41487742116	1
14034	4568.700009102409	21572.45026403149	1
14035	4569.866066053917	21572.29259786433	1
14036	4568.805770960404	21572.41437416906	1
14037	4569.884143838019	21572.28197188827	1
14038	4569.888127806364	21572.28118021147	1
14039	4609.005887932319	21564.94958714749	1
14040	4609.00721003802	21564.94933987966	1
14041	4611.101988927519	21564.4899017846	1
14042	4611.102569980314	21564.48980844037	1
14043	4612.177405559923	21564.2872712477	1
14044	4611.245390517055	21564.63558726032	1
14045	4611.895648274571	21564.57162248037	1
14046	4612.179348536243	21564.28688234642	1
14047	4613.657943247992	21565.64651737294	1
14048	4609.022815944103	21564.95319224433	1
14049	4610.655640725337	21567.0091551218	1
14050	4613.656752310053	21565.64589350013	1
14051	4652.915263168572	21557.06457052396	1
14052	4652.919119666447	21557.06379099527	1
14053	4654.150950468553	21557.0269867516	1
14054	4652.801513782179	21557.06591997822	1
14055	4654.155651194626	21557.02860466828	1
14056	4654.154141427774	21557.02659187758	1
14057	4724.363095544395	21543.86889929638	1
14058	4724.361511477095	21543.8690813123	1
14059	4725.440002187097	21543.68675696524	1
14060	4724.362988922978	21543.86875149533	1
14061	4725.444250348082	21543.68587062039	1
14062	4725.44403879944	21543.68598406929	1
14063	4740.350925118604	21541.10588436584	1
14064	4740.262708547525	21541.13599370661	1
14065	4741.347714690317	21540.7335531133	1
14066	4740.349749165762	21541.10631490121	1
14067	4741.364448695793	21540.74079862431	1
14068	4741.368096100399	21540.73995229607	1
14069	4788.538681700476	21533.05531298383	1
14070	4788.538264205388	21533.05538333156	1
14071	4789.645800292608	21532.98381481556	1
14072	4788.512515700015	21533.05621029397	1
14073	4789.645311871485	21532.98710754743	1
14074	4789.6522927201	21532.98263236327	1
14075	4823.620015116525	21528.80682152358	1
14076	4823.621657414536	21528.80660292886	1
14077	4824.800231405126	21528.29002721791	1
14078	4823.549217296008	21528.84356345744	1
14079	4824.774020492914	21528.2917817513	1
14080	4824.798969218973	21528.29104159247	1
14081	4908.287406757823	21514.25444989053	1
14082	4908.2883422788	21514.25449451574	1
14083	4909.403848367103	21514.30618869677	1
14084	4908.288247593155	21514.24909376514	1
14085	4909.204797810467	21514.37938457196	1
14086	4909.40429314127	21514.30600671426	1
14087	4916.826016104082	21513.25063441398	1
14088	4916.766965592687	21513.26237186605	1
14089	4917.87847744429	21513.18598768311	1
14090	4916.825649235398	21513.25065159022	1
14091	4917.92421540065	21513.15557142425	1
14092	4917.92426571151	21513.15555946987	1
14093	4930.995104689733	21511.8452724579	1
14094	4930.934542057745	21511.8330304578	1
14095	4930.386293784017	21513.55536345411	1
14096	4930.993829473504	21511.84577338255	1
14097	4931.265216427739	21512.76344863393	1
14098	4931.265077831456	21512.76338069288	1
14099	5019.934924224217	21498.82329719827	1
14100	5019.940553642751	21498.82225938854	1
14101	5021.064072479028	21498.83991393972	1
14102	5019.881234638044	21498.84446853283	1
14103	5021.060722602531	21498.85362205153	1
14104	5021.066361820267	21498.8389845075	1
14105	5135.78860166081	21476.71027406731	1
14106	5135.791083744378	21476.70976304741	1
14107	5136.934065301204	21476.39890274601	1
14108	5135.562027842272	21476.84868207925	1
14109	5136.895310973225	21476.4103263358	1
14110	5136.935146991746	21476.39876177465	1
14111	5191.848501111148	21464.73321681847	1
14112	5191.864036843763	21464.73008510667	1
14113	5192.961695569451	21464.66225286089	1
14114	5191.846931539651	21464.73696890731	1
14115	5192.9501453212	21464.67575111979	1
14116	5192.96543249354	21464.66128547295	1
14117	5226.085852113494	21457.98630469951	1
14118	5226.090572075511	21457.98552697896	1
14119	5228.291866081359	21457.6320082428	1
14120	5226.003661677765	21458.01963256704	1
14121	5228.148617123778	21457.68074950505	1
14122	5228.295570658054	21457.63147701171	1
14123	5395.616688033624	21424.77109955316	1
14124	5395.614529893966	21424.77144817082	1
14125	5396.671864573786	21424.73885256524	1
14126	5395.610679515579	21424.77188735753	1
14127	5396.63183200272	21424.7482590783	1
14128	5396.676975770155	21424.73761929818	1
14129	5444.878893543617	21416.58426981083	1
14130	5444.882358665986	21416.54220067323	1
14131	5445.807493877364	21416.42189886145	1
14132	5444.878182965214	21416.58446523264	1
14133	5445.740339212527	21416.43684070717	1
14134	5445.811567845754	21416.42116548958	1
14135	5494.152262053569	21407.77470658416	1
14136	5494.14681885048	21407.79462583721	1
14137	5494.92228503729	21407.53743021279	1
14138	5494.156108781986	21407.77391278714	1
14139	5495.07823968085	21407.49128176533	1
14140	5495.077507793321	21407.49136798928	1
14141	5565.528843152046	21393.36861970034	1
14142	5565.529347525153	21393.36846257987	1
14143	5566.518370932958	21393.54195995523	1
14144	5565.535405229602	21393.36857837479	1
14145	5566.48444867786	21393.54813469607	1
14146	5566.519820279966	21393.54159477355	1
14147	5585.054666490701	21390.1083288119	1
14148	5585.058830620605	21390.10746961219	1
14149	5586.087525793526	21390.15602967671	1
14150	5585.076430308516	21390.14156582177	1
14151	5586.023538065725	21390.1821898785	1
14152	5586.090383039962	21390.15537929166	1
14153	5687.834900264221	21372.7418946385	1
14154	5687.588751843665	21372.60328243127	1
14155	5688.579230118019	21373.42027087213	1
14156	5687.837335863907	21372.74140730191	1
14157	5688.648252901097	21373.39231879767	1
14158	5688.654336371692	21373.39099589805	1
14159	5894.361570521374	21323.51516061639	1
14160	5894.367297870689	21323.51418315205	1
14161	5895.448979419481	21323.35680727333	1
14162	5894.363360055373	21323.5147455999	1
14163	5895.448398846434	21323.35721827903	1
14164	5895.449561798072	21323.35666636637	1
14165	5922.850244207191	21317.54600113035	1
14166	5922.850905094936	21317.54589358186	1
14167	5923.919872920203	21317.32346873368	1
14168	5922.835959877586	21317.55008566425	1
14169	5923.918331004097	21317.32408221076	1
14170	5923.921284438402	21317.32311014792	1
14171	5932.987231182924	21315.40526777085	1
14172	5932.988848501351	21315.40491396643	1
14173	5933.058826061606	21315.38997202468	1
14174	5933.010665233189	21315.40020555292	1
14175	6001.554861449986	21301.43359688445	1
14176	6001.555591781624	21301.43344699537	1
14177	6002.635424207314	21301.25108741195	1
14178	6001.553977500414	21301.43374494379	1
14179	6002.645416867861	21301.24976750458	1
14180	6002.644251337741	21301.24998803981	1
14181	6161.631808508246	21268.4957875691	1
14182	6161.633135979879	21268.4954734173	1
14183	6162.737536542641	21268.29618916627	1
14184	6161.625501373957	21268.49726743233	1
14185	6162.736361363844	21268.29709847225	1
14186	6162.733048652881	21268.29729023834	1
14187	6170.485076605924	21266.70829293282	1
14188	6170.488023815618	21266.70768790373	1
14189	6171.581097052142	21266.50773334882	1
14190	6170.489423981577	21266.70740683423	1
14191	6171.582828404149	21266.50753953504	1
14192	6171.581469513418	21266.50773889148	1
14193	6179.314042730024	21264.9580332218	1
14194	6179.316855447774	21264.9572560606	1
14195	6180.393930670572	21264.73759719425	1
14196	6179.325622729724	21264.95669647634	1
14197	6180.393408712407	21264.73778547569	1
14198	6180.39299373026	21264.73780116405	1
14199	6187.955941694789	21263.18103295389	1
14200	6187.953936736041	21263.18099112166	1
14201	6188.956398863578	21263.16884772432	1
14202	6187.994687931961	21263.18133008517	1
14203	6188.705188960012	21263.30982814174	1
14204	6188.706365012971	21263.31002957807	1
14205	6243.906936750864	21251.91806384135	1
14206	6243.919141435297	21251.91650508541	1
14207	6309.935952744854	21238.12797499434	1
14208	6243.906865487923	21251.918055806	1
14209	6273.200671506405	21245.58089832938	1
14210	6273.199807782774	21245.58105896357	1
14211	6274.269971953996	21245.34822547225	1
14212	6273.204973380896	21245.58018605358	1
14213	6274.271447731298	21245.34768828833	1
14214	6274.270110464829	21245.34817442859	1
14215	6309.948800366488	21238.12472525503	1
14216	6309.951717641146	21238.12412046302	1
14217	6408.237488403218	21217.73247992662	1
14218	6408.236843454477	21217.73262063139	1
14219	6409.330065298476	21217.53229241434	1
14220	6408.25131009263	21217.73106578151	1
14221	6409.331256570818	21217.53268963544	1
14222	6409.330014679697	21217.5323157089	1
14223	6431.224158507714	21212.99792980099	1
14224	6431.225067426567	21212.99772010653	1
14225	6432.337107689469	21212.77865552966	1
14226	6431.216670206224	21212.99964285232	1
14227	6432.333164248907	21212.77993263181	1
14228	6432.338450003765	21212.77859564908	1
14229	6442.443202253547	21210.73152814717	1
14230	6442.443786913122	21210.73140370317	1
14231	6490.62193366728	21200.4927411607	1
14232	6490.622867744591	21200.49249698532	1
14233	6491.714866045921	21200.24426286081	1
14234	6490.619637612079	21200.49349054792	1
14235	6491.716771777952	21200.24427878189	1
14236	6491.718587965064	21200.24332778638	1
14237	6504.188881865819	21197.54643313084	1
14238	6504.186004590185	21197.54699113231	1
14239	6505.308615132351	21197.30957885705	1
14240	6504.176405421342	21197.54913422	1
14241	6505.308582535887	21197.3097151603	1
14242	6505.305333098804	21197.31030049451	1
14243	6514.303492277686	21195.38330450564	1
14244	6514.30657873	21195.38240591668	1
14245	6515.419894689869	21195.14762551779	1
14246	6514.30356077943	21195.38342229167	1
14247	6515.416453659534	21195.14862322888	1
14248	6515.425099633925	21195.14654377508	1
14249	6538.042183102691	21190.44789871543	1
14250	6538.040173892339	21190.44815469701	1
14251	6539.333901685837	21190.26892782761	1
14252	6538.037924677017	21190.4489267057	1
14253	6539.333009970083	21190.26815548249	1
14254	6539.333811951161	21190.26890436402	1
14255	6540.390310135612	21189.86473143873	1
14256	6540.39032067277	21189.86472638971	1
14257	6564.267881620675	21183.83364681737	1
14258	6564.262630452053	21183.83500291391	1
14259	6565.320291226788	21183.51822553273	1
14260	6564.262668768934	21183.83571844871	1
14261	6565.32203977363	21183.51781904914	1
14262	6565.320765181328	21183.51813477485	1
14263	6567.503401737951	21182.98629445637	1
14264	6567.501531717018	21182.98675266942	1
14265	6568.587098616525	21182.72136425719	1
14266	6567.492282545834	21182.98899791681	1
14267	6568.581678050803	21182.72269684379	1
14268	6568.58928675449	21182.72079746198	1
14269	6573.998651973438	21181.42050145857	1
14270	6573.997564872843	21181.42060069431	1
14271	6575.089862752939	21181.20765313107	1
14272	6573.995266487414	21181.42096945632	1
14273	6575.056978576002	21181.36322901157	1
14274	6575.090394552972	21181.20752043008	1
14275	6576.17144724133	21180.90724204356	1
14276	6575.054841592384	21181.36389957416	1
14277	6576.180180714582	21180.90500627015	1
14278	6576.173808536085	21180.90675218082	1
14279	6580.473102017189	21179.86442270496	1
14280	6580.47523191513	21179.86398784858	1
14281	6581.545953491295	21179.61086083757	1
14282	6580.479198905872	21179.86389629937	1
14283	6581.543230848154	21179.61264258836	1
14284	6581.545499777305	21179.61096506388	1
14285	6583.695417835028	21179.12586502464	1
14286	6583.691120178089	21179.12655135953	1
14287	6584.755391027196	21178.87088173927	1
14288	6583.685820474464	21179.12984669382	1
14289	6584.754029563861	21178.87150840201	1
14290	6584.756351632765	21178.87065984751	1
14291	6585.831417169247	21178.61364817982	1
14292	6585.827327346604	21178.61527422715	1
14293	6586.891454974655	21178.3796752917	1
14294	6585.832640259468	21178.61339317841	1
14295	6586.909624026564	21178.37224377594	1
14296	6586.918260874576	21178.36988840646	1
14297	6589.073460580898	21177.85349127372	1
14298	6589.064016513526	21177.85805985703	1
14299	6590.120900324429	21177.62813698285	1
14300	6589.081716957618	21177.85139369429	1
14301	6590.138122183213	21177.61679762662	1
14302	6590.139269124542	21177.61649279258	1
14303	6612.530576492194	21172.18197670986	1
14304	6612.529747899855	21172.18178693375	1
14305	6613.56405563408	21171.94651943564	1
14306	6612.52958207787	21172.18202976801	1
14307	6613.550591113919	21171.95083016567	1
14308	6613.566872297262	21171.94609738287	1
14309	6627.391439501545	21168.65129357231	1
14310	6627.390605429886	21168.65158128818	1
14311	6628.463449111325	21168.3927688552	1
14312	6627.387339679466	21168.65307511509	1
14313	6628.460726104619	21168.3937718805	1
14314	6628.461212050403	21168.39355042469	1
14315	6638.106034862227	21166.17406123708	1
14316	6638.107132865523	21166.173734588	1
14317	6639.17286140233	21165.9066461605	1
14318	6638.106021387503	21166.17432967344	1
14319	6639.172541741631	21165.90697574693	1
14320	6639.172501257388	21165.9067889149	1
14321	6644.503867459076	21164.7398842923	1
14322	6644.50356335094	21164.73996216989	1
14323	6645.592754527868	21164.49481293366	1
14324	6644.501660019858	21164.74061361026	1
14325	6645.591678845463	21164.49510174505	1
14326	6645.591939572943	21164.4949598035	1
14327	6656.16626201733	21162.10248455206	1
14328	6656.169431642746	21162.10180810366	1
14329	6658.347866022319	21161.63905401901	1
14330	6656.166935247718	21162.10238445945	1
14331	6658.336290978361	21161.64194728449	1
14332	6658.346954158216	21161.63928268098	1
14333	6661.541163261281	21160.9348449835	1
14334	6661.537147567782	21160.9356577899	1
14335	6662.597865238669	21160.81105128652	1
14336	6661.542052756005	21160.93469019187	1
14337	6662.608384206425	21160.80643132657	1
14338	6662.597920285014	21160.81091069426	1
14339	6695.539508221322	21153.42428763681	1
14340	6695.538366094406	21153.42472807793	1
14341	6696.609966613527	21153.20807215832	1
14342	6695.533778699697	21153.42538587524	1
14343	6696.552496187156	21153.22911972542	1
14344	6696.615539887454	21153.20678192834	1
14345	6698.729492242623	21152.72480403509	1
14346	6698.731386469619	21152.72439495639	1
14347	6699.792000644724	21152.50834775798	1
14348	6698.72284391633	21152.73009011705	1
14349	6699.788764898898	21152.50923994873	1
14350	6699.789916692825	21152.50887364485	1
14351	6705.160162481479	21151.42070974203	1
14352	6705.164653195883	21151.41846309084	1
14353	6706.226087280724	21151.1339389471	1
14354	6705.161115404568	21151.4207318914	1
14355	6706.186691756186	21151.14777753481	1
14356	6706.187380559277	21151.14772321253	1
14357	6721.109720195294	21147.84173452424	1
14358	6721.109720196284	21147.84173452401	1
14359	6723.225589077862	21147.38798380706	1
14360	6721.111166550603	21147.84260444941	1
14361	6723.216340386483	21147.39058863992	1
14362	6723.225447889068	21147.3880077491	1
14363	6734.874477665348	21144.71295977453	1
14364	6734.86969639844	21144.71444786673	1
14365	6739.106051980227	21143.72259439925	1
14366	6734.874477664416	21144.7129597749	1
14367	6739.153173049039	21143.70933107512	1
14368	6739.154019552399	21143.70921365047	1
14369	6741.281078701199	21143.22805031277	1
14370	6741.252708579472	21143.23506611303	1
14371	6742.348732249287	21143.04912763696	1
14372	6741.280113925575	21143.2282680386	1
14373	6742.349892803817	21143.04695011624	1
14374	6742.354775769287	21143.04600245888	1
14375	6746.604445902107	21142.04473521308	1
14376	6746.578947381582	21142.05562562295	1
14377	6747.607276065275	21141.84874021063	1
14378	6746.60759312124	21142.0438914466	1
14379	6747.626490127994	21141.84049185585	1
14380	6747.626490128867	21141.84049185547	1
14381	6750.795654113928	21141.11673241461	1
14382	6750.79153101251	21141.11808312438	1
14383	6751.846533716074	21140.89728097314	1
14384	6750.801395229879	21141.11536294471	1
14385	6751.851183803112	21140.8931623535	1
14386	6751.852762297087	21140.89277173527	1
14387	6756.156839556585	21139.91355536706	1
14388	6756.150231167441	21139.91890877248	1
14389	6758.288455187751	21139.44857977804	1
14390	6756.160823509505	21139.91243415675	1
14391	6758.290475762915	21139.44737085592	1
14392	6758.293125446013	21139.44695988724	1
14393	6759.350444516225	21139.2173065887	1
14394	6759.348592378548	21139.21792715284	1
14395	6760.451674601762	21138.98166241054	1
14396	6759.351040702371	21139.21722741547	1
14397	6760.442620142654	21138.98259532732	1
14398	6760.442333578307	21138.98253804871	1
14399	6762.570837779902	21138.48542631597	1
14400	6762.540912451455	21138.50350870242	1
14401	6763.64242152631	21138.25357725634	1
14402	6762.57563982805	21138.48419746011	1
14403	6763.646518237016	21138.25198419229	1
14404	6763.645712050726	21138.25214030797	1
14405	6814.488348728744	21126.41034511839	1
14406	6814.486047352257	21126.41062861433	1
14407	6815.523713933886	21126.31378602376	1
14408	6814.489417810692	21126.41003912371	1
14409	6815.43496783619	21126.34469136544	1
14410	6815.524133520201	21126.31366807755	1
14411	6851.097843217838	21117.98235369999	1
14412	6851.100166369812	21117.98240267527	1
14413	6853.211610482016	21117.6029332162	1
14414	6853.213685819821	21117.60247202843	1
14415	6854.266780410311	21117.38492069791	1
14416	6853.19261954457	21117.60901845874	1
14417	6854.269799646048	21117.38510124772	1
14418	6854.274982638715	21117.38367181297	1
14419	6855.328061708773	21117.14529901808	1
14420	6855.331708779675	21117.14406993735	1
14421	6856.353928837518	21116.82828991796	1
14422	6855.305825040268	21117.15659856999	1
14423	6856.305804938544	21116.83912333588	1
14424	6856.355437237769	21116.82778949189	1
14425	6863.856004181027	21115.1751016763	1
14426	6863.393347148376	21115.40330050346	1
14427	6863.8476753672	21115.14321401945	1
14428	6863.855368058255	21115.17528501583	1
14429	6874.523579643632	21112.45920977583	1
14430	6874.52406397427	21112.45938392113	1
14431	6875.560889354558	21112.21559332714	1
14432	6874.524043740705	21112.45933636546	1
14433	6875.560409002937	21112.21593907195	1
14434	6875.563517382951	21112.21496542191	1
14435	6879.831791633507	21111.24852780465	1
14436	6879.823660207097	21111.25100745257	1
14437	6880.88623810251	21111.00836633715	1
14438	6879.83030381694	21111.24888274744	1
14439	6880.89203171141	21111.00516979768	1
14440	6880.891943949682	21111.0052038738	1
14441	6893.954110933293	21107.87985176381	1
14442	6893.95124831592	21107.88025505598	1
14443	6894.180765563564	21107.84547432553	1
14444	6894.183140150679	21107.84489084692	1
14445	6981.223059702781	21088.71070118756	1
14446	6981.223438953748	21088.71062609731	1
14447	6982.331260257983	21088.46003079461	1
14448	6981.127592653385	21088.75271590331	1
14449	6982.318128805549	21088.46322158162	1
14450	6982.331815535028	21088.45982205046	1
14451	6996.091868387128	21085.42003133541	1
14452	6996.091868388117	21085.42003133524	1
14453	6999.257881934231	21084.84170840156	1
14454	6996.082109896	21085.42322025938	1
14455	6999.158783543797	21084.90582874488	1
14456	6999.157962377358	21084.90602076524	1
14457	7030.961261675868	21078.35383119566	1
14458	7030.907727367477	21078.45673176823	1
14459	7039.306284714025	21076.4104871684	1
14460	7030.96211112733	21078.35359535146	1
14461	7035.20050501026	21077.08914836439	1
14462	7035.20175789413	21077.08889937691	1
14463	7036.27776353294	21076.90843208526	1
14464	7035.20236929995	21077.08832787196	1
14465	7036.276305991109	21076.90913161025	1
14466	7036.277453059156	21076.90814282983	1
14467	7039.410064343421	21076.35044434709	1
14468	7039.411129219749	21076.35003512469	1
14469	7040.45393143245	21076.28039362192	1
14470	7040.348078573064	21076.35298549246	1
14471	7054.284688937187	21073.23809602662	1
14472	7039.417560145259	21076.33992173575	1
14473	7040.443752774096	21076.28310180786	1
14474	7040.452914190129	21076.28097876522	1
14475	7044.782250760938	21075.12974625103	1
14476	7044.780951565073	21075.13009549551	1
14477	7045.82372888719	21074.96443912783	1
14478	7044.766371176695	21075.13222639967	1
14479	7045.822748676816	21074.96699484972	1
14480	7045.824130677967	21074.96435130057	1
14481	7054.379235171538	21073.17114864706	1
14482	7054.379662326071	21073.17105305898	1
14483	7055.440883576463	21073.13473702425	1
14484	7055.334839095245	21073.41783772964	1
14485	7059.669540711446	21072.08355185089	1
14486	7055.438088083232	21073.13614933993	1
14487	7057.562717151246	21072.44945332839	1
14488	7057.558541732375	21072.45073154018	1
14489	7058.616403727036	21072.24139312569	1
14490	7057.564295126649	21072.44578933649	1
14491	7058.602309325419	21072.2438085769	1
14492	7058.613629604573	21072.24232776916	1
14493	7059.685724640614	21072.06825139719	1
14494	7059.694200713304	21072.06517155718	1
14495	7063.949369307607	21071.21970473425	1
14496	7063.945877512393	21071.21982704561	1
14497	7065.037382361304	21071.05053101658	1
14498	7063.949845233001	21071.21962915751	1
14499	7065.034315649362	21071.050620372	1
14500	7065.042431048001	21071.04892053748	1
14501	7066.109459953965	21070.89801983711	1
14502	7066.104505964904	21070.90958861016	1
14503	7067.107990469376	21070.70967571879	1
14504	7066.109662349336	21070.89782625632	1
14505	7067.186122325191	21070.66564843858	1
14506	7067.182904467161	21070.666273343	1
14507	7077.958872140618	21068.60276241425	1
14508	7077.95867437101	21068.60280563506	1
14509	7078.531026564771	21068.50417808126	1
14510	7078.532309869654	21068.5038745417	1
14511	7092.528327237407	21066.03717993348	1
14512	7092.507152343984	21066.04383063699	1
14513	7093.573966242664	21065.84301257795	1
14514	7092.528518277453	21066.03725564154	1
14515	7093.577645126963	21065.84151127826	1
14516	7093.575907458842	21065.84185976111	1
14517	7106.398299154069	21063.29516057831	1
14518	7106.399144024064	21063.29498637875	1
14519	7107.466295275313	21063.12418632655	1
14520	7106.344174245198	21063.31783750719	1
14521	7107.454070668027	21063.12878288795	1
14522	7107.466295276186	21063.12418632616	1
14523	7153.356423911289	21054.7102369597	1
14524	7153.358003891364	21054.71096294608	1
14525	7154.414224234119	21054.54142085203	1
14526	7153.356645977823	21054.71101764672	1
14527	7154.400592604652	21054.5460039685	1
14528	7154.417427485692	21054.54079639251	1
14529	7159.779218354786	21053.64018062441	1
14530	7159.781785026658	21053.63921620292	1
14531	7160.819176988734	21053.49646604749	1
14532	7159.781795756659	21053.6376304041	1
14533	7160.811388077855	21053.4980015677	1
14534	7160.818070791429	21053.49588651293	1
14535	7166.198222591309	21052.73539381411	1
14536	7166.193983077595	21052.73622090984	1
14537	7167.284767314151	21052.61829330651	1
14538	7166.186528814607	21052.73642309189	1
14539	7167.284028109629	21052.61830669243	1
14540	7167.285368478042	21052.61799321564	1
14541	7168.361962318188	21052.5193322232	1
14542	7168.352398805961	21052.52019246112	1
14543	7169.403268326365	21052.46307226967	1
14544	7168.362904132169	21052.51927349937	1
14545	7169.423231518944	21052.45474014583	1
14546	7169.422169595433	21052.45494905877	1
14547	7175.902185393614	21051.66207739308	1
14548	7175.913492781867	21051.66391733494	1
14549	7176.948687718424	21051.63956858145	1
14550	7175.902171687689	21051.66213746443	1
14551	7176.996800246299	21051.59379542604	1
14552	7176.989667152171	21051.59651614895	1
14553	7184.579672889726	21050.66759607047	1
14554	7184.570984833001	21050.67922181893	1
14555	7185.651253628195	21050.48775940014	1
14556	7184.568649237161	21050.66999103199	1
14557	7185.65255775582	21050.48657473364	1
14558	7185.653033277194	21050.48680459068	1
14559	7207.288755418267	21047.66381357736	1
14560	7207.290650852141	21047.6854946001	1
14561	7209.396764061064	21047.76156985671	1
14562	7207.288024214038	21047.66398974356	1
14563	7209.419940068154	21047.74387784785	1
14564	7209.422824065259	21047.74398707761	1
14565	7225.753367009747	21045.73404671146	1
14566	7225.744922130776	21045.73446601575	1
14567	7226.813666132686	21045.7788788205	1
14568	7225.752012064157	21045.7344093182	1
14569	7226.814412956883	21045.77902984988	1
14570	7226.815077481908	21045.77889032271	1
14571	7309.616949489282	21038.90424233992	1
14572	7309.616205152648	21038.904466641	1
14573	7310.700652521104	21038.90969196194	1
14574	7309.614524588338	21038.90206543959	1
14575	7310.665475155576	21038.90723904993	1
14576	7310.699381822487	21038.90976707337	1
14577	7449.396827912424	21059.30183952809	1
14578	7449.39684664103	21059.30148293431	1
14579	7471.902011161146	21039.9988328092	1
14580	7471.907616157259	21039.99809034057	1
14581	7474.803947249777	21041.86197712431	1
14582	7451.806098708941	21059.72458272371	1
14583	7463.151141216804	21062.62874272174	1
14584	7463.505861979502	21060.88636155202	1
14585	7463.169098787068	21063.10702882666	1
14586	7463.20555382676	21062.66285780515	1
14587	7461.701712567534	21069.81332330388	1
14588	7461.723057122494	21069.83508442622	1
14589	7461.731842956331	21070.60584913936	1
14590	7461.748870220094	21070.63477673773	1
14591	7464.537882391829	21077.56818366913	1
14592	7464.410529308021	21076.93309977928	1
14593	7465.227901146689	21080.33374594549	1
14594	7464.555473309883	21077.58671414599	1
14595	7466.387579324539	21083.71826645947	1
14596	7466.154501549958	21082.84188771382	1
14597	7466.721232632	21085.24727704994	1
14598	7466.721075374749	21085.24672087147	1
14599	7467.635483693506	21087.52735516031	1
14600	7467.633244272205	21087.52829678744	1
14601	7468.448050400009	21088.5685409171	1
14602	7468.439697046648	21088.54390026618	1
14603	7470.220463105477	21091.04519329328	1
14604	7470.219887651328	21091.04551322902	1
14605	7471.103173479903	21091.91893265248	1
14606	7470.51663119992	21091.32582830025	1
14607	7475.56059516099	21097.19641076717	1
14608	7474.508208714833	21095.77355186829	1
14609	7476.599697424157	21098.60046619087	1
14610	7475.53300052532	21097.16876460061	1
14611	7609.306608668994	21044.8030499519	1
14612	7471.794816267793	21039.9447440009	1
14613	7495.367091053165	21019.44398003928	1
14614	7474.801322229556	21041.86242029045	1
14615	7487.254136537085	21026.35827149292	1
14616	7487.250310411386	21026.36066826677	1
14617	7488.045487430005	21025.60361968212	1
14618	7487.218828865269	21026.36660988883	1
14619	7488.037786089466	21025.60197859159	1
14620	7488.045598317403	21025.60229527824	1
14621	7495.68555967143	21020.07185383081	1
14622	7495.686038891145	21020.07075112605	1
14623	7500.682438049582	21017.41052864177	1
14624	7500.684932362405	21017.40988945441	1
14625	7501.665163502388	21016.84032159118	1
14626	7500.654848557373	21017.41546159861	1
14627	7501.644551155681	21016.83459962589	1
14628	7501.664963424555	21016.84029602501	1
14629	7638.52482971258	20982.79037637039	1
14630	7608.985872919788	21045.4239640805	1
14631	7610.619925537379	21042.21411583006	1
14632	7609.306109166006	21044.80330909969	1
14633	7650.662617664842	20989.22281847044	1
14634	7650.653159719892	20989.22628348891	1
14635	7650.90828273748	20990.40295667306	1
14636	7651.035047793528	20988.97000018026	1
14637	7651.222487846098	20990.41347581235	1
14638	7651.207778024429	20990.40390204049	1
14639	7673.323842914135	20968.79704200241	1
14640	7638.521227552556	20982.79380868241	1
14641	7621.745095692459	20974.39680440311	1
14642	7621.718856213731	20974.37845871115	1
14643	7622.553457619273	20973.76515290808	1
14644	7621.745170021197	20974.39804365288	1
14645	7622.573366927565	20973.76469185298	1
14646	7622.57145482261	20973.76521297119	1
14647	7634.084330512967	20968.70802986722	1
14648	7634.08257292636	20968.72395144116	1
14649	7636.185675759742	20968.37390282001	1
14650	7634.084695152706	20968.70812288728	1
14651	7636.17600727448	20968.3513894656	1
14652	7636.176496671804	20968.35115492489	1
14653	7640.256117873185	20967.27819899455	1
14654	7640.259028868517	20967.27994239274	1
14655	7641.278472790145	20967.04326302544	1
14656	7640.256833745691	20967.27745927626	1
14657	7641.287157950865	20967.03677377426	1
14658	7641.285808186803	20967.0345768051	1
14659	7645.568958476128	20966.19311831291	1
14660	7645.465818852652	20966.20477895279	1
14661	7645.420512885088	20966.33031769518	1
14662	7645.422470958496	20966.32611137399	1
14663	7645.58855175873	20966.18160014914	1
14664	7645.748098207929	20966.06860216396	1
14665	7648.742362054531	20965.29718076394	1
14666	7645.572316436679	20966.19224294547	1
14667	7648.751199988357	20965.29147529451	1
14668	7648.75017751538	20965.29183081033	1
14669	7649.817160111503	20965.15088547556	1
14670	7649.813933975005	20965.15404086729	1
14671	7650.797239322856	20965.04952242641	1
14672	7649.810859157355	20965.15290392887	1
14673	7650.831040671794	20965.01744850428	1
14674	7650.831134663837	20965.01737120815	1
14675	7657.019315793645	20964.03952193068	1
14676	7657.027211213892	20964.03756510482	1
14677	7658.008676455356	20964.03843084274	1
14678	7657.047961444594	20964.05263254782	1
14679	7658.019324285793	20964.04198624205	1
14680	7658.009265676665	20964.03721774698	1
14681	7689.495867374644	20961.23921293156	1
14682	7689.492149127531	20961.24459710287	1
14683	7687.966157884221	20962.55450615085	1
14684	7690.342152862286	20960.70631734049	1
14685	7688.149437897722	20962.47278493645	1
14686	7688.09264617489	20962.49708377365	1
14687	7678.084732390416	20966.85553576511	1
14688	7678.093790015148	20966.8538003105	1
14689	7712.086762831197	20956.48522365345	1
14690	7712.085026664776	20956.48579738719	1
14691	7713.275539643888	20956.22654556655	1
14692	7712.13977073686	20956.46179815521	1
14693	7713.302110736433	20956.2133412	1
14694	7713.263564532157	20956.22915879725	1
14695	7714.631043799862	20955.90369116726	1
14696	7714.643331352796	20955.90020553212	1
14697	7715.863729763718	20955.69188324336	1
14698	7714.650840897462	20955.89725869595	1
14699	7715.889913859603	20955.68952936825	1
14700	7715.858780368522	20955.6931255034	1
14701	7730.329648370796	20951.9734239932	1
14702	7730.331842809857	20951.97201432714	1
14703	7730.330995344615	20955.05168533126	1
14704	7730.336529843451	20955.0508864553	1
14705	7731.207110234653	20955.67103896852	1
14706	7730.331001331855	20955.05133995264	1
14707	7731.191895202617	20955.6652762273	1
14708	7731.19085661188	20955.66614305322	1
14709	7742.616380002932	20955.00064890327	1
14710	7742.613279352256	20955.00357148073	1
14711	7743.591224821343	20954.89441487878	1
14712	7742.613030306122	20955.00163271125	1
14713	7743.586909596052	20954.89181775809	1
14714	7743.586631100043	20954.89192221744	1
14715	7768.487728888867	20948.44171009315	1
14716	7768.487213111657	20948.44187097293	1
14717	7769.498183694493	20948.16649073844	1
14718	7768.481295210426	20948.44784991224	1
14719	7769.499888040475	20948.17125054067	1
14720	7769.500583380111	20948.16615190333	1
14721	7784.409991000954	20943.87671928952	1
14722	7784.41104328807	20943.87669745814	1
14723	7785.441079481039	20943.82766893283	1
14724	7784.410416508617	20943.87722416095	1
14725	7785.426298433682	20943.84067386497	1
14726	7785.441139974981	20943.82761989651	1
14727	7808.338691206125	20936.78528939751	1
14728	7808.339418461779	20936.78535285351	1
14729	7809.32493961486	20936.72114533759	1
14730	7808.341959175479	20936.78591287492	1
14731	7809.304422712827	20936.73438205516	1
14732	7809.326468281972	20936.72003125546	1
14733	7823.516020668321	20932.65988224806	1
14734	7730.558939597744	20951.93254949323	1
14735	8511.492966887192	20723.34729588748	1
14736	7823.522721161018	20932.65771534442	1
14737	7824.530167791469	20932.44782493386	1
14738	7823.516177017766	20932.66092575152	1
14739	7824.528805646754	20932.44883850904	1
14740	7824.52812598634	20932.44842241245	1
14741	7825.569432837947	20932.25312957883	1
14742	7825.567810658016	20932.25387055764	1
14743	7826.574313697463	20931.95032646029	1
14744	7825.56493126665	20932.25941918509	1
14745	7826.573892121261	20931.95174561884	1
14746	7826.575589114742	20931.94997295866	1
14747	7865.768592064444	20920.58767145254	1
14748	7865.769949479145	20920.5872664017	1
14749	7866.774020223005	20920.22671186794	1
14750	7865.772302444559	20920.58820116178	1
14751	7866.77261414862	20920.22800823076	1
14752	7866.774172104662	20920.22685881128	1
14753	7898.840235564276	20910.44587579134	1
14754	7898.840235565265	20910.44587579112	1
14755	7899.843472788518	20910.04846437224	1
14756	7898.837333639851	20910.44864228657	1
14757	7899.84052351414	20910.04995942831	1
14758	7899.839160705509	20910.0499566142	1
14759	7938.050430324278	20898.45130519842	1
14760	7938.050589294406	20898.45127072059	1
14761	7939.056747708295	20898.28726184782	1
14762	7938.041338169249	20898.45663405685	1
14763	7939.05099668476	20898.28975140671	1
14764	7939.053412005596	20898.28828106359	1
14765	7940.068846049369	20898.01349299262	1
14766	7940.068001587351	20898.0137507197	1
14767	7941.084717747348	20897.74326126429	1
14768	7940.060539618251	20898.02013472679	1
14769	7941.076300081098	20897.74967016254	1
14770	7941.081889583671	20897.74396934223	1
14771	8033.160019970324	20869.78892160469	1
14772	8033.159563106659	20869.78906643287	1
14773	8034.191252869554	20869.63336821693	1
14774	8033.16122335929	20869.78893915728	1
14775	8034.185334324662	20869.63712829706	1
14776	8034.185825116874	20869.63697020828	1
14777	8208.405133803433	20819.90668108517	1
14778	8208.422473107057	20819.97368781245	1
14779	8208.076965457643	20819.18817035906	1
14780	8208.405133802444	20819.90668108539	1
14781	8248.393859113858	20800.68114481998	1
14782	8248.386407194834	20800.68475958807	1
14783	8249.372628387879	20800.28041503594	1
14784	8248.394276735082	20800.68100274981	1
14785	8249.370530274464	20800.28141802472	1
14786	8249.365897598094	20800.28289800046	1
14787	8268.243915395462	20793.79669803759	1
14788	8268.218850065314	20793.81309021863	1
14789	8270.295403345954	20793.5902460922	1
14790	8268.243875656393	20793.79690948988	1
14791	8270.309055569873	20793.40905813657	1
14792	8270.295867239241	20793.59009918608	1
14793	8314.068681222096	20778.54065022795	1
14794	8314.068057935918	20778.5409688529	1
14795	8315.085904908192	20778.36568697627	1
14796	8314.063924324641	20778.54319798935	1
14797	8315.085043504776	20778.36680695192	1
14798	8315.085534259037	20778.36580278174	1
14799	8372.954482785542	20760.89488812397	1
14800	8372.958117357106	20760.89328591568	1
14801	8373.964189067832	20760.66985607024	1
14802	8372.955961275089	20760.89436145507	1
14803	8373.960953312344	20760.67201111827	1
14804	8373.964189066959	20760.66985607069	1
14805	8376.995750406757	20759.9238710136	1
14806	8376.996836906532	20759.92341881884	1
14807	8378.00678464782	20759.74592759596	1
14808	8376.995587447425	20759.92385463996	1
14809	8378.005659309623	20759.74735913158	1
14810	8378.007420378271	20759.74516230424	1
14811	8381.031535446702	20758.92271864407	1
14812	8381.026473304664	20758.925467346	1
14813	8382.052266148443	20758.88974764403	1
14814	8381.03413109621	20758.92208684367	1
14815	8382.055497449241	20758.88698124901	1
14816	8382.055709114007	20758.88675230641	1
14817	8510.496594160155	20720.59477814635	1
14818	8510.497401206114	20720.59430457423	1
14819	8511.415639709681	20721.09359348923	1
14820	8510.49523390946	20720.59554517743	1
14821	8511.413515047694	20721.09621469201	1
14822	8511.417060739128	20721.09304206048	1
14823	8511.671041590045	20723.29417572666	1
14824	8511.671041591035	20723.29417572649	1
14825	8512.838595535955	20723.51824711222	1
14826	8511.662376418361	20723.29634093111	1
14827	8512.839571806078	20723.51793430216	1
14828	8512.83648758597	20723.51824940903	1
14829	8541.085592807736	20718.52113815858	1
14830	8541.085844279383	20718.52105461115	1
14831	8542.119472329563	20718.18865386917	1
14832	8541.082748236018	20718.52310208462	1
14833	8542.155600239639	20718.56885958488	1
14834	8542.123253789963	20718.18782936373	1
14835	8561.239278081281	20713.77419567596	1
14836	8561.252249843266	20713.7776092878	1
14837	8562.13134072104	20713.3990955584	1
14838	8561.239926903509	20713.774030001	1
14839	8562.21077678469	20713.36280826713	1
14840	8562.213686918083	20713.36160113621	1
14841	8724.34382487199	20673.40194927706	1
14842	8724.341053430864	20673.40213229492	1
14843	8725.260663421708	20673.00121928876	1
14844	8724.452773275261	20673.64601446279	1
14845	8725.01887150103	20673.34747189021	1
14846	8725.269406729785	20672.99885124894	1
14847	8822.221125048061	20646.11742616824	1
14848	8822.194251895882	20646.15297702108	1
14849	8823.258996354416	20645.8516265356	1
14850	8822.220847158926	20646.11713082423	1
14851	8823.271394403186	20645.81227180781	1
14852	8823.268202396634	20645.81346642998	1
14853	8850.525740754907	20638.30350319898	1
14854	8850.497355028696	20638.3794188367	1
14855	8851.498935737414	20637.55283200002	1
14856	8850.528030300629	20638.3023718574	1
14857	8851.472955622303	20637.54400621232	1
14858	8851.47470022412	20637.5429972882	1
14859	8887.384915894363	20626.94466877184	1
14860	8887.3884548879	20626.94765907932	1
14861	8887.852256979211	20625.74313526361	1
14862	8887.160549702065	20627.94716828208	1
14863	8887.840332213324	20625.64616254034	1
14864	8887.861439678585	20625.74098779026	1
14865	8983.030848570343	20593.5528699259	1
14866	8983.031494768511	20593.55308993754	1
14867	8984.123266815906	20593.48353389245	1
14868	8983.1080448149	20593.75439571605	1
14869	8984.132552893076	20593.48664204951	1
14870	8984.121947859123	20593.48256780249	1
14871	8989.189426138182	20591.72074319265	1
14872	8989.225705420598	20592.02801417309	1
14873	8990.213854266098	20591.66938414247	1
14874	8989.189754952502	20591.7206352055	1
14875	8990.208976967901	20591.45462808666	1
14876	8990.208883513929	20591.45476302575	1
14877	9002.982276906259	20588.34212087567	1
14878	9002.968213863438	20588.31829012952	1
14879	9003.80552594841	20589.05123195857	1
14880	9002.98302046099	20588.34108004829	1
14881	9003.823489864822	20588.99980315576	1
14882	9003.824537159817	20588.99951300628	1
14883	9233.359379759466	20515.48568054445	1
14884	9233.359728688898	20515.48578423656	1
14885	9234.35893976927	20515.44271142921	1
14886	9233.340865026985	20515.56123119868	1
14887	9234.316753060208	20515.49994606384	1
14888	9234.367456226493	20515.43944630441	1
14889	9239.539125024341	20513.29836695071	1
14890	9239.542696072196	20513.29714860533	1
14891	9240.604440077092	20513.12827137196	1
14892	9239.301584880508	20513.81498868898	1
14893	9240.57040765608	20513.26813608194	1
14894	9240.603075334162	20513.12888035584	1
14895	9297.970791379281	20486.69266765301	1
14896	9297.993508076121	20486.74379841204	1
14897	9296.33848894015	20489.44290399467	1
14898	9296.334445778863	20489.44845131022	1
14899	9297.072495420231	20489.69427012299	1
14900	9297.064245848975	20489.70104020865	1
14901	9298.99588130269	20487.49897598359	1
14902	9299.012271057582	20487.51849320449	1
14903	9299.515398981457	20486.39978048401	1
14904	9299.527624336188	20486.39820872286	1
14905	9297.957846290083	20486.62154849996	1
14906	9299.515998336137	20486.42090667053	1
14907	9297.946868827217	20486.62153159938	1
14908	9297.979871869728	20486.68547700432	1
14909	9298.449444509577	20485.69971908686	1
14910	9298.574300698063	20485.87094856863	1
14911	9298.449600228923	20485.75472121566	1
14912	9298.450214151468	20485.69945028557	1
14913	9350.882937155606	20461.26169312494	1
14914	9350.875043680426	20461.26475882469	1
14915	9351.840491501789	20460.8092254378	1
14916	9350.880588953267	20461.26434368881	1
14917	9351.843633298413	20460.8107995907	1
14918	9351.844179999374	20460.80784680972	1
14919	9365.761694740562	20454.66369096948	1
14920	9365.759901703335	20454.66445315081	1
14921	9366.729121760814	20454.20112383823	1
14922	9365.761895661417	20454.66573764564	1
14923	9366.725984373305	20454.20898031799	1
14924	9366.727682443161	20454.20127962682	1
14925	9396.175252833404	20440.58947761193	1
14926	9396.171110360476	20440.5904733431	1
14927	9397.173428285168	20440.23557775323	1
14928	9396.17491631594	20440.58962902922	1
14929	9397.165003903152	20440.27709091723	1
14930	9397.171153381525	20440.23668470112	1
14931	9426.791215978563	20426.08242261285	1
14932	9426.791330857668	20426.08237799989	1
14933	9426.762165204971	20426.08539923375	1
14934	9426.762240342388	20426.08530015494	1
14935	9427.074169874249	20425.99539566526	1
14936	9427.07333748549	20425.99568948958	1
14937	9454.973551616829	20415.47744599025	1
14938	9454.960108021449	20415.46230188879	1
14939	9454.972788103914	20415.48969423448	1
14940	9454.97506023274	20415.48191512638	1
14941	9476.914400578709	20404.89966720705	1
14942	9476.911698240787	20404.90041707081	1
14943	9477.966057076934	20404.61729070421	1
14944	9476.912765892164	20404.9002514931	1
14945	9477.950529167487	20404.66976314155	1
14946	9477.968912653159	20404.61647947431	1
14947	9565.837507909338	20367.20272490436	1
14948	9565.837213547842	20367.20285618716	1
14949	9566.775313697639	20366.66688496819	1
14950	9565.845633278892	20367.2047804047	1
14951	9566.771091629169	20366.66899434358	1
14952	9566.777485156839	20366.66615982369	1
14953	9571.797493917809	20364.73236787119	1
14954	9571.797630566289	20364.73225593799	1
14955	9572.834483769489	20364.33960574229	1
14956	9571.800841873686	20364.73404976955	1
14957	9572.837281169835	20364.33841718308	1
14958	9572.840720600565	20364.33677333021	1
14959	9630.892819820961	20344.27977643899	1
14960	9630.892462388612	20344.28095137818	1
14961	9631.584915789485	20343.45860223979	1
14962	9630.892026209796	20344.39095332799	1
14963	9631.573617525981	20343.45234315738	1
14964	9631.5846001436	20343.45876582327	1
14965	9773.261283221771	20276.18204066138	1
14966	9773.259216553532	20276.18182313879	1
14967	9774.292937629507	20275.87276482838	1
14968	9773.261466154654	20276.18197407653	1
14969	9774.298096201674	20275.87122082146	1
14970	9774.294966132962	20275.87221093339	1
14971	9784.27048100502	20271.38889060364	1
14972	9784.271633546334	20271.38869053221	1
14973	9784.658863893361	20271.22294363898	1
14974	9784.268651927472	20271.38968287329	1
14975	9784.667238440306	20271.22041277747	1
14976	9784.676937390876	20271.21663303098	1
14977	9797.302364799078	20267.51718834538	1
14978	9797.297936523042	20267.52295186443	1
14979	9804.29530867259	20265.23043566107	1
14980	9797.303507788107	20267.51677057507	1
14981	9804.297224905575	20265.21216704277	1
14982	9804.295381670236	20265.21291637163	1
14983	9845.492681810691	20249.1517521979	1
14984	9845.453395914403	20249.24802537826	1
14985	9846.551717955794	20249.18839010809	1
14986	9845.491203905665	20249.15140449634	1
14987	9846.566548890201	20249.15628880283	1
14988	9846.56660332944	20249.15632352282	1
14989	9908.526483178139	20220.39843273001	1
14990	9908.523759490578	20220.3987735683	1
14991	9909.014256925264	20220.35505643348	1
14992	9908.534276210004	20220.39808671677	1
14993	9908.963320351788	20220.36051309881	1
14994	9908.994251417986	20220.35458406814	1
14995	9942.341155982984	20207.62141153578	1
14996	9942.338817059936	20207.6225066699	1
14997	9943.301589863957	20207.30350271682	1
14998	9942.339834305109	20207.62193550597	1
14999	9943.30564692826	20207.29779705714	1
15000	9943.321976803301	20207.29258332701	1
15001	10100.3759412017	20149.30068626875	1
15002	10100.37600546534	20149.30024999453	1
15003	10101.43274289812	20149.22035569003	1
15004	10100.39019366069	20149.370450576	1
15005	10101.42242023896	20149.23288654079	1
15006	10101.43107120437	20149.22145897505	1
15007	10127.65966882929	20144.70071249503	1
15008	10127.59527863958	20145.1621580665	1
15009	10127.63163430954	20144.68079716949	1
15010	10127.6602121155	20144.70034215227	1
15011	10184.06939469377	20116.55014551046	1
15012	10184.07826407516	20116.54832335022	1
15013	10184.97297585872	20116.22439159988	1
15014	10184.08852192847	20116.56486155623	1
15015	10184.90857182082	20116.36780385604	1
15016	10184.97476480628	20116.22378473073	1
15017	10207.49342741183	20108.71367381722	1
15018	10207.45487643522	20108.52112991477	1
15019	10207.49308445386	20108.72106893805	1
15020	10207.50024169718	20108.71191963937	1
15021	10239.0785072876	20095.91465009997	1
15022	10239.02699032519	20095.94485917186	1
15023	10241.23474216159	20096.0860058524	1
15024	10239.07870837877	20095.91434323039	1
15025	10241.29249853425	20095.93206294269	1
15026	10241.29397091252	20095.93129007825	1
15027	10292.02498619159	20068.98458970975	1
15028	10292.04594427883	20068.99322897871	1
15029	10292.55248039513	20069.37286391844	1
15030	10292.03239826392	20068.9838144943	1
15031	10292.6823723382	20069.21139163604	1
15032	10292.68295315304	20069.21329779442	1
15033	10366.39437746856	20036.31568838703	1
15034	10366.39592241024	20036.31529218913	1
15035	10367.43478356127	20036.23217193002	1
15036	10366.42638599279	20036.36232838399	1
15037	10367.42246621096	20036.30816188274	1
15038	10367.44323774835	20036.22931900872	1
15039	10407.58606479625	20015.68992058762	1
15040	10407.43741176114	20016.00749157071	1
15041	10407.89995984384	20016.58563744061	1
15042	10407.58780578274	20015.68982518125	1
15043	10408.30994305498	20015.84455823985	1
15044	10408.30921571504	20015.84432298607	1
15045	10449.83987283718	19996.40221696353	1
15046	10449.8397663841	19996.40218514956	1
15047	10450.86567024473	19996.25140781148	1
15048	10449.91640755517	19996.59119694341	1
15049	10450.84006206156	19996.27817720054	1
15050	10450.86746730213	19996.25039632527	1
15051	10582.7248658567	19930.35586744864	1
15052	10582.72329790931	19930.35639517175	1
15053	10583.62238196639	19929.82862478899	1
15054	10582.70784888742	19930.53579463845	1
15055	10583.61484008894	19929.85037349566	1
15056	10583.62387425173	19929.82798305113	1
15057	10584.56307015434	19929.27714459149	1
15058	10584.56200062379	19929.27760172595	1
15059	10585.48605902033	19928.59425812598	1
15060	10584.53359544993	19929.33060995405	1
15061	10585.46326510061	19929.0102430812	1
15062	10585.48642281198	19928.59433242209	1
15063	10657.2602227676	19884.30895151514	1
15064	10657.26289167645	19884.30733473239	1
15065	10657.76966675086	19884.00837984298	1
15066	10657.78730468312	19883.99700153209	1
15067	10769.32699899602	19832.31924011668	1
15068	10769.36293232249	19832.39088445198	1
15069	10769.84097829793	19832.52776509812	1
15070	10769.32831049373	19832.31897525016	1
15071	10770.33443332242	19832.05237214785	1
15072	10770.33528199833	19832.05173737057	1
15073	10802.77225600858	19813.63505122545	1
15074	10802.56109042978	19814.06401695015	1
15075	10803.2982685985	19814.56865368845	1
15076	10802.7776708774	19813.63166328721	1
15077	10803.42704664695	19814.21485112162	1
15078	10803.42178937339	19814.22052219228	1
15079	11063.89980900678	19678.26733673153	1
15080	11063.89844325488	19678.26833258479	1
15081	11064.86643610749	19678.08703294137	1
15082	11063.70690236811	19678.56642598746	1
15083	11064.83104414388	19678.17286157441	1
15084	11064.86659003509	19678.08685122824	1
15085	11087.74873868772	19664.16757774077	1
15086	11087.74602513295	19664.16794644052	1
15087	11088.72707628988	19663.78240148632	1
15088	11087.7573922344	19664.16894589799	1
15089	11088.71724356228	19663.79111093168	1
15090	11088.72765094327	19663.78222111409	1
15091	11208.47439343628	19590.13979043182	1
15092	11208.47347680177	19590.14027244734	1
15093	11209.45405318373	19589.59970181128	1
15094	11209.45603594725	19589.59875407629	1
15095	11507.44710900419	19431.12442221917	1
15096	11507.44366630953	19431.11829929453	1
15097	11507.47312817536	19430.63459684404	1
15098	11507.47596615367	19430.64087210789	1
15099	11515.14299241343	19429.19233896676	1
15100	11507.52679665538	19432.35317273913	1
15101	11515.05394814076	19430.43170405346	1
15102	11515.14371519408	19429.19178344215	1
15103	11721.87732257723	19295.81302874272	1
15104	11721.87965640292	19295.81144536894	1
15105	11722.15653950069	19295.51885672269	1
15106	11721.88086716272	19295.80974490249	1
15107	11722.16509655298	19295.50814017469	1
15108	11722.15732346545	19295.51793487755	1
15109	11761.83677513857	19273.86451203702	1
15110	11761.83516309649	19273.8657370434	1
15111	11762.86317637417	19273.31318975696	1
15112	11761.83058398636	19273.86799775051	1
15113	11762.84409592097	19273.35713320843	1
15114	11762.86341916252	19273.31294595707	1
15115	11898.2284386204	19185.3183067448	1
15116	11898.23163460969	19185.31600076069	1
15117	11899.18680211401	19184.71667183401	1
15118	11898.22379096545	19185.33055889402	1
15119	11899.17417074228	19184.72947341682	1
15120	11899.18644459278	19184.71705895847	1
15121	11958.70879119053	19146.38183294471	1
15122	11958.70055491338	19146.40981715724	1
15123	11958.66492783849	19146.4349847378	1
15124	11958.65160144999	19146.4227555588	1
15125	11958.73015278828	19146.34629642258	1
15126	11958.71918604663	19146.37418352537	1
15127	11959.62761732092	19145.59280740738	1
15128	11959.63378838002	19145.5884370505	1
15129	12174.51964625041	19000.79203452542	1
15130	12174.52181452129	19000.79048092804	1
15131	12175.27789138234	18999.93572784936	1
15132	12174.47940218297	19000.85983345099	1
15133	12175.12838393258	19000.13005297932	1
15134	12175.27892467385	18999.93694150918	1
15135	12183.82863122108	18993.66878084893	1
15136	12183.83312161488	18993.66653299566	1
15137	12184.86690635973	18993.13966088252	1
15138	12183.74460695335	18994.0155689928	1
15139	12184.82998830546	18993.50997765181	1
15140	12184.8683594357	18993.13767177379	1
15141	12252.48155183956	18940.90009374099	1
15142	12252.48126849555	18940.90038829169	1
15143	12253.37527974078	18940.72772391026	1
15144	12252.49422122858	18940.89980070534	1
15145	12253.37095884915	18940.73192696973	1
15146	12253.37873189553	18940.72510754041	1
15147	12269.21648436057	18928.08656727859	1
15148	12269.22174628184	18928.08226153378	1
15149	12270.22128702328	18927.41197837069	1
15150	12269.21872225276	18928.08705485096	1
15151	12270.2068045928	18927.4305555289	1
15152	12270.22224719694	18927.4110568543	1
15153	12306.01991364843	18899.83952826031	1
15154	12306.02905643801	18899.83453861628	1
15155	12306.88182620978	18899.13348346074	1
15156	12306.03074013599	18899.83628887971	1
15157	12306.87444488821	18899.14139817798	1
15158	12306.88427756942	18899.132690038	1
15159	12313.23698236491	18893.91942773951	1
15160	12313.22391025175	18893.93135928239	1
15161	12314.11274184036	18893.16283553592	1
15162	12313.23842640099	18893.91617065489	1
15163	12314.11945867713	18893.15534680089	1
15164	12314.11546975077	18893.15990388127	1
15165	12315.09737302235	18892.36186543124	1
15166	12315.12434148847	18892.34804047311	1
15167	12315.70349007187	18891.85424523846	1
15168	12315.10233039822	18892.35943948815	1
15169	12315.75700721709	18891.78370490541	1
15170	12315.75931004813	18891.78312115029	1
15171	12323.23064828175	18885.25242651735	1
15172	12323.23806896637	18885.24675495084	1
15173	12323.55364263197	18885.00279444437	1
15174	12323.55700084125	18885.0020416332	1
15175	12414.84191779478	18815.05569999568	1
15176	12414.83674078179	18815.05691256517	1
15177	12415.81984990824	18814.54914708152	1
15178	12414.81697503402	18815.07052714481	1
15179	12415.7192404439	18814.67793090738	1
15180	12415.82804970851	18814.54298496187	1
15181	12538.60330543376	18715.92743267139	1
15182	12538.60555654863	18715.92556061444	1
15183	12539.48117112945	18715.17726908151	1
15184	12538.6065404237	18715.92719720653	1
15185	12539.48529411323	18715.17632560783	1
15186	12539.48655371298	18715.17217495296	1
15187	12540.44566289254	18714.43353790789	1
15188	12540.45155453047	18714.42931050601	1
15189	12541.27404167334	18713.61023403742	1
15190	12540.41622939979	18714.46257399301	1
15191	12541.24397297215	18713.63427841582	1
15192	12541.27790110494	18713.61084041247	1
15193	12692.83747401688	18589.34944367047	1
15194	12692.83830200759	18589.34913338381	1
15195	12693.84815428703	18588.53908114639	1
15196	12692.83555389469	18589.3570307982	1
15197	12693.80155205686	18588.57494019135	1
15198	12693.86271353735	18588.52902734325	1
15199	12694.75587287499	18587.79913757768	1
15200	12694.75609675434	18587.79687432335	1
15201	12695.7007463128	18587.0699603621	1
15202	12694.75122028677	18587.80480004325	1
15203	12695.59925197309	18587.18676403758	1
15204	12695.70390371646	18587.06607793272	1
15205	12705.65596227942	18578.4999911017	1
15206	12705.66447361634	18578.49215192933	1
15207	12706.36363040877	18577.93668093274	1
15208	12706.37462406885	18577.92726203168	1
15209	12725.42561891826	18563.50193609974	1
15210	12725.4219502823	18563.50533544453	1
15211	12729.81362927891	18559.1378538274	1
15212	12729.80719263246	18559.14360400563	1
15213	12729.86278262775	18559.09401150843	1
15214	12725.39193356922	18563.69742631726	1
15215	12739.12448211433	18551.92230402041	1
15216	12729.83642421348	18559.1170298213	1
15217	12734.2210476519	18555.46861184714	1
15218	12734.22706367983	18555.46292436365	1
15219	12734.86779098213	18554.87779275652	1
15220	12734.86556671042	18554.87970788953	1
15221	12739.83037605655	18551.02360283358	1
15222	12739.83128899912	18551.02281582397	1
15223	12748.00933198258	18543.87670266025	1
15224	12748.01625963225	18543.87064911111	1
15225	12748.97544240189	18543.15105844274	1
15226	12748.01162964432	18543.87495744464	1
15227	12748.98342547845	18543.14678977516	1
15228	12748.97509343299	18543.15171975077	1
15229	12903.38520773395	18410.02976758029	1
15230	12903.38986246625	18410.02578239844	1
15231	12904.1431059693	18409.0851652558	1
15232	12903.39525130461	18410.02662743406	1
15233	12904.07374327438	18409.12694231221	1
15234	12904.124387388	18409.10157571899	1
15235	12945.49444892461	18373.12208502643	1
15236	12945.49428434006	18373.12225997031	1
15237	12946.47691442363	18372.15626026903	1
15238	12945.47486828937	18373.14146245797	1
15239	12946.44185695122	18372.18284355905	1
15240	12946.47691442422	18372.15626026826	1
15241	13012.26601398987	18314.92980759378	1
15242	13012.26841738954	18314.92745890657	1
15243	13013.29653538234	18313.97414378128	1
15244	13012.24817787204	18314.94547800402	1
15245	13013.30771491135	18313.96150433556	1
15246	13013.28744100058	18313.98100039829	1
15247	13018.17754378804	18309.56719287693	1
15248	13018.17835321906	18309.56599065976	1
15249	13019.12279036926	18308.70491637104	1
15250	13018.17743596138	18309.56774264355	1
15251	13019.07429586357	18308.74132887246	1
15252	13019.08911325305	18308.73000457815	1
15253	13135.8732435056	18206.5011578897	1
15254	13135.87715912634	18206.49636842516	1
15255	13136.21086374228	18205.65715946544	1
15256	13135.84716743848	18206.5175851399	1
15257	13136.10783378809	18205.74824047313	1
15258	13136.22630617808	18205.64296208441	1
15259	13166.46616648691	18179.32402755996	1
15260	13166.46206379961	18179.32901245516	1
15261	13167.35479508876	18178.36580637913	1
15262	13166.08127350447	18179.64571084935	1
15263	13167.33757884213	18178.37284041826	1
15264	13167.35854715883	18178.36122929277	1
15265	13182.98142190307	18164.98966265879	1
15266	13182.95431565202	18165.01060441593	1
15267	13183.33338398003	18164.67496213703	1
15268	13183.32835798478	18164.67523500431	1
15269	13215.33214415191	18135.97032614036	1
15270	13215.31474538631	18135.98868783142	1
15271	13214.67770095257	18136.50029086369	1
15272	13214.67770095333	18136.50029086306	1
15273	13213.5581389899	18137.08588040424	1
15274	13213.55466980231	18137.08832450611	1
15275	13215.1730134759	18136.11124071072	1
15276	13215.32833232213	18135.97406888196	1
15277	13216.19108045642	18135.21245798124	1
15278	13216.20130574581	18135.20645544906	1
15279	13216.70810095803	18134.91708918808	1
15280	13216.73266351689	18134.89663470033	1
15281	13257.43753855157	18099.71046209721	1
15282	13257.44051116414	18099.70809300796	1
15283	13258.51763233158	18098.6500919574	1
15284	13257.39847938169	18099.74230558653	1
15285	13258.51518414036	18098.64802079332	1
15286	13258.51466309244	18098.65221645213	1
15287	13401.27860671561	17974.90232300315	1
15288	13401.27635685296	17974.90380665819	1
15289	13402.65591929288	17973.61721984294	1
15290	13401.19906856032	17974.96795880419	1
15291	13402.4689123478	17973.7464364651	1
15292	13402.65647560387	17973.61884928429	1
15293	13424.23196597456	17955.25733739485	1
15294	13424.2128488961	17955.27626058449	1
15295	13425.76389247202	17953.92885292421	1
15296	13424.11557007022	17955.34390594202	1
15297	13425.74673814449	17953.93740738711	1
15298	13425.77263709996	17953.92240228512	1
15299	13433.41635099961	17947.39648858777	1
15300	13433.44729969889	17947.38083100002	1
15301	13434.95624433819	17946.10686338134	1
15302	13433.40945607808	17947.40231045241	1
15303	13434.87078728975	17946.16406044867	1
15304	13434.94181042211	17946.11637552703	1
15305	13573.37468154571	17828.55924383861	1
15306	13573.40009950515	17828.54417233639	1
15307	13575.19427226379	17827.01845990618	1
15308	13573.36703280272	17828.56167024778	1
15309	13575.13522954041	17827.07171586958	1
15310	13575.17873692984	17827.0374107652	1
15311	13660.27674784308	17757.50399910842	1
15312	13660.27674784232	17757.50399910909	1
15313	13663.5874368471	17754.74508733371	1
15314	13659.95878090226	17757.76504899731	1
15315	13663.1566007536	17755.1125889388	1
15316	13663.11299912212	17755.14566855376	1
15317	13680.15334244579	17740.97204521376	1
15318	13680.41813881195	17740.73373985593	1
15319	13684.01577780762	17737.7058354176	1
15320	13679.90099211177	17741.2011791172	1
15321	13682.82211514079	17738.75810215137	1
15322	13683.95991626132	17737.75930109682	1
15323	14085.04675026325	17380.41754172403	1
15324	14085.14026887558	17380.33034786988	1
15325	13702.27533233562	17550.53173129279	1
15326	13702.55425892415	17550.35516308048	1
15327	13704.41587571718	17549.10376683058	1
15328	13702.25626985083	17550.54063472349	1
15329	13704.23400599649	17549.19711186925	1
15330	13704.2661969043	17549.17737100831	1
15331	14023.81224937714	17330.74263026032	1
15332	13781.84414280806	17417.02194329154	1
15333	14392.1141624095	17179.23202069095	1
15334	14025.72985870246	17330.08341966254	1
15335	13822.45295167633	17398.71954708063	1
15336	13820.70405775169	17399.31164642279	1
15337	13782.74730827275	17412.55099398297	1
15338	13822.45295167732	17398.71954708031	1
15339	13800.02321176307	17406.46790580843	1
15340	13800.2657750884	17406.37844245918	1
15341	13700.02799071826	17439.16206743645	1
15342	13699.9273705571	17439.19114552973	1
15343	13539.54671589728	17486.81620070773	1
15344	13537.80021999375	17487.42744547104	1
15345	13533.45417030971	17488.65259161627	1
15346	13539.66768933629	17486.7789031273	1
15347	13536.33129103045	17487.60610069755	1
15348	13536.34536044032	17487.60491924276	1
15349	13496.27845778636	17495.21783931134	1
15350	13495.35850542603	17495.51087661048	1
15351	13493.03384797688	17495.98655587293	1
15352	13496.25659920496	17495.21714510863	1
15353	13493.30376205099	17495.88431016943	1
15354	13493.32110020943	17495.87448881574	1
15355	13399.24464108207	17497.31585251432	1
15356	13398.86252769222	17497.43843460015	1
15357	13396.42097445461	17497.60534985145	1
15358	13399.23081064119	17497.31679293527	1
15359	13397.31579165894	17497.30684900135	1
15360	13397.31376717589	17497.30264904323	1
15361	13267.2952983448	17459.41753204525	1
15362	13267.29718357424	17459.41885806854	1
15363	13265.84085362015	17458.90669365709	1
15364	13267.19390020863	17459.45456228437	1
15365	13265.76625292958	17458.92329767455	1
15366	13265.76871296746	17458.92356186896	1
15367	13144.56565617118	17363.9370892903	1
15368	13144.54377388419	17363.9268745097	1
15369	13143.84488683415	17362.98279586386	1
15370	13144.48221157357	17363.928738956	1
15371	13143.81356312969	17362.99606975091	1
15372	13143.84920651081	17362.98335889611	1
15373	13140.1886493304	17359.35011202373	1
15374	13140.06253229833	17359.35994744969	1
15375	13139.20721041242	17358.57201625966	1
15376	13140.17872679525	17359.34204237756	1
15377	13139.23102763592	17358.57222451802	1
15378	13139.22969543049	17358.5707250488	1
15379	13093.5435976375	17258.53281846747	1
15380	13093.54408805125	17258.53267105039	1
15381	13093.12568925525	17257.46899345113	1
15382	13093.46316088695	17258.49466814933	1
15383	13093.11685071024	17257.46159492459	1
15384	13093.12209020753	17257.45121275852	1
15385	13076.73487063101	17204.25380651456	1
15386	13076.73501663399	17204.25286495319	1
15387	13076.47874389042	17204.55992228336	1
15388	13076.47907188261	17204.56452986496	1
15389	13076.92338017939	17204.33712767182	1
15390	13076.91717470047	17204.3232378421	1
15391	13076.62014174327	17203.97991050453	1
15392	13076.62325187924	17203.99335690965	1
15393	13074.29410920723	17193.55690578325	1
15394	13076.06459053943	17204.21903539509	1
15395	13074.00675422256	17193.45652627847	1
15396	13074.29174690665	17193.55298551932	1
15397	13080.7636499994	17173.19859238219	1
15398	13080.7632564563	17173.19638100971	1
15399	13080.57028089795	17172.11660905338	1
15400	13080.74478430097	17173.19240776706	1
15401	13080.56177089218	17172.12430516714	1
15402	13080.5728086757	17172.11992290077	1
15403	13086.94678483933	17143.30316741035	1
15404	13086.94740246714	17143.30310400302	1
15405	13087.22051617916	17142.21732848086	1
15406	13087.22194256244	17142.21455670395	1
15407	13088.66309246921	17122.344513421	1
15408	13088.63997213979	17122.33512157856	1
15409	13088.95225271705	17121.2891966745	1
15410	13088.66170255892	17122.33924966902	1
15411	13088.96726859559	17121.30253362865	1
15412	13088.968788545	17121.29624654651	1
15413	13102.68177971267	17076.28493950195	1
15414	13102.68465804361	17076.28130042952	1
15415	13102.90839881904	17075.17286264442	1
15416	13102.68057631009	17076.28604537313	1
15417	13102.90462670679	17075.18226149488	1
15418	13102.9083302198	17075.1736767457	1
15419	13124.06505229813	17031.67554814323	1
15420	13124.06133162411	17031.67638468749	1
15421	13124.50752374774	17030.71457350151	1
15422	13124.06430390599	17031.67714677883	1
15423	13124.5127533793	17030.71699161431	1
15424	13124.51277445548	17030.71738632871	1
15425	13219.87059207208	16891.9458639717	1
15426	13219.87191801588	16891.94544776273	1
15427	13220.25073862518	16891.51174988355	1
15428	13220.00130703853	16891.79882592207	1
15429	13290.29611241695	16816.44614631048	1
15430	13290.29560513399	16816.44571960901	1
15431	13291.03885372984	16815.62216674804	1
15432	13290.2801398302	16816.45935444712	1
15433	13291.03150798532	16815.62349860266	1
15434	13291.03964438796	16815.62057362066	1
15435	13291.89016942744	16814.92168178287	1
15436	13291.8878703473	16814.92028305584	1
15437	13292.70888116659	16814.17584220562	1
15438	13291.89141483523	16814.9201180484	1
15439	13292.70975919219	16814.17550525768	1
15440	13292.71474266559	16814.17114602361	1
15441	13429.41235585161	16715.79506062989	1
15442	13429.4109698853	16715.7928741604	1
15443	13430.43152424018	16715.33516284874	1
15444	13429.41941629426	16715.79779341093	1
15445	13430.41937235941	16715.35777992764	1
15446	13430.43701435754	16715.33216090278	1
15447	13512.87405782653	16668.17207905878	1
15448	13512.87498912046	16668.1715416504	1
15449	13513.85902555939	16667.73517978516	1
15450	13512.88528357027	16668.17266489125	1
15451	13513.8653316641	16667.73946913089	1
15452	13513.86380502483	16667.73256791333	1
15453	13582.63610136526	16638.72682514603	1
15454	13582.6365628576	16638.72807085387	1
15455	13583.70125043526	16638.28262639859	1
15456	13582.63918450498	16638.73142199335	1
15457	13583.69854871021	16638.29275218346	1
15458	13583.70381760265	16638.28325754015	1
15459	13819.691504216	16557.43979617875	1
15460	13819.69025944517	16557.44068442689	1
15461	13820.75464810268	16557.27384077252	1
15462	13819.6845410305	16557.45993569636	1
15463	13820.76088618074	16557.3209090792	1
15464	13820.75698670006	16557.27393239706	1
15465	13826.03628060169	16555.74645288754	1
15466	13826.03554644238	16555.74628885571	1
15467	13827.12656894774	16555.55467455627	1
15468	13826.04067689768	16555.75270660903	1
15469	13827.12994977739	16555.56599814484	1
15470	13827.12012489088	16555.55613724497	1
15471	13853.1509351501	16551.61471189815	1
15472	13853.15287382598	16551.61421114425	1
15473	13854.13761362818	16551.27756786918	1
15474	13853.15127137728	16551.60910622714	1
15475	13854.14485359564	16551.2620850282	1
15476	13854.14694333449	16551.26200758155	1
15477	13953.36085560126	16533.67599677194	1
15478	13953.36038409511	16533.67531808243	1
15479	13954.49653678352	16533.47902213438	1
15480	13953.35788327339	16533.67732410683	1
15481	13954.49285759969	16533.48109149642	1
15482	13954.49660295853	16533.48026766829	1
15483	14196.45539349422	16520.12825015322	1
15484	14196.4562931392	16520.12682243983	1
15485	14197.53807505523	16520.38056311033	1
15486	14196.44832243666	16520.13007956699	1
15487	14197.53329572425	16520.38839640846	1
15488	14197.53527123312	16520.38200431554	1
15489	14410.57884627441	16544.40893419439	1
15490	14410.58826822723	16544.40945768692	1
15491	14411.72812417051	16544.27423966221	1
15492	14410.57017143612	16544.41407267839	1
15493	14411.71756772755	16544.27338100243	1
15494	14411.72978728038	16544.27449696734	1
15495	14463.82048230612	16556.410322883	1
15496	14463.82072454056	16556.40739799312	1
15497	14464.82299346494	16556.91996123331	1
15498	14463.7756860368	16556.38421013422	1
15499	14464.79970540205	16556.92385691869	1
15500	14464.82662554568	16556.9180553116	1
15501	14512.3531886579	16576.34569067899	1
15502	14512.35968360479	16576.34587330596	1
15503	14513.34563327848	16576.88665827431	1
15504	14512.35292393406	16576.34641514612	1
15505	14513.34565283102	16576.88416309926	1
15506	14513.35031809978	16576.88652428101	1
15507	14577.37948762294	16613.25110892011	1
15508	14577.38339775545	16613.24967518426	1
15509	14578.32513344201	16613.80798780578	1
15510	14577.37330060941	16613.24167567695	1
15511	14578.31064091419	16613.75186711072	1
15512	14578.33048990386	16613.81189083731	1
15513	14676.43151170161	16699.40885395544	1
15514	14676.43294959277	16699.41073684776	1
15515	14676.61058875424	16699.70092330972	1
15516	14676.61119471613	16699.69973805152	1
15517	14695.55830256449	16728.04508251093	1
15518	14695.55855780572	16728.04343082203	1
15519	14696.18721343949	16729.04514695949	1
15520	14695.60405645554	16727.86178853943	1
15521	14696.32868341374	16728.74750065482	1
15522	14696.18682573183	16729.0386511854	1
15523	14696.51124768762	16731.67050939915	1
15524	14696.50409639557	16731.67921968126	1
15525	14696.90721039718	16732.85141571733	1
15526	14696.51075664011	16731.67181504706	1
15527	14696.90177747014	16732.84886001309	1
15528	14696.90650550142	16732.85559109384	1
15529	14700.03187453089	16743.34042307535	1
15530	14700.03307172784	16743.33488910435	1
15531	14700.37526617612	16744.5105606931	1
15532	14700.0426305366	16743.30037740745	1
15533	14700.63015893492	16744.13722671768	1
15534	14700.37320272921	16744.521119057	1
15535	14720.59664090129	16885.81691953164	1
15536	14720.59890974272	16885.83061985423	1
15537	14720.13358336926	16887.14484355422	1
15538	14720.68177178089	16885.73975580386	1
15539	14721.10053619457	16886.14389269708	1
15540	14720.16929850529	16887.11569266262	1
15541	14710.08494427986	16919.30990052718	1
15542	14710.09585410805	16919.29618597883	1
15543	14709.41342897445	16920.46362699234	1
15544	14710.21696485806	16919.21392392292	1
15545	14710.95099312195	16919.22549070231	1
15546	14709.35017691326	16920.5422388757	1
15547	14636.27696658368	17021.31340958155	1
15548	14636.2894577657	17021.30542550499	1
15549	14634.42317499511	17023.07321002911	1
15550	14636.2235107703	17021.36192008377	1
15551	14634.519993453	17023.00870509178	1
15552	14634.53289020347	17022.99685282196	1
15553	14557.31336486636	17082.56853245345	1
15554	14557.91401434719	17082.25799488621	1
15555	14550.25806061359	17087.01909271901	1
15556	14557.29754668352	17082.59523660654	1
15557	14548.74405381992	17087.78801145634	1
15558	14548.60434692277	17087.87709062822	1
15559	14540.44955698896	17093.01549708252	1
15560	14541.12236262189	17092.67493957573	1
15561	14533.96957079211	17096.99635747523	1
15562	14540.08019629819	17093.21987825888	1
15563	14532.39889353013	17097.86122456297	1
15564	14532.61446957191	17097.74053445551	1
15565	14122.56797338329	17320.10854118515	1
15566	14122.48377697042	17320.15648464067	1
15567	14507.65026357578	17118.59804815278	1
15568	14508.03417541011	17118.39842435453	1
15569	14510.78653490677	17117.69411189201	1
15570	14508.24823414336	17118.28994777763	1
15571	14512.75718390686	17116.66800692202	1
15572	14512.80412288185	17116.64464523772	1
15573	14565.46211210632	17092.63384098559	1
15574	14566.10953621613	17092.26737928407	1
15575	14574.0753473526	17088.42980493053	1
15576	14565.48376993724	17092.63193455825	1
15577	14572.18076383061	17089.41977159871	1
15578	14572.54097486229	17089.25138207	1
15579	14663.38512896845	17051.00376305695	1
15580	14663.35680514789	17051.01513890902	1
15581	14664.59706895141	17050.47615030067	1
15582	14664.55410375725	17050.49346126058	1
15583	14683.71023906663	17042.75753396245	1
15584	14683.72360805306	17042.75194760616	1
15585	14686.39469649154	17041.85597448877	1
15586	14686.31930877944	17041.89032669718	1
15587	14957.23514243879	16930.951428894	1
15588	14957.21767416404	16930.95745351844	1
15589	14959.28926996555	16930.08085562403	1
15590	14959.26727064291	16930.09010748797	1
15591	14961.09146829171	16929.36531831284	1
15592	14959.24129054585	16930.11005705922	1
15593	14961.04122446541	16929.38755590692	1
15594	14961.0468889664	16929.38910381216	1
15595	14980.58601081441	16921.38983574506	1
15596	14980.58203374199	16921.3919843304	1
15597	14982.07596760546	16920.74511861596	1
15598	14982.08238532941	16920.74241426376	1
15599	14984.61892263737	16919.62889893923	1
15600	14984.56545546156	16919.64460372823	1
15601	14984.76602243999	16919.56216815039	1
15602	14984.66363477596	16919.6118069486	1
15603	14991.01500659832	16916.93980919335	1
15604	14991.03907286708	16916.93248555576	1
15605	14992.5679605722	16916.28235139151	1
15606	14991.07193998311	16916.91424884364	1
15607	14992.69315673661	16916.22401835728	1
15608	14992.70227305416	16916.21944545229	1
15609	15011.06862568745	16908.37145932155	1
15610	15011.12304149993	16908.34807491843	1
15611	15012.84966714418	16907.61797877828	1
15612	15011.08046189795	16908.36408694414	1
15613	15012.88321992289	16907.60190017072	1
15614	15012.88340054383	16907.60445063044	1
15615	15029.5223819298	16900.34995666078	1
15616	15029.53180211951	16900.34788082305	1
15617	15030.81772468559	16899.77358546198	1
15618	15030.81843364984	16899.77242871119	1
15619	15048.33358762664	16891.99824810871	1
15620	15048.2901836657	16892.01909880997	1
15621	15049.46126693644	16891.61287601201	1
15622	15048.32652552455	16892.00147405187	1
15623	15049.46737334604	16891.61090291878	1
15624	15049.46241114853	16891.61268538726	1
15625	15119.43485178094	16859.8343985548	1
15626	15119.43911545601	16859.83105137755	1
15627	15120.86553211237	16859.06750770991	1
15628	15119.42806687416	16859.83774806509	1
15629	15120.81138567097	16859.11480121893	1
15630	15120.80795686838	16859.11606299807	1
15631	15299.1970164149	16775.51201681198	1
15632	15299.19938140409	16775.51091734095	1
15633	15299.97943835153	16775.17377045715	1
15634	15299.22516972298	16775.5019785058	1
15635	15299.98594577436	16775.17067246495	1
15636	15299.97962774779	16775.17374450262	1
15637	15405.27695001673	16727.10614578125	1
15638	15405.29436405533	16727.09879657857	1
15639	15405.81107390672	16726.86185116232	1
15640	15405.81018793024	16726.86171068469	1
15641	15455.66044199769	16704.58716057713	1
15642	15455.5529251023	16704.62431304356	1
15643	15455.68482627359	16704.57618299493	1
15644	15455.64361134009	16704.59576261271	1
15645	15461.22673165292	16701.94920052833	1
15646	15461.16760422685	16701.9808474806	1
15647	15457.19382452156	16700.03114570484	1
15648	15457.1896342783	16700.03511087286	1
15649	15457.59921597235	16699.70869968017	1
15650	15457.60119670501	16699.70800642403	1
15651	15461.11391914228	16698.48611104709	1
15652	15461.11059485178	16698.48714756379	1
15653	15465.20291078975	16697.32539726867	1
15654	15465.18757245294	16697.326061208	1
15655	15466.43195994786	16696.21372768805	1
15656	15461.14173889521	16698.52139930921	1
15657	15470.10458736384	16696.5357129061	1
15658	15466.43307831942	16696.21051512618	1
15659	15467.40098577912	16696.82028383346	1
15660	15467.39866367361	16696.81633921968	1
15661	15467.50113851932	16698.58703595016	1
15662	15467.47404119809	16698.59248188109	1
15663	15467.95815971517	16697.90298377052	1
15664	15467.98949774209	16697.88379665306	1
15665	15470.71471077122	16697.17862361638	1
15666	15471.4143282774	16697.05448236089	1
15667	15471.34498544916	16696.98378047359	1
15668	15470.71155967138	16697.18267947411	1
15669	15478.93532396475	16693.04997086588	1
15670	15478.93302795943	16693.05108831119	1
15671	15479.98897279659	16692.52821063568	1
15672	15479.19078795525	16692.96237945641	1
15673	15480.54291890608	16692.42790046948	1
15674	15479.99768010399	16692.52425288229	1
15675	15484.17572082696	16690.61609084132	1
15676	15484.1697821588	16690.61920217714	1
15677	15484.96415198164	16690.25616733265	1
15678	15484.96256189415	16690.25626915106	1
15679	15556.88156953925	16657.91563338118	1
15680	15556.82724680053	16657.96724698433	1
15681	15558.25333998125	16657.37113692412	1
15682	15556.8799696042	16657.91653695328	1
15683	15558.26226978778	16657.36527015922	1
15684	15558.25333998213	16657.37113692365	1
15685	15626.47329644579	16627.60246639277	1
15686	15626.74602177728	16627.42062413846	1
15687	15627.75802711333	16627.25126398673	1
15688	15626.48350797436	16627.59748881933	1
15689	15627.64548713714	16627.21945520427	1
15690	15627.69068000634	16627.19613204125	1
15691	15640.05529380892	16622.20998900155	1
15692	15640.1301205107	16622.18074825035	1
15693	15640.3754678031	16622.14644702923	1
15694	15640.37155501044	16622.14742671614	1
15695	15664.00372006063	16609.57953213848	1
15696	15664.01067568595	16609.57651214462	1
15697	15665.07962556568	16609.10728557785	1
15698	15664.01910792605	16609.57216622435	1
15699	15665.04670881759	16609.11036787997	1
15700	15665.07514342881	16609.11065254786	1
15701	15755.51036118856	16567.64277968666	1
15702	15755.46968202438	16567.66607222615	1
15703	15756.64135276695	16567.1513449993	1
15704	15755.51896164467	16567.6392493692	1
15705	15756.66236569383	16567.1406956444	1
15706	15756.64254814456	16567.15099608723	1
15707	15793.32914817944	16550.2509593573	1
15708	15793.33379607106	16550.24366913801	1
15709	15794.47619246598	16549.87862082877	1
15710	15793.33601924451	16550.24836753762	1
15711	15794.48748778837	16549.87075904103	1
15712	15794.47750598221	16549.87523992216	1
15713	15895.34095858422	16504.06330580064	1
15714	15895.021860109	16504.22358141671	1
15715	15895.06786030985	16504.19775500732	1
15716	15895.04156452254	16504.21235637462	1
15717	15895.52029154275	16503.97135289435	1
15718	15895.01835613948	16504.26550598389	1
15719	15903.6358960442	16501.43711780558	1
15720	15895.51372838783	16503.97362295774	1
15721	15904.51076096517	16500.63178113122	1
15722	15904.52426376269	16500.62577313006	1
15723	16124.85184103955	16396.72607246032	1
15724	16124.87535751914	16396.71200870828	1
15725	16126.05892046221	16396.20646696157	1
15726	16124.85671533766	16396.723281381	1
15727	16126.01550752734	16396.24174244102	1
15728	16126.06387168833	16396.20393307764	1
15729	16221.82863699435	16349.8457486338	1
15730	16221.84382192354	16349.83614370202	1
15731	16223.02117666363	16349.25868909349	1
15732	16221.82856191747	16349.84588695802	1
15733	16222.99713501189	16349.27188315324	1
15734	16223.01858251297	16349.25992513385	1
15735	16228.90599337424	16346.42451281068	1
15736	16228.90608086193	16346.4234772247	1
15737	16230.08271987323	16345.78151346004	1
15738	16228.91099562537	16346.42481348467	1
15739	16230.08330286358	16345.77991478613	1
15740	16230.08056917519	16345.78260795679	1
15741	16346.65082563215	16291.20087096153	1
15742	16346.65998676483	16291.195247123	1
15743	16347.39974159753	16290.39404496545	1
15744	16346.62635256117	16291.31609491117	1
15745	16347.13097431738	16290.48203305096	1
15746	16347.40918719809	16290.38872769271	1
15747	16353.11816689745	16287.02730500429	1
15748	16353.11694131297	16287.02797206758	1
15749	16354.30458795	16286.38681751838	1
15750	16353.12066406151	16287.03540237105	1
15751	16354.3544967359	16286.40770993945	1
15752	16354.3047272024	16286.38635133009	1
15753	16872.62306260614	16019.52818513634	1
15754	16872.63252975186	16019.5234147312	1
15755	16901.51048819558	16006.0755501781	1
15756	16901.51038616541	16006.07558240934	1
15757	16904.58635062195	16003.83135101268	1
15758	16872.65417351882	16019.52113500454	1
15759	16903.8726474953	16004.4128813576	1
15760	16904.57224784972	16003.83870158326	1
15761	16949.88196660421	15977.8993231522	1
15762	16898.92614273657	16011.43864425891	1
15763	16992.60876896902	15954.33061847441	1
15764	16949.89677283657	15977.89092918054	1
15765	16949.36501072836	15978.76015870828	1
15766	16949.91223625862	15977.88716220597	1
15767	16949.31076480099	15978.80311515884	1
15768	16949.36667575978	15978.75983728442	1
15769	16992.5919717073	15954.33589176885	1
15770	16992.60214339866	15954.33050487056	1
15771	17018.72623329388	15941.62558830056	1
15772	17018.35606739129	15942.00928689713	1
15773	17134.08107874391	15874.32844512562	1
15774	17018.72585414367	15941.62522538392	1
15775	17052.30704285402	15920.34571705066	1
15776	17052.33077684313	15920.3340267794	1
15777	17053.50712415442	15919.59601797297	1
15778	17052.00642534753	15920.53335018306	1
15779	17050.03725806199	15922.20648202507	1
15780	17053.50498381932	15919.59727934626	1
15781	17090.68279021402	15898.07965286733	1
15782	17090.6833409383	15898.07843218743	1
15783	17101.1843178948	15892.05444464996	1
15784	17101.18456307211	15892.05439466481	1
15785	17108.20589259837	15888.0811593662	1
15786	17108.20667295379	15888.08089639802	1
15787	17110.20193236106	15886.95867980375	1
15788	17110.19566446327	15886.9619552736	1
15789	17118.28995070525	15882.37998925293	1
15790	17118.31266197446	15882.36685840412	1
15791	17120.98132643418	15880.8262534733	1
15792	17120.94217419688	15880.84892835452	1
15793	17125.60968410468	15878.14717897591	1
15794	17125.61062464642	15878.14648574042	1
15795	17126.76503208373	15877.48221062368	1
15796	17126.8075117605	15877.45541884407	1
15797	17128.68350674299	15876.36520023591	1
15798	17128.70663074986	15876.35347019633	1
15799	17133.19812051242	15873.80782636249	1
15800	17133.20115767012	15873.80569253861	1
15801	17134.87658930855	15872.86975735382	1
15802	17134.06300108455	15874.33605361333	1
15803	17145.18503593741	15867.14530029977	1
15804	17134.87257043674	15872.87116126468	1
15805	17142.21056289837	15868.80458754096	1
15806	17142.22506931104	15868.79331286561	1
15807	17253.98614074517	15805.93130714448	1
15808	17253.98614074598	15805.93130714503	1
15809	17298.9865310833	15779.28871737504	1
15810	17298.99921761162	15779.28372548533	1
15811	17300.13297318364	15778.479315893	1
15812	17299.02873908659	15779.2721541164	1
15813	17300.18346058216	15778.45993562732	1
15814	17300.18680721044	15778.4585180195	1
15815	17302.52175547148	15777.0440252071	1
15816	17302.47436348815	15777.0663453903	1
15817	17303.66849289311	15776.33126922029	1
15818	17302.53914559417	15777.03356126785	1
15819	17303.69088818406	15776.32479031696	1
15820	17303.68299857847	15776.32879841741	1
15821	17381.3290738482	15732.1518248045	1
15822	17381.3289155683	15732.15208827042	1
15823	17382.47490836284	15731.38749501005	1
15824	17381.3105391665	15732.16728217148	1
15825	17382.45031100063	15731.40219891889	1
15826	17382.46895382256	15731.39146163566	1
15827	17416.97614818963	15710.86535125813	1
15828	17412.21023196622	15712.42791664933	1
15829	17417.99783256638	15709.7825774318	1
15830	17416.96148452442	15710.8663767062	1
15831	17418.19917490432	15709.66657595209	1
15832	17418.21468351618	15709.65849768273	1
15833	17502.76632511121	15660.29280653303	1
15834	17502.79010435927	15660.27995900967	1
15835	17504.01666988299	15659.47707318377	1
15836	17502.76576203672	15660.29102170819	1
15837	17503.98219987564	15659.48740757007	1
15838	17504.0271540386	15659.47362381431	1
15839	17700.23908797314	15544.73038965408	1
15840	17700.25008126325	15544.72421965181	1
15841	17701.65947596752	15543.90138280555	1
15842	17700.18233968492	15544.75714158659	1
15843	17701.65869749646	15543.89756240452	1
15844	17701.67283045134	15543.89323974916	1
15845	17882.24848884833	15437.11104250339	1
15846	17882.24221735436	15437.11102067743	1
15847	17883.80099767528	15436.15371199381	1
15848	17882.15070389601	15437.14423523384	1
15849	17883.38382402156	15436.31267047226	1
15850	17883.80923540256	15436.14831730613	1
15851	18030.69598392129	15346.74952427019	1
15852	18030.70127227867	15346.74627766094	1
15853	18037.25810958474	15342.72838840045	1
15854	18037.25689283549	15342.72474838941	1
15855	18078.80824780249	15314.94410533509	1
15856	18078.72469693073	15314.95644039667	1
15857	18080.12950067047	15313.76903711141	1
15858	18078.79558716895	15314.94442593906	1
15859	18080.35505034158	15313.69378095133	1
15860	18080.3535862533	15313.69439876843	1
15861	18111.79929470283	15293.7337665104	1
15862	18111.09742992144	15293.97290811667	1
15863	18113.04824917542	15292.7213556538	1
15864	18111.76406912575	15293.75765663079	1
15865	18113.15357749804	15292.67965734366	1
15866	18113.1659511266	15292.67057009486	1
15867	18143.59468679375	15274.59511666647	1
15868	18143.60372380348	15274.58940376648	1
15869	18146.85207872931	15272.4788719127	1
15870	18146.84387426492	15272.48250870021	1
15871	18524.54942006961	15038.05575553271	1
15872	18524.06646899361	15038.10112269781	1
15873	18532.80266795063	15037.88365368216	1
15874	18523.94275734521	15043.21780390227	1
15875	18525.81171374192	15018.86106652597	1
15876	18534.01664734259	15037.671993217	1
15877	18440.39695390547	15049.57390030324	1
15878	18440.07541237102	15049.63638751194	1
15879	18507.26534137753	15036.09599859759	1
15880	18504.89981357974	15036.88421798366	1
15881	18503.86353221926	15037.75435496131	1
15882	18245.86886161665	15075.86720077007	1
15883	18161.76772134326	15094.35532048898	1
15884	18158.91009343008	15094.74627258226	1
15885	18138.74531257985	15097.7899760835	1
15886	18161.7561639921	15094.36131010855	1
15887	17964.07815434254	15091.17605572308	1
15888	17964.07833117765	15091.18301297698	1
15889	18149.74373577995	15085.41479374408	1
15890	17940.3136349119	15095.6304426772	1
15891	18089.25358237704	14137.04584252128	1
15892	17923.31967507344	15085.42203808247	1
15893	17864.79034559085	15052.084959008	1
15894	17864.78699069819	15052.08321811245	1
15895	17862.99825989612	15050.79021722705	1
15896	17863.092349677	15050.77983886674	1
15897	17884.25288963696	15047.81489755465	1
15898	17884.90314982465	15048.02487516471	1
15899	17883.4746750741	15047.27504014705	1
15900	17883.49493590044	15047.26816206089	1
15901	17841.33891220996	15012.01650546626	1
15902	17841.34492823068	15012.02019193529	1
15903	17840.11738290609	15011.39753735262	1
15904	17840.12291440176	15011.40273636578	1
15905	17835.14528641268	15008.54788183493	1
15906	17835.16659900674	15008.55142357129	1
15907	17834.09343434847	15007.71558006998	1
15908	17835.14421192289	15008.54670474054	1
15909	17834.03542392206	15007.70863704169	1
15910	17834.08294388541	15007.71091105802	1
15911	17823.20491675072	15001.81454715127	1
15912	17822.06512711686	15001.62825163716	1
15913	17810.55994157796	14990.47471853093	1
15914	17823.19410754496	15001.81071512662	1
15915	17810.97888288181	14990.54067210774	1
15916	17810.9769387354	14990.54097887776	1
15917	17767.73086389335	14939.1792635059	1
15918	17767.72764425125	14939.17590776281	1
15919	17766.99395072943	14938.1214160646	1
15920	17767.67608664156	14939.17193904556	1
15921	17766.96582320036	14938.12008755726	1
15922	17766.99188479001	14938.12158972342	1
15923	17755.40248994116	14925.18924018913	1
15924	17755.39945326466	14925.18708398384	1
15925	17739.30103440717	14911.64232607693	1
15926	17756.29262146895	14925.4962518956	1
15927	17750.65026140388	14915.5075864855	1
15928	17750.65744992631	14915.50505903627	1
15929	17748.52892842487	14913.60587620046	1
15930	17748.17939905846	14913.55972815234	1
15931	17719.6812298072	14870.92897419374	1
15932	17748.53642814764	14913.59992860441	1
15933	17746.17662423756	14906.66605763021	1
15934	17746.17137336551	14906.6685318087	1
15935	17745.71058928093	14905.91648657809	1
15936	17746.1823338205	14906.78558760232	1
15937	17745.70915779949	14905.91323797004	1
15938	17745.71735462482	14905.91876479033	1
15939	17745.92372849089	14905.33210597983	1
15940	17745.92399526935	14905.33417970813	1
15941	17720.5810825018	14871.20599432979	1
15942	17720.57778032782	14871.20208394456	1
15943	17715.99253004219	14811.55745715573	1
15944	17715.99340228271	14811.55382941357	1
15945	17715.56277806935	14810.74635125958	1
15946	17715.56318375503	14810.74491109315	1
15947	17703.39352876204	14766.51917096223	1
15948	17703.38954464305	14766.51981953121	1
15949	17703.21624145453	14765.34218645522	1
15950	17703.39162957249	14766.5136582764	1
15951	17703.21121386171	14765.33963860047	1
15952	17703.21387313853	14765.33444882206	1
15953	17701.84180486575	14758.49710014593	1
15954	17701.83966980362	14758.49402202242	1
15955	17701.84536645812	14757.38437269193	1
15956	17701.82211698021	14758.48999266477	1
15957	17701.74570471025	14757.3395176327	1
15958	17701.84173087846	14757.38677107582	1
15959	17701.83754864236	14734.96487315987	1
15960	17701.83781121904	14734.96073885681	1
15961	17701.91434523661	14734.0901538757	1
15962	17701.9084418274	14734.0771479504	1
15963	17701.80609737552	14726.2957953727	1
15964	17701.80574081192	14726.29401367603	1
15965	17701.90341290634	14724.68699749037	1
15966	17701.9030109435	14724.68621724121	1
15967	17706.70836248412	14633.747558737	1
15968	17706.70828872093	14633.7477765962	1
15969	17706.97086209286	14632.67180563469	1
15970	17706.70997416315	14633.75055868721	1
15971	17706.97373196459	14632.68031578571	1
15972	17706.97594399727	14632.67266580275	1
15973	17705.28909987002	14578.76998380228	1
15974	17704.47212223604	14578.20825159176	1
15975	17894.77657047409	14277.96810923567	1
15976	17705.28861637437	14578.76599787637	1
15977	17723.49567455502	14568.5155681689	1
15978	17723.50634914846	14568.49013198799	1
15979	17723.87623757345	14567.60975306052	1
15980	17723.88239308377	14567.60206612296	1
15981	17751.02918975026	14497.48445717328	1
15982	17751.03930847504	14497.45115500564	1
15983	17751.13898483169	14497.19559753181	1
15984	17751.13804830844	14497.19779139995	1
15985	17755.05083983077	14484.87611420837	1
15986	17755.05195967434	14484.87551461278	1
15987	17755.5200351901	14483.8356567702	1
15988	17755.0487197797	14484.87663114644	1
15989	17755.5117968056	14483.82099526258	1
15990	17755.52139049472	14483.83229361315	1
15991	17780.23952324473	14429.72868851775	1
15992	17780.24070436065	14429.72429073392	1
15993	17791.93814162072	14416.57999221476	1
15994	17780.19387947721	14429.71570617663	1
15995	17791.69324722962	14416.30139201538	1
15996	17791.93844227074	14416.57939763022	1
15997	17900.60888324078	14287.95288210464	1
15998	17900.60781491915	14287.95738560728	1
15999	17961.7450354321	14246.9898313437	1
16000	17961.74407229357	14246.98952835675	1
16001	17962.59473479813	14246.30308223213	1
16002	17961.72283591097	14247.0593858541	1
16003	17961.79224325088	14246.17559886004	1
16004	17962.59331984149	14246.3029808022	1
16005	18089.2795623517	14137.05665192823	1
16006	18089.28079891956	14137.05537665197	1
16007	18178.95828819438	14093.99458133686	1
16008	18178.98183036974	14093.98435488097	1
16009	18179.95913478034	14093.8408064785	1
16010	18178.96478345431	14093.99425843321	1
16011	18179.96586052742	14093.83411680289	1
16012	18179.96983824618	14093.83314788505	1
16013	18206.8088125994	14081.90853843753	1
16014	18206.79682545603	14081.88768006455	1
16015	18207.81027794018	14081.52938517262	1
16016	18206.80958496482	14081.90899116302	1
16017	18207.80627977982	14081.53210734949	1
16018	18207.81162226514	14081.52937980826	1
16019	18209.93337127683	14080.75817467931	1
16020	18209.93139333773	14080.7590950569	1
16021	18210.89977231756	14080.26981724442	1
16022	18209.93896898057	14080.76096813055	1
16023	18210.87593443081	14080.28619650664	1
16024	18210.89963220753	14080.26975330461	1
16025	18278.18183784286	14062.3396118927	1
16026	18278.17990789656	14062.33977643811	1
16027	18279.23367406277	14062.10548885156	1
16028	18278.18170789507	14062.33961820056	1
16029	18279.21538587444	14062.10549103979	1
16030	18279.23367673217	14062.10548882229	1
16031	18497.98787933518	14040.29568534074	1
16032	18497.9848978871	14040.29516284453	1
16033	18499.22265018546	14040.67268096813	1
16034	18497.97592828434	14040.28472998766	1
16035	18499.2266661303	14040.607285979	1
16036	18499.22501703334	14040.67313381871	1
16037	18542.58912477462	14048.61914321779	1
16038	18542.59055044164	14048.61969351464	1
16039	18557.1402107153	14054.82839999157	1
16040	18542.59900279797	14048.61743573804	1
16041	18555.41091924236	14055.35857404189	1
16042	18557.13934798457	14054.82372336992	1
16043	18649.03721058718	14094.32761745122	1
16044	18649.05767784722	14094.34019425552	1
16045	18649.43425966136	14094.56499582233	1
16046	18649.43333145999	14094.56516460394	1
16047	18953.65986697079	14390.38627435822	1
16048	18953.66463658842	14390.38607981299	1
16049	18954.4639087948	14391.3311413904	1
16050	18953.624837437	14390.15372369814	1
16051	18954.46895858319	14390.86012210645	1
16052	18954.46136067167	14391.3327704846	1
16053	18955.79051589814	14399.02143902846	1
16054	18955.78350765153	14399.00925497156	1
16055	18956.18641683465	14399.97934947652	1
16056	18956.17818213382	14399.99948105283	1
16057	18960.62539670867	14528.50761698432	1
16058	18960.63030058821	14528.51213595662	1
16059	18960.03847892373	14530.35504854798	1
16060	18960.66015225067	14528.42669943326	1
16061	18960.07398856542	14530.15850251069	1
16062	18960.04799373855	14530.32243118994	1
16063	18886.41973454953	14721.32974691632	1
16064	18886.41999019095	14721.33138775009	1
16065	18885.65193145431	14722.68802824406	1
16066	18886.43546966306	14721.313742951	1
16067	18885.66231700394	14722.68062836241	1
16068	18885.64829100017	14722.6877852339	1
16069	18758.82788896054	14872.95344552249	1
16070	18759.21299924649	14873.10363741365	1
16071	18758.50285628845	14872.72253202277	1
16072	18758.82302092348	14872.95394742339	1
16073	18529.66516843712	15025.04369251354	1
16074	18529.65536719566	15025.05011129014	1
16075	18507.40378985659	15036.00653590232	1
16076	18507.30711908196	15036.02102569966	1
16077	18511.3296395436	15034.93891458118	1
16078	18511.45402778132	15034.97793576688	1
16079	18578.20927817927	15025.80948764769	1
16080	18577.56572536839	15025.9607755807	1
16081	18593.86930257495	15021.7129890549	1
16082	18511.31925359153	15034.92779474536	1
16083	19183.97838293255	14829.1199544453	1
16084	18593.79619070003	15021.73486323053	1
16085	18912.98252025677	14950.55079283351	1
16086	18910.32306114747	14951.1376448031	1
16087	18582.10121154343	15024.02952773979	1
16088	18584.16839630296	15023.55107026908	1
16089	18471.94186654652	15047.58289428523	1
16090	18470.91518871952	15047.81417259146	1
16091	18434.71316582774	15055.35272374897	1
16092	18435.18040444818	15055.25701020791	1
16093	18314.73710085306	15076.42899098956	1
16094	18314.12498530053	15076.56215025578	1
16095	18198.51182054589	15091.72586793382	1
16096	18198.48936424707	15091.72658209073	1
16097	18180.90737919643	15094.01004471901	1
16098	18181.01299792115	15093.99301202761	1
16099	18178.40755561262	15094.29182099145	1
16100	18178.38842661574	15094.29508710483	1
16101	18163.4991920988	15095.82158710363	1
16102	18163.51952891005	15095.81962840764	1
16103	18158.98050712113	15096.18957928011	1
16104	18159.00748777733	15096.18715358078	1
16105	18152.43550628226	15096.73997505909	1
16106	18152.42280722829	15096.73101176202	1
16107	18148.5996914563	15096.98680960635	1
16108	18148.56523705908	15096.98784608389	1
16109	18145.79626702331	15094.7788308039	1
16110	18145.74822672288	15094.79905384268	1
16111	18144.08140790887	15097.34240666656	1
16112	18144.17412876006	15097.31034891848	1
16113	18139.98502389877	15097.99424143206	1
16114	18139.62438374304	15098.07929785209	1
16115	18137.88520663383	15098.50819425123	1
16116	18139.98502389976	15097.994241432	1
16117	18138.45244726242	15098.38585992384	1
16118	18138.43267127906	15098.38615409093	1
16119	18134.91078235256	15098.3402264779	1
16120	18134.9712049042	15098.34211722421	1
16121	18132.15428038407	15098.39728349648	1
16122	18132.12577045592	15098.39538778665	1
16123	18130.60694620002	15098.41953391689	1
16124	18130.60452457337	15098.41949794837	1
16125	18125.28032905224	15098.42805889041	1
16126	18125.32571268041	15098.41785194952	1
16127	18123.18264758255	15098.30678783661	1
16128	18123.18829176232	15098.3093461867	1
16129	18120.37345476268	15097.64491835693	1
16130	18120.38263190188	15097.6488886396	1
16131	18120.0406140312	15097.3059051715	1
16132	18120.04061403195	15097.30590517082	1
16133	18123.5112308535	15092.82014669574	1
16134	18123.41338145296	15092.83896598608	1
16135	18129.51103004056	15091.45865780773	1
16136	18129.54082173167	15091.44738226682	1
16137	18145.61474525143	15090.73289187683	1
16138	18145.68622116029	15090.72553771279	1
16139	18157.61672854103	15085.00266097472	1
16140	18157.63216474344	15084.9992601476	1
16141	18048.86738877266	15090.23682041527	1
16142	18048.75961469219	15090.25429515111	1
16143	18047.09950798185	15089.8889115332	1
16144	18048.90517003473	15090.23767859734	1
16145	18047.23006416997	15089.88136652631	1
16146	18047.23554047634	15089.88137470325	1
16147	17955.84417444788	15069.21020056344	1
16148	17955.84652084496	15069.2072849795	1
16149	17955.60049247084	15069.16697970921	1
16150	17955.60081351956	15069.16563409492	1
16151	17924.70436103566	15059.09200767386	1
16152	17924.69240772579	15059.08857494478	1
16153	17884.91820991901	15048.03725995038	1
16154	19183.92317037727	14829.1351251283	1
16155	19190.23176647344	14827.77555945282	1
16156	19182.97521413979	14829.27284589135	1
16157	19190.43727137829	14827.79415093328	1
16158	19190.38549267105	14827.72735023527	1
16159	19441.54143986671	14755.31460331768	1
16160	19441.46395780088	14755.33605387753	1
16161	19445.45004123135	14753.08893246383	1
16162	19440.66569178464	14755.59283511874	1
16163	19440.75894450687	14754.00804927496	1
16164	19445.45340339449	14753.08852088119	1
16165	20071.29581103887	14549.48486090649	1
16166	20070.65939403436	14549.50108555241	1
16167	20338.65809589077	14541.16985860683	1
16168	20337.37236233475	14541.199568507	1
16169	19694.86580148607	14626.49238634188	1
16170	19691.16806722683	14626.88865618715	1
16171	19691.87111131416	14626.42654168633	1
16172	19694.99563703081	14626.46343593695	1
16173	19688.93711237505	14627.22450268915	1
16174	19687.87230235909	14627.43855656748	1
16175	20792.52856669453	14480.77830990641	1
16176	19688.96159391035	14627.22148974242	1
16177	19698.38678272726	14567.03069196134	1
16178	19698.38564378442	14567.0326529264	1
16179	19697.8881586424	14565.90134982329	1
16180	19696.10802773322	14565.6855253029	1
16181	19696.78411271324	14565.82941510265	1
16182	19697.88090417697	14565.90523429554	1
16183	19715.17658664245	14544.29695970773	1
16184	19715.14229831437	14544.30462235337	1
16185	19716.57985359972	14544.07880223449	1
16186	19714.98165385379	14544.26178914797	1
16187	19715.17089947063	14543.13271744206	1
16188	19716.57727353781	14544.07911946965	1
16189	19759.67025968328	14513.24758953798	1
16190	19759.67796979158	14513.24202949778	1
16191	19760.42263307067	14512.37030687511	1
16192	19759.67219883634	14513.2459678329	1
16193	19760.41120411392	14512.37626956873	1
16194	19760.42027389229	14512.37160172232	1
16195	19860.0568686974	14441.81421248342	1
16196	19860.05637558049	14441.81559250596	1
16197	19860.41030743427	14440.63490115473	1
16198	19860.2074211869	14441.72380703552	1
16199	19860.35000898322	14440.6364345808	1
16200	19860.40520238393	14440.6381361604	1
16201	19874.23329169489	14428.96897708294	1
16202	19874.22185270023	14428.97814999562	1
16203	19875.35446277796	14427.60771957383	1
16204	19874.0928717003	14428.54164387022	1
16205	19875.60596630216	14426.15874243853	1
16206	19875.36390546319	14427.59984379003	1
16207	19928.52806734858	14403.13037328788	1
16208	19928.52558856236	14403.13130090518	1
16209	19929.50234648655	14402.38848212962	1
16210	19928.74120368849	14403.65035346137	1
16211	19932.93531534256	14393.41838592418	1
16212	19929.50603393576	14402.38427762791	1
16213	19968.99579183629	14388.42259411753	1
16214	19968.99448061141	14388.42278668917	1
16215	19970.15045746544	14388.01608223848	1
16216	19970.26551102812	14387.86914478973	1
16217	19971.10470841499	14387.70703252961	1
16218	19969.00415705191	14388.41420206123	1
16219	19970.06728448276	14388.15784307181	1
16220	19970.14989717514	14388.01635897526	1
16221	19971.12315379264	14387.72428570304	1
16222	19971.12203036051	14387.72489567139	1
16223	19972.16830071068	14387.43226479209	1
16224	19972.16942685482	14387.43124566263	1
16225	19974.24644541083	14386.58017557965	1
16226	19972.17379289848	14387.5009811112	1
16227	19973.32390502508	14383.33250464505	1
16228	19974.24674550287	14386.57835075632	1
16229	20067.51139975339	14344.5656817955	1
16230	20067.51396646682	14344.56526832237	1
16231	20068.45669541566	14344.80810167301	1
16232	20067.79176527768	14344.3241014822	1
16233	20070.21848496271	14341.99354210473	1
16234	20068.45669541613	14344.80810167387	1
16235	20073.55778857222	14345.83386803061	1
16236	20073.56594947027	14345.82986951401	1
16237	20074.46298752812	14346.45231673293	1
16238	20073.62645351992	14345.57692623189	1
16239	20074.67218783969	14345.68509648955	1
16240	20074.46251392877	14346.44245711896	1
16241	20048.69519688177	14536.71118372433	1
16242	20048.69486504234	14536.71121663227	1
16243	20508.86171647924	14262.41769256099	1
16244	20508.87871105131	14262.41385436077	1
16245	20509.82676222152	14262.84792171097	1
16246	20508.89020030893	14262.40770910399	1
16247	20509.83762283111	14262.84235884066	1
16248	20509.82692549808	14262.84791367453	1
16249	20663.20794690296	14230.05524637077	1
16250	20663.2074874586	14230.05596498431	1
16251	20664.17301369109	14229.50234573472	1
16252	20664.1765475616	14229.50132779902	1
16253	20981.99237830681	14168.86797620908	1
16254	20493.54918578913	14520.83792721781	1
16255	21017.38440746476	14446.97212212129	1
16256	20981.98545802385	14168.86438974851	1
16257	20983.02313372941	14168.50244166512	1
16258	20982.05181472609	14168.90321759026	1
16259	20983.06038949505	14168.54096011552	1
16260	20983.0428480194	14168.49727292651	1
16261	21129.28874548431	14149.61686680613	1
16262	21129.28874548536	14149.61686680605	1
16263	21178.48073263367	14154.05483176877	1
16264	21129.67011184571	14149.70198741198	1
16265	21178.66429559304	14154.04744270627	1
16266	21178.66263590637	14154.04607169263	1
16267	21205.55076268286	14169.93271502444	1
16268	21205.54731537955	14169.93557392954	1
16269	21206.43145384628	14169.45714804063	1
16270	21205.56579820352	14169.934592477	1
16271	21206.44219824893	14169.44681523507	1
16272	21206.44219824858	14169.44681523599	1
16273	21208.17318342818	14170.53113381218	1
16274	21208.16426042246	14170.53478800523	1
16275	21208.39123186725	14171.55024033174	1
16276	21208.21875016432	14170.48986452457	1
16277	21208.63353407237	14171.27616248782	1
16278	21208.38567282475	14171.55391985224	1
16279	21086.22802172118	14433.27081518867	1
16280	21086.22738508007	14433.27217912046	1
16281	21073.26439801231	14436.18192939386	1
16282	21087.33761030651	14433.04477694693	1
16283	21075.46954215295	14435.7359222366	1
16284	21073.26439801138	14436.1819293941	1
16285	21039.64386193908	14443.71420651497	1
16286	19561.41465735965	14805.48945972581	1
16287	21878.54944811075	14405.78977917739	1
16288	21878.28565391048	14405.79194027545	1
16289	21878.70953921828	14405.72994655099	1
16290	21878.52908599301	14405.79191956489	1
16291	21927.58467200253	14400.77748364957	1
16292	21927.96992630692	14400.72707042806	1
16293	21928.77278246416	14400.62785682486	1
16294	21927.7899430269	14400.74192646819	1
16295	21928.77359276009	14400.60793016807	1
16296	21928.67080639768	14400.63240084767	1
16297	21984.44623811851	14394.28857716075	1
16298	21984.43849403271	14394.28988541939	1
16299	21988.57578722702	14393.89160168974	1
16300	21984.42437488475	14394.20180232939	1
16301	21987.64124930394	14393.87943462641	1
16302	21988.54771992989	14393.8943105005	1
16303	21997.94175529992	14392.876116348	1
16304	21039.49887086812	14443.77585309327	1
16305	21035.1219193383	14445.349337133	1
16306	21035.1051593796	14445.3570159884	1
16307	19561.47337894939	14805.48212620759	1
16308	21037.0457816798	14444.83798641833	1
16309	21358.58254109492	14295.00712679932	1
16310	21358.51977725612	14295.04218548754	1
16311	21363.77864690416	14291.79998096207	1
16312	21366.73648671393	14291.71915350518	1
16313	21370.47847093095	14288.69970081196	1
16314	21363.77239004744	14291.80759248933	1
16315	21437.20589671831	14237.44843980427	1
16316	21431.16839662235	14241.96379774251	1
16317	21440.5119587584	14234.77935171419	1
16318	21436.16839125613	14238.39198736991	1
16319	21435.24237896409	14238.87073593058	1
16320	21437.20589671901	14237.4484398036	1
16321	21450.62105509586	14218.2577648369	1
16322	21450.61846702988	14218.26058163396	1
16323	21452.01256423467	14217.20402921018	1
16324	21450.68764001509	14218.21614048972	1
16325	21451.98952536244	14217.20945650521	1
16326	21451.98914325924	14217.20871243468	1
16327	21456.17544490279	14212.40429772879	1
16328	21456.21501708648	14212.3870928398	1
16329	21456.64939043781	14210.54932836819	1
16330	21456.64932249597	14210.54959875908	1
16331	21039.60020352068	14443.77263186068	1
16332	21048.05219154229	14442.60445848984	1
16333	21758.2229320904	14332.46426126744	1
16334	21758.30044665968	14332.44632825741	1
16335	21814.60826351942	14328.97143543169	1
16336	21814.87112432742	14328.92964761078	1
16337	21997.64739797713	14392.87380152989	1
16338	21997.94617165235	14392.87586296164	1
16339	22001.31039978156	14392.57489647321	1
16340	22001.27863501443	14392.57861851902	1
16341	22024.03838878538	14390.32552402525	1
16342	22024.2577111834	14390.30664143423	1
16343	22030.95473111869	14389.66029501504	1
16344	22031.117762507	14389.64169271164	1
16345	22032.98345877125	14389.45745268156	1
16346	22032.90832422627	14389.47368805641	1
16347	22054.84307887073	14387.26317807485	1
16348	22054.47922727908	14387.29923404572	1
16349	23374.64894588199	14257.46992131455	1
16350	23374.58581604256	14257.46686693406	1
16351	22280.89187635801	14363.76515115087	1
16352	22280.8884279402	14363.76595447054	1
16353	22280.53312796296	14363.92148163766	1
16354	22280.11480313505	14363.84488273258	1
16355	22279.18329440639	14364.03408972666	1
16356	22280.48721678503	14363.92426192079	1
16357	22334.55395959632	14344.06473439583	1
16358	22334.54638265027	14344.06565135968	1
16359	22333.59580309648	14344.51472231244	1
16360	22333.60827091557	14344.16088961907	1
16361	22333.59752921405	14344.50591677277	1
16362	22333.66164110549	14344.50207612824	1
16363	22366.54416423192	14337.46993633748	1
16364	22366.54356343718	14337.46995812464	1
16365	22367.28817695257	14338.09311739898	1
16366	22366.47432429501	14337.47323309164	1
16367	22367.28281306248	14338.09163903432	1
16368	22367.25448285358	14338.1013985404	1
16369	22596.30421532219	14302.47704436315	1
16370	22596.34370478179	14302.46987602458	1
16371	22597.38784912293	14302.06936716126	1
16372	22596.34957324207	14302.46561039029	1
16373	22597.3887314907	14302.03914914778	1
16374	22597.40407684969	14302.06680618987	1
16375	22699.46129688038	14287.53072577373	1
16376	22699.45749280904	14287.53117316165	1
16377	22700.08488911332	14287.46653076827	1
16378	22700.08504228533	14287.46648340323	1
16379	22701.41774785222	14287.57547708738	1
16380	22700.13154015108	14287.45945608361	1
16381	22701.43395643146	14287.57134085957	1
16382	22701.43692515203	14287.5710960534	1
16383	22810.87216693518	14270.50503724123	1
16384	22810.87133025943	14270.50523543904	1
16385	22811.95357123285	14270.29531116351	1
16386	22810.88184646447	14270.50328714716	1
16387	22811.96533559333	14270.2938448118	1
16388	22811.95252687449	14270.29551617337	1
16389	22845.43436547753	14264.65565402589	1
16390	22845.43891838432	14264.65509794119	1
16391	22846.5702661922	14264.55018559908	1
16392	22845.46423857467	14264.65126159954	1
16393	22846.57544707408	14264.54883103906	1
16394	22846.57475162647	14264.54853014034	1
16395	23204.8347966795	14203.19661793382	1
16396	23204.85111606633	14203.19387445076	1
16397	23205.85106444184	14203.34288598929	1
16398	23204.99695930537	14203.1768013283	1
16399	23205.86656486121	14203.34013473573	1
16400	23205.85629144474	14203.34336812783	1
16401	23308.70752946282	14187.41519861307	1
16402	23308.71912568342	14187.4121922695	1
16403	23308.85936423723	14186.76928489464	1
16404	23309.35766138585	14187.14480696802	1
16405	23308.95622038405	14186.84277503195	1
16406	23308.86081489525	14186.76900039945	1
16407	23328.71706304402	14186.24889968647	1
16408	23328.71796339419	14186.24972267927	1
16409	23329.80891188368	14186.22081148456	1
16410	23328.7580613803	14186.25597881338	1
16411	23329.88855481101	14186.22202056676	1
16412	23329.8087617773	14186.22079498462	1
16413	23593.63981498551	14148.7037168279	1
16414	23593.63954268466	14148.70350588111	1
16415	23594.6825883303	14148.72986040356	1
16416	23593.61609282094	14148.71248832373	1
16417	23594.67631558218	14148.73345302216	1
16418	23594.68815755035	14148.72983143315	1
16419	23650.91150391032	14142.31956330868	1
16420	23650.91226713115	14142.31944740334	1
16421	23652.04905804864	14142.44939129334	1
16422	23650.9701450764	14142.29951352387	1
16423	23652.10310209531	14142.45385642048	1
16424	23652.0461405777	14142.45029460898	1
16425	23696.15658898768	14138.64718841552	1
16426	23696.15823961969	14138.64704931386	1
16427	23697.28640535031	14138.63288203398	1
16428	23696.25196468213	14138.63550150979	1
16429	23697.29196165845	14138.63210065145	1
16430	23697.28399215057	14138.63307857675	1
16431	23980.8018367386	14095.16924770548	1
16432	23980.81323388673	14095.16713858474	1
16433	23981.63169614808	14095.23560903709	1
16434	23982.23438524647	14095.31973636848	1
16435	23981.52375912387	14095.2073448125	1
16436	23981.63875294902	14095.23600879316	1
16437	24017.7310664414	14092.1018338488	1
16438	24019.82888426154	14091.81961083316	1
16439	24254.67340747145	14041.68356686353	1
16440	24017.73038796807	14092.09948152311	1
16441	24023.87025041645	14089.73197723039	1
16442	24023.87143612269	14089.73190073228	1
16443	24024.99807456409	14089.84039424806	1
16444	24023.87282662332	14089.73161030582	1
16445	24024.99625277997	14089.8394597076	1
16446	24024.99546908954	14089.84042359445	1
16447	24111.24562726048	14075.0669613847	1
16448	24111.24626766582	14075.0679222005	1
16449	24112.08758675738	14075.22153556882	1
16450	24111.24533840886	14075.06734093834	1
16451	24112.09638819023	14075.22222475304	1
16452	24112.09830835636	14075.22253832692	1
16453	24119.69264590158	14074.14997861157	1
16454	24119.70389540208	14074.1486478146	1
16455	24120.73933019815	14073.99304895556	1
16456	24119.69444761024	14074.14961267241	1
16457	24120.73912145809	14073.99271593899	1
16458	24120.73789557896	14073.99292405301	1
16459	24152.29148531542	14069.70397230572	1
16460	24151.72929590108	14069.63473622109	1
16461	24152.85056886368	14069.77287430895	1
16462	24152.29555181973	14069.70342076727	1
16463	24156.3768355308	14069.42288795606	1
16464	24156.37857629434	14069.42229524209	1
16465	24166.29899130494	14069.37065091816	1
16466	24156.48454252334	14069.41097289871	1
16467	24166.49712350563	14069.37273526844	1
16468	24166.295248868	14069.370934395	1
16469	24196.42128981341	14067.16241592241	1
16470	24196.95500255749	14067.13942754973	1
16471	24197.35884145112	14067.32633832732	1
16472	24196.42621269752	14067.15966791867	1
16473	24197.19122084673	14067.36383572163	1
16474	24197.19131593674	14067.36439099978	1
16475	24200.38250547356	14067.58997939852	1
16476	24200.56274363928	14067.65320323544	1
16477	24253.34042103065	14042.89536116556	1
16478	24254.67094256333	14041.68421450871	1
16479	24356.6992602619	14052.27604329065	1
16480	24200.38749944535	14067.58955811449	1
16481	24351.84122481028	14050.86640778261	1
16482	24356.75292327913	14052.29030552524	1
16483	24352.08071915578	14050.8455305178	1
16484	24351.8470720771	14050.86625938765	1
16485	24352.9141924865	14051.05834455337	1
16486	24351.87199092837	14050.84996761699	1
16487	24353.15730174264	14051.08070969616	1
16488	24352.91696585744	14051.05461923873	1
16489	24509.62663322332	14027.94029515538	1
16490	24509.63159305765	14027.93987402914	1
16491	24510.49717757601	14027.3359442457	1
16492	24509.63411270495	14027.94330337491	1
16493	24510.51361512666	14027.3393438984	1
16494	24510.4958913087	14027.33623062866	1
16495	24515.11966388579	14024.98761553664	1
16496	24515.122343414	14024.98751727609	1
16497	24516.05116029695	14024.4918388559	1
16498	24515.13068660453	14024.99407893526	1
16499	24516.06616583443	14024.49068945983	1
16500	24516.05587508215	14024.49123757191	1
16501	24592.96194888855	14008.05776655397	1
16502	24592.96491972596	14008.05804296717	1
16503	24597.56784585188	14006.83354922791	1
16504	24593.19070921902	14008.14452107642	1
16505	24597.5784949779	14006.83779828757	1
16506	24597.5591750209	14006.83351973657	1
16507	24619.9950299933	13998.53058715804	1
16508	24619.98951826128	13998.52697433476	1
16509	24620.8193393494	13998.04399856087	1
16510	24620.02247549832	13998.53890404705	1
16511	24620.80883844011	13998.05664825171	1
16512	24620.81848720461	13998.04296953579	1
16513	24623.07617690979	13997.59457052725	1
16514	24622.8717964472	13997.40146545942	1
16515	24632.34614029026	13997.59753470289	1
16516	24623.07707985281	13997.59435425177	1
16517	24632.77698500676	13998.02997730285	1
16518	24632.34818337421	13997.59861193495	1
16519	24712.44654503581	13974.31156900013	1
16520	24712.4446659984	13974.31249493846	1
16521	24713.75399420416	13973.78963248465	1
16522	24712.71197202697	13973.76335207446	1
16523	24716.04975175904	13973.93626061021	1
16524	24716.0741339266	13973.97336509049	1
16525	24715.14980602806	13972.12362854637	1
16526	24713.99836884171	13972.07930489604	1
16527	24714.89744545688	13970.04834026891	1
16528	24715.66448265954	13971.26519800673	1
16529	24715.35459717637	13969.90861388965	1
16530	24714.89305779175	13970.05240986115	1
16531	24716.19351383101	13969.53529424326	1
16532	24716.20307731692	13969.5325583067	1
16533	24716.51352060086	13969.4077070174	1
16534	24716.11794571707	13969.52548261198	1
16535	24716.06427366682	13968.47404253111	1
16536	24716.10152366565	13968.50510578533	1
16537	24762.25657351076	13979.1003423879	1
16538	24716.06849871704	13968.47328318843	1
16539	24715.64603220747	13965.15739528829	1
16540	24715.64405031764	13965.15698979486	1
16541	24716.31608176336	13964.33609223876	1
16542	24715.63548564888	13965.14958825346	1
16543	24716.30619501753	13964.32330392956	1
16544	24716.30506490677	13964.3238700318	1
16545	24730.57701023808	13952.93487808681	1
16546	24760.69333187916	13978.71948673641	1
16547	24766.20130608423	13980.05985098445	1
16548	24766.20093353302	13980.05987693004	1
16549	25072.00073306891	13964.57000357273	1
16550	24730.62457011564	13952.93108937897	1
16551	24731.54054624855	13952.64036131947	1
16552	24730.57607793319	13952.92991649488	1
16553	24731.54166263284	13952.62424436532	1
16554	24731.54322093446	13952.62386563134	1
16555	24837.42102751753	13938.26542626312	1
16556	24837.42477816448	13938.26579414594	1
16557	24838.46037263511	13938.0113795555	1
16558	24837.53292763367	13938.24339821105	1
16559	24838.55277249269	13937.98571856755	1
16560	24838.43181701499	13938.02002028511	1
16561	24887.10064228816	13954.95193057545	1
16562	24887.09978542547	13954.95199899173	1
16563	24887.52224118612	13955.86050208319	1
16564	24887.13666329213	13954.93994624491	1
16565	24887.5834666458	13955.82590908312	1
16566	24887.58101834269	13955.82656326469	1
16567	24891.94651318662	13960.60801786027	1
16568	24891.66134449566	13960.73508773697	1
16569	24891.69763980189	13961.77254872419	1
16570	24891.95265119587	13960.60442520809	1
16571	24893.01923107525	13960.82323863476	1
16572	24891.6972065228	13961.771552715	1
16573	24894.49622649036	13969.82966072707	1
16574	24894.4898180255	13969.83377542105	1
16575	24894.4018385036	13970.72992650397	1
16576	24895.76202492823	13969.12956989999	1
16577	24895.81312609144	13969.69785703294	1
16578	24894.40417057066	13970.72688574151	1
16579	24889.39532789087	13987.05141181298	1
16580	24889.45495702955	13987.05235333009	1
16581	24891.22229762218	13987.29450595966	1
16582	24889.3949840701	13987.05700889778	1
16583	24889.31425047776	13987.80372065178	1
16584	24889.28400632588	13987.80711197353	1
16585	24776.79988545016	14101.43408593409	1
16586	24781.25678779115	14100.87520715594	1
16587	24771.20489836618	14102.44924274673	1
16588	24776.83765563817	14101.42924577854	1
16589	24768.15807165124	14102.75992742228	1
16590	24768.16176858067	14102.77396511473	1
16591	24725.65789770545	14109.12865027843	1
16592	24726.86550075631	14109.05227278856	1
16593	24725.21212957409	14109.76660239199	1
16594	24725.54658512125	14109.14152029917	1
16595	24723.41413176432	14109.97416348763	1
16596	24725.0454545457	14109.78603903274	1
16597	23984.74903804879	14193.96440824689	1
16598	23984.93918865238	14193.96320840512	1
16599	24819.33476810798	14141.83765412457	1
16600	24819.09762982809	14141.8514985746	1
16601	24817.46294471773	14141.78708819252	1
16602	24820.24854811665	14141.78714425191	1
16603	24820.08493404224	14141.61139584047	1
16604	24817.54078289866	14141.78001912068	1
16605	24944.52763039287	14132.86432110248	1
16606	24944.65736900904	14132.85565786233	1
16607	24945.63868364517	14132.59062899215	1
16608	24944.73916793382	14132.85323852439	1
16609	24949.53494053555	14132.37547419573	1
16610	24945.7712781278	14132.58182170364	1
16611	25067.4011063361	14118.06879298501	1
16612	25072.06923420419	13964.58562415717	1
16613	25089.35847204272	13980.49654900614	1
16614	25067.37562969828	14118.07064618091	1
16615	25069.0937263227	14117.89314570087	1
16616	25089.35851153958	13980.50426331912	1
16617	25447.43657798826	13898.00909615424	1
16618	25068.94580903335	14117.9619283225	1
16619	25069.3062459401	14117.88224029681	1
16620	25069.13127601525	14117.89185883518	1
16621	25125.86006508628	14108.27584939857	1
16622	25126.83109165932	14108.22266266229	1
16623	25127.34590168105	14107.97673243072	1
16624	25125.86787814921	14108.2738548144	1
16625	25126.91677096131	14108.02228469085	1
16626	25126.91532865702	14108.02273066754	1
16627	25207.49373539368	14092.15745291923	1
16628	25207.49201632116	14092.15759374677	1
16629	25208.93543353362	14092.08269494417	1
16630	25207.50261389883	14092.15341505836	1
16631	25208.97460813593	14092.08080811945	1
16632	25208.98353559698	14092.07613733502	1
16633	25421.74176253664	14052.50345821712	1
16634	25421.73507733026	14052.50539481644	1
16635	25423.1479442289	14052.05388092364	1
16636	25447.44894457841	13897.99018469675	1
16637	26050.44859856943	13961.30667508795	1
16638	25421.72292870283	14052.510913476	1
16639	25423.1409719229	14052.06074968965	1
16640	25423.14781874028	14052.05437672064	1
16641	25514.68957882683	14021.8939709028	1
16642	25447.43827143451	13898.00874353747	1
16643	25525.43880204082	14016.51532536113	1
16644	25514.68957882776	14021.89397090247	1
16645	25643.25697728578	14014.2982963263	1
16646	25643.25237288239	14014.29803235146	1
16647	25644.46328380605	14013.96897392257	1
16648	25643.31602446071	14014.30482424526	1
16649	25644.49097089353	14013.96729086244	1
16650	25644.47234150895	14013.96732240005	1
16651	25740.90104073624	13997.2530204298	1
16652	25740.9076516839	13997.2520797824	1
16653	25742.03662259411	13996.98147137169	1
16654	25740.93372905423	13997.25255283245	1
16655	25742.05690918217	13996.97910945166	1
16656	25742.03037153173	13996.98275667603	1
16657	25743.20661496016	13996.77668181032	1
16658	25743.19717108371	13996.77823590212	1
16659	25744.34684138309	13996.6184627877	1
16660	25743.22201467142	13996.77312480494	1
16661	25744.40311740036	13996.61570815853	1
16662	25744.36152629287	13996.61446230259	1
16663	25745.61352748307	13996.42621173613	1
16664	25745.59108833183	13996.4288364006	1
16665	25746.72760456667	13996.25128979572	1
16666	25745.6203530081	13996.42703103782	1
16667	25746.81135189143	13996.2413650335	1
16668	25746.74774084741	13996.24794674974	1
16669	25901.36671468813	13975.46705742306	1
16670	25901.3696780192	13975.46688704162	1
16671	25902.24177450268	13975.15388568856	1
16672	25901.65321733279	13975.44097991872	1
16673	25903.13099974551	13975.50105128939	1
16674	25902.24251378304	13975.15385294086	1
16675	25908.90608278959	13973.86095740409	1
16676	25908.90669118561	13973.86094239963	1
16677	25910.04149739695	13973.83112500824	1
16678	25909.12799708842	13973.83496575078	1
16679	25910.64831173111	13974.03120024562	1
16680	25910.02684979542	13973.83331632986	1
16681	25990.26484343095	13960.86399778828	1
16682	25990.27046021569	13960.8633073856	1
16683	25991.40797199245	13960.70109756251	1
16684	25990.50557071943	13960.83248088363	1
16685	25991.52412967267	13960.69315059817	1
16686	25991.41351370735	13960.70006238686	1
16687	26041.50775406579	13956.88858680548	1
16688	26041.52997020452	13956.88486008852	1
16689	26042.81284907542	13957.08815463447	1
16690	26050.44785345689	13961.30684403972	1
16691	26132.79375759989	13936.53313189653	1
16692	26041.77064366225	13956.78270559806	1
16693	26041.95967875695	13956.38774284501	1
16694	26042.81376206019	13957.08793823232	1
16695	26067.56961318344	13950.02647045091	1
16696	26067.57826863969	13950.02444567375	1
16697	26068.08381829533	13949.1143389591	1
16698	26067.85335254221	13950.11883419101	1
16699	26070.16238047805	13950.50076432505	1
16700	26068.08921727771	13949.11329231778	1
16701	26117.4973839366	13939.84739626122	1
16702	26117.49794531096	13939.84708857277	1
16703	26118.46108462947	13939.80452867865	1
16704	26118.20802829467	13939.81743938239	1
16705	26119.25757420552	13940.0429970668	1
16706	26118.4622649604	13939.80394317639	1
16707	26132.07156028377	13936.61576039988	1
16708	26132.07201707922	13936.61507749125	1
16709	26135.08947203035	13936.02921549333	1
16710	26135.33523367887	13936.04122698706	1
16711	26136.28906955139	13935.72011709628	1
16712	26135.09458517859	13936.02799018625	1
16713	26136.18231071188	13935.6799022722	1
16714	26136.17652280047	13935.68227665313	1
16715	26137.51358578575	13935.54361796657	1
16716	26137.84240893746	13935.69367457222	1
16717	26139.26086334727	13935.61004426512	1
16718	26137.51848920359	13935.54232343222	1
16719	26138.2734478123	13935.14329686039	1
16720	26138.2886235491	13935.14078918029	1
16721	26187.12586959591	13927.79906471746	1
16722	26193.35810475773	13931.56712862977	1
16723	26188.52140280651	13927.86659025185	1
16724	26187.12791305018	13927.79890489864	1
16725	26188.33189801557	13927.85222126935	1
16726	26188.33355838008	13927.85195737594	1
16727	26232.35326458549	13919.3259677799	1
16728	26232.35032787098	13919.32896766231	1
16729	26232.61455813114	13919.17600804066	1
16730	26232.72556821158	13919.29054208628	1
16731	26232.87575515825	13919.46924827882	1
16732	26232.61580856744	13919.17460076573	1
16733	26307.89312484511	13907.90634877239	1
16734	26307.89580128982	13907.90637710639	1
16735	26308.34423010953	13906.84196373247	1
16736	26308.49296869378	13908.19194317932	1
16737	26308.45255804446	13906.80152451907	1
16738	26308.34624325059	13906.84160013142	1
16739	26433.54828199669	13883.19239506215	1
16740	26433.89890892274	13883.30049144737	1
16741	26433.8023265904	13883.10453789433	1
16742	26433.5482819957	13883.19239506246	1
16743	26606.91698335728	13842.97279822898	1
16744	26606.91613703268	13842.97281830494	1
16745	26607.53054062277	13842.4204363032	1
16746	26607.3601577548	13842.8474028716	1
16747	26607.52181318088	13842.43480286658	1
16748	26607.5305406237	13842.42043630288	1
16749	26793.70685572614	13803.15593685913	1
16750	26793.71270664776	13803.15508342426	1
16751	26794.79571913515	13802.87053173921	1
16752	26793.75811867887	13803.1538834269	1
16753	26794.78433556424	13802.87470658575	1
16754	26794.79667625093	13802.87054714646	1
16755	27023.09104231553	13754.26843544939	1
16756	27023.08975730865	13754.26850059431	1
16757	27023.80576351151	13754.08644459215	1
16758	27023.8057057641	13754.08646677509	1
16759	27046.67930090812	13749.74484626712	1
16760	27046.67901467939	13749.74501809712	1
16761	27052.88057055866	13748.03491995114	1
16762	27052.87967464275	13748.03508129621	1
16763	27052.90563095623	13748.02450847074	1
16764	27047.05800990405	13749.76605593453	1
16765	27142.50753609865	13736.98491371717	1
16766	27052.88832601532	13748.03198163752	1
16767	27109.3950815624	13737.58854422097	1
16768	27109.39508156333	13737.58854422081	1
16769	27110.50610795245	13737.46328811301	1
16770	27109.38164003601	13737.58657088006	1
16771	27110.51634706382	13737.46046964944	1
16772	27110.50427914161	13737.46394648474	1
16773	27142.37499642966	13736.95977425898	1
16774	27142.3747990327	13736.95952695835	1
16775	27222.51220670878	13716.18441133216	1
16776	27222.51747599477	13716.1833830357	1
16777	27223.59376641142	13716.43606690812	1
16778	27222.54728237289	13716.17792026695	1
16779	27223.58588306053	13716.44176914836	1
16780	27223.59433824761	13716.43608349447	1
16781	27284.4655340623	13704.6820566726	1
16782	27284.46785862732	13704.681670575	1
16783	27285.4689517045	13704.34012267049	1
16784	27284.47025615582	13704.68188097538	1
16785	27285.61199734185	13704.37485903576	1
16786	27285.47100978193	13704.33941603086	1
16787	27422.32360906701	13675.63265385295	1
16788	27422.32834757486	13675.63136907951	1
16789	27423.04225476249	13675.4373668246	1
16790	27422.31828752201	13675.63397598071	1
16791	27423.04677845637	13675.43633672098	1
16792	27423.05606037978	13675.43344181364	1
16793	27475.19806934462	13664.89859435958	1
16794	27475.55765701394	13664.90605731016	1
16795	27476.15866752208	13664.43330988333	1
16796	27475.19879368565	13664.8985923551	1
16797	27476.19637067895	13664.41345192666	1
16798	27476.19976503355	13664.41262345095	1
16799	27627.32182158175	13635.7949702853	1
16800	27627.31993618712	13635.79578754344	1
16801	27628.7076907272	13637.29718825751	1
16802	27627.36274199269	13635.7540350482	1
16803	27629.19451008225	13637.85673136795	1
16804	27629.19506982114	13637.85664943024	1
16805	27688.74986995774	13623.03591352229	1
16806	27688.75232303521	13623.03549845639	1
16807	27689.66989084799	13622.89054737275	1
16808	27689.67502786819	13622.88926536472	1
16809	27693.0066371134	13622.36630384555	1
16810	27693.00388461404	13622.36638007488	1
16811	27694.07984415913	13622.09446131903	1
16812	27693.00663711439	13622.36630384585	1
16813	27694.08219179971	13622.09422158288	1
16814	27694.08152974542	13622.09439861709	1
16815	27737.26066775952	13614.41050221306	1
16816	27737.26176243101	13614.41030350298	1
16817	27738.30493643042	13614.08722859074	1
16818	27737.26042010839	13614.41112092686	1
16819	27738.30487158993	13614.08708703422	1
16820	27738.30481974583	13614.08711360132	1
16821	27801.37783760478	13603.51220757245	1
16822	27801.37825175381	13603.51239244808	1
16823	27802.39965880295	13603.36298021798	1
16824	27802.39700778481	13603.36370145535	1
16825	27803.46334216185	13603.19645538195	1
16826	27802.39965880377	13603.36298021737	1
16827	27803.46067921113	13603.1971007736	1
16828	27803.4649625615	13603.19625834912	1
16829	27818.81051991595	13601.37974483272	1
16830	27818.77046941197	13601.38726892642	1
16831	27818.95895353134	13601.38333925747	1
16832	27818.80982565763	13601.3799865164	1
16833	27836.54337485856	13598.52596555776	1
16834	27836.54337485763	13598.52596555792	1
16835	27837.64456254779	13598.33262238926	1
16836	27836.54274532082	13598.52678094638	1
16837	27837.69694503077	13598.33876080007	1
16838	27837.64456254797	13598.33262238827	1
16839	27932.993258284	13583.88956626882	1
16840	27932.99276386527	13583.88965028338	1
16841	27934.11192330829	13583.60292828425	1
16842	27932.991591795	13583.89212448718	1
16843	27934.06481706514	13583.60402584983	1
16844	27934.11384268996	13583.60227812153	1
16845	27938.65019797027	13583.41259097321	1
16846	27938.65699266113	13583.41737090187	1
16847	27938.69486647303	13583.41556120092	1
16848	27938.6501979694	13583.41259097361	1
16849	27969.60841657565	13578.05055286411	1
16850	27969.61933396431	13578.04815360523	1
16851	27970.58920627472	13577.73018785232	1
16852	27969.62978841731	13578.07663733156	1
16853	27970.58759592543	13577.72987513776	1
16854	27970.58369594871	13577.7303563856	1
16855	28003.23668625078	13571.9661459002	1
16856	28003.24263698712	13571.96519389023	1
16857	28004.24317063997	13571.59237767793	1
16858	28003.24749053433	13571.96934230393	1
16859	28004.24625273154	13571.59135427275	1
16860	28004.24259905104	13571.59248516042	1
16861	28085.29483602534	13556.84488212525	1
16862	28085.28642027109	13556.84711851048	1
16863	28086.42498994252	13556.8831222998	1
16864	28085.29362134909	13556.84509133925	1
16865	28086.44848815206	13556.9006060231	1
16866	28086.42614214181	13556.88356659521	1
16867	28101.41946641903	13554.39699726867	1
16868	28101.41992693249	13554.39705149775	1
16869	28102.51369132695	13554.35731289996	1
16870	28101.42728797637	13554.39529484437	1
16871	28102.51771953487	13554.35847591695	1
16872	28102.51709305082	13554.35599767448	1
16873	28116.72432249185	13552.89515860575	1
16874	28116.72363933839	13552.89490876311	1
16875	28117.56024258671	13552.94980378492	1
16876	28116.95275737817	13552.99947028302	1
16877	28117.50932864379	13552.99122699105	1
16878	28117.56543289556	13552.94886708561	1
16879	28153.93367560656	13544.38753522281	1
16880	28153.94461017783	13544.38649839277	1
16881	28154.56075591606	13544.27973022344	1
16882	28153.93681668676	13544.38714559311	1
16883	28154.56390493113	13544.27882180952	1
16884	28154.56676310406	13544.27826106798	1
16885	28160.04186680657	13543.25549399332	1
16886	28160.04708941572	13543.25490228022	1
16887	28161.13078040711	13543.06440836848	1
16888	28160.04874160478	13543.25439512821	1
16889	28161.13138565351	13543.07759856623	1
16890	28161.13677267858	13543.06263864463	1
16891	28215.3288783725	13534.5992487264	1
16892	28215.61584819003	13534.64793158495	1
16893	28275.89863586245	13528.05310275527	1
16894	28215.32673157798	13534.59933057612	1
16895	28248.73179116228	13528.74863948769	1
16896	28248.7421718082	13528.74935263418	1
16897	28250.84785025724	13528.45892707825	1
16898	28248.72880821931	13528.74896382336	1
16899	28250.85371687554	13528.45651476591	1
16900	28250.85500203271	13528.45630847373	1
16901	28271.64404206799	13525.90101047831	1
16902	28271.65910346678	13525.89560022664	1
16903	28272.69535014144	13525.91152356354	1
16904	28271.64605133218	13525.90102447719	1
16905	28272.69770123705	13525.91109110513	1
16906	28272.69269133161	13525.91245243648	1
16907	28274.76627498725	13526.73778520365	1
16908	28274.76625635207	13526.73782029487	1
16909	28348.81256146746	13512.2611973121	1
16910	28348.81126341945	13512.26192760469	1
16911	28349.88859913219	13511.98562229801	1
16912	28348.90170452959	13512.29140017321	1
16913	28349.88789197733	13511.98954582404	1
16914	28349.88538892486	13511.98643856313	1
16915	28358.41336762178	13510.63901577585	1
16916	28358.41305836267	13510.63907585611	1
16917	28359.47841491178	13510.52934234364	1
16918	28358.41544285032	13510.65207418942	1
16919	28359.47663708654	13510.53631126076	1
16920	28359.4712243267	13510.53092057622	1
16921	28454.31628853851	13497.11610371741	1
16922	28454.32024840271	13497.1150899498	1
16923	28455.38450668741	13497.00170832071	1
16924	28454.33176169294	13497.12801346555	1
16925	28455.42990473268	13497.08006486686	1
16926	28455.38423206442	13497.00236894464	1
16927	28461.97719985904	13496.36994102273	1
16928	28461.98538227205	13496.36945727037	1
16929	28463.05315633066	13496.1218589571	1
16930	28462.13821469806	13496.4558991574	1
16931	28463.06914617872	13496.15186944832	1
16932	28463.05160880438	13496.12212304088	1
16933	28480.08672748331	13496.03688656952	1
16934	28477.44876055792	13495.83911324949	1
16935	28480.22027283971	13496.03200527125	1
16936	28480.08633166435	13496.03697430986	1
16937	28479.72349066258	13495.58700016167	1
16938	28480.14761508076	13495.633123367	1
16939	28589.41649449785	13465.33500628842	1
16940	28479.35352126125	13495.74000537274	1
16941	28518.57064737909	13508.52695849955	1
16942	28479.71570639737	13495.58970437039	1
16943	28589.45561718638	13465.30583083086	1
16944	28518.48056314042	13508.51303204716	1
16945	28593.01521156263	13466.14261336419	1
16946	28589.45448247093	13465.30579024011	1
16947	28592.99047509854	13466.12321862409	1
16948	28592.99144279468	13466.12187780046	1
16949	28687.10466520663	13431.14643066728	1
16950	28687.08854061039	13431.18098484883	1
16951	28687.75037579797	13430.58467683243	1
16952	28687.10500056489	13431.14647526533	1
16953	28687.55730491667	13430.74687490153	1
16954	28687.55648061878	13430.74709986893	1
16955	28723.82612918032	13421.33259698888	1
16956	28723.99328519375	13421.31427455139	1
16957	28728.05906460719	13419.19524210362	1
16958	28723.82668014965	13421.33249255589	1
16959	28728.01034833433	13419.0336258904	1
16960	28728.01546982274	13419.03258794358	1
16961	28775.81667184242	13400.46381384447	1
16962	28775.82166785043	13400.46616866985	1
16963	28776.59310557973	13399.88525125882	1
16964	28775.81971177249	13400.46282508118	1
16965	28776.60017996351	13399.87737858941	1
16966	28776.59906262357	13399.87755686484	1
16967	28992.37509140448	13331.42590668389	1
16968	28992.37287150003	13331.42681289366	1
16969	28993.21743538941	13330.72795821138	1
16970	28992.37189849484	13331.42809231717	1
16971	28993.21354644094	13330.7284291918	1
16972	28993.21678848134	13330.72810941625	1
16973	29023.60700801987	13324.99387118227	1
16974	29023.60782551841	13324.9939179451	1
16975	29023.65926018578	13324.99779217185	1
16976	29023.65952878189	13324.99726165853	1
16977	29256.38312999508	13251.1895447401	1
16978	29256.39624077041	13251.19605277296	1
16979	29257.36021610472	13250.98163718726	1
16980	29256.3859402418	13251.18985463439	1
16981	29257.39067081816	13250.86776689979	1
16982	29257.38658966403	13250.86917010278	1
16983	29304.35085707397	13233.44890711837	1
16984	29304.58959006472	13233.79189021645	1
16985	29309.43119219993	13231.35361766576	1
16986	29304.35127201158	13233.44872841913	1
16987	29309.4233195032	13231.34789432816	1
16988	29309.42417711986	13231.34766546803	1
16989	29368.9186158994	13201.02941782424	1
16990	29368.91802733665	13201.02991120696	1
16991	29369.40483367618	13200.73686004246	1
16992	29369.4041638936	13200.73698046319	1
16993	29640.60136185575	13097.51666910102	1
16994	29640.60670160246	13097.51532710747	1
16995	29641.61896672507	13097.24058710255	1
16996	29640.59994408191	13097.52767411439	1
16997	29641.62025634025	13097.24511911919	1
16998	29641.62150930264	13097.24427820835	1
16999	29787.69146925688	13037.61159834041	1
17000	29787.68568391347	13037.61257644314	1
17001	29788.42863558774	13036.91089708067	1
17002	29787.69403412926	13037.61391910117	1
17003	29788.42550393753	13036.91829745603	1
17004	29788.43361453951	13036.90899245247	1
17005	29877.03375725698	13001.27203766659	1
17006	29877.03519730316	13001.27146114828	1
17007	29878.06088388624	13000.99669494757	1
17008	29877.02904934372	13001.27711771981	1
17009	29878.04996831767	13001.00605345833	1
17010	29878.06581603299	13000.99327771777	1
17011	29936.28192202316	12978.38936116945	1
17012	29936.28053384129	12978.38966681668	1
17013	29937.15340370504	12977.75618523273	1
17014	29936.28148941195	12978.39532647032	1
17015	29937.14493945549	12977.75860654755	1
17016	29937.15945723018	12977.75422383866	1
17017	30170.18955642637	12892.47714924415	1
17018	30157.86176868016	12897.46152848344	1
17019	30170.45928857237	12892.51836478738	1
17020	30170.19602384826	12892.47283851436	1
17021	30171.98355379055	12891.68083195944	1
17022	30169.14770085824	12893.47706858246	1
17023	30173.59094006976	12891.19006645013	1
17024	30171.98884739296	12891.67869573956	1
17025	30173.84383855492	12890.69603365286	1
17026	30173.93890679552	12890.89460587015	1
17027	30174.46777576377	12890.13364737015	1
17028	30173.84165455413	12890.69723358707	1
17029	30176.35137361451	12889.99489576693	1
17030	30176.23746633495	12890.11180568849	1
17031	30177.21607024776	12889.77470252331	1
17032	30176.35378350143	12889.99361427074	1
17033	30177.4965425767	12889.15818067905	1
17034	30178.09788798494	12889.8577813019	1
17035	30180.44339033804	12890.41648277011	1
17036	30177.49876531586	12889.15949697804	1
17037	30180.25510642072	12888.36586991869	1
17038	30180.21498621756	12888.47016515921	1
17039	30180.54436342895	12888.25811836893	1
17040	30180.25240307656	12888.36904547759	1
17041	30180.92647295725	12887.48189123873	1
17042	30180.96161017683	12887.54620224641	1
17043	30180.92930673208	12887.38814715295	1
17044	30180.9282040759	12887.48201291884	1
17045	30181.93112650607	12887.13107278188	1
17046	30181.94204690563	12887.12626473177	1
17047	30182.77877421683	12886.60706746153	1
17048	30182.81220955821	12886.5739746786	1
17049	30184.30347119103	12886.17720741051	1
17050	30182.03588465956	12887.08778234899	1
17051	30354.251717565	12829.42719041936	1
17052	30182.78332825296	12886.60522171688	1
17053	30327.49432296987	12837.80254809122	1
17054	30327.52428361098	12837.798054628	1
17055	30328.48923541536	12837.50377079864	1
17056	30341.75052109925	12838.91138690568	1
17057	30328.175522373	12838.03137403039	1
17058	30327.49628676526	12837.80136700618	1
17059	30328.49071755464	12837.48263951998	1
17060	30328.49273762119	12837.48217518649	1
17061	30343.99901358451	12831.61242434151	1
17062	30344.00364504859	12831.61015115492	1
17063	30359.63490916963	12822.33124398441	1
17064	30344.08873338264	12831.61274503937	1
17065	30360.9557630379	12822.6471627792	1
17066	30359.63479753071	12822.33300942094	1
17067	30360.485811377	12821.7178125238	1
17068	30359.66184891248	12822.34322403833	1
17069	30360.85890941025	12821.77698634218	1
17070	30360.48514115601	12821.71795621233	1
17071	30362.74895849155	12821.67869983655	1
17072	30362.75902156037	12821.67097838781	1
17073	30362.38039534178	12823.72071700281	1
17074	30362.91803322133	12821.74207130391	1
17075	30364.86303093523	12821.36042640346	1
17076	30362.44100232853	12823.67517039393	1
17077	30356.86417073215	12827.45052449596	1
17078	30354.30087315902	12829.39667140221	1
17079	30503.90127916954	12754.19805041141	1
17080	30503.90416889271	12754.19677431272	1
17081	30504.94672945509	12753.86369724672	1
17082	30503.90505016921	12754.19544033854	1
17083	30504.96385342057	12753.86334915174	1
17084	30504.9502449311	12753.86170511078	1
17085	30574.46773080959	12723.49941764594	1
17086	30574.46695263957	12723.4982778674	1
17087	30576.427225177	12722.45139849118	1
17088	30574.54714698845	12723.54666611797	1
17089	30576.44724733435	12722.44956549118	1
17090	30576.42390726029	12722.45280561702	1
17091	30587.07782053266	12716.80446513386	1
17092	30587.07907284371	12716.80393499748	1
17093	30589.24724112416	12716.23929765979	1
17094	30587.11903194559	12716.7713354894	1
17095	30589.26212687237	12716.27108728252	1
17096	30589.24734943331	12716.23985493468	1
17097	30666.82615088415	12686.26007141427	1
17098	30666.77293006756	12686.44395486813	1
17099	30727.22278041817	12670.28557319183	1
17100	30666.83493715338	12686.25665022569	1
17101	30727.39851381356	12669.61784436379	1
17102	30727.39985398628	12669.61711924168	1
17103	30888.5960389484	12587.9335172815	1
17104	30889.86698394868	12589.937071916	1
17105	30995.3336724402	12540.20236226623	1
17106	30888.59928883478	12587.93203842364	1
17107	30995.25697664305	12540.12684915502	1
17108	30995.25721699238	12540.12683183514	1
17109	31000.04874427582	12537.20195879809	1
17110	31000.04860744753	12537.20197183611	1
17111	31001.07725280139	12537.11953390378	1
17112	31000.04687108018	12537.20054012578	1
17113	31001.0679128801	12537.1264971405	1
17114	31001.07615822839	12537.12137848658	1
17115	31109.51826946007	12484.3723578516	1
17116	31109.51090514055	12484.39193576439	1
17117	31131.34731598949	12476.14365694198	1
17118	31109.51810779428	12484.3728078547	1
17119	31131.36498064105	12476.10006731513	1
17120	31131.36571564293	12476.099839751	1
17121	31148.21974906011	12463.05902615867	1
17122	31148.21187295666	12463.05790209507	1
17123	31165.97431998694	12467.60532294529	1
17124	31148.22703500919	12463.05802726077	1
17125	31163.10724865325	12456.21675287454	1
17126	31163.10781007842	12456.21643981374	1
17127	31183.11412796751	12447.63565487878	1
17128	31183.07877524861	12447.65663766768	1
17129	31209.90085858013	12434.75830475441	1
17130	31183.1111980392	12447.63679422349	1
17131	31210.12508270534	12434.21510045589	1
17132	31210.12521850126	12434.21575408588	1
17133	31322.26285506209	12383.08324498339	1
17134	31322.26965873694	12383.08205497464	1
17135	31323.31539552688	12382.69158946696	1
17136	31322.26671669807	12383.08142086525	1
17137	31323.32413135038	12382.68332799379	1
17138	31323.32622606191	12382.68285233679	1
17139	31370.6560162477	12359.1325771782	1
17140	31370.66701232351	12359.12437028098	1
17141	31371.01742779801	12358.84762589432	1
17142	31370.63703902153	12359.14589393067	1
17143	31371.19969302631	12358.70223817337	1
17144	31371.01962385367	12358.84657347837	1
17145	31413.4745297865	12338.75950548057	1
17146	31413.47729952476	12338.75809334486	1
17147	31414.49017124745	12338.28593015616	1
17148	31413.47437606682	12338.76406610146	1
17149	31414.50052525417	12338.28540178414	1
17150	31414.50232444477	12338.28403828512	1
17151	31553.61687592277	12266.03024202734	1
17152	31553.70591022371	12266.01401246798	1
17153	31651.89756085066	12223.03143712597	1
17154	31553.62340625562	12266.02689404026	1
17155	31640.30586105038	12227.92631613349	1
17156	31640.36023773777	12227.94352208051	1
17157	31641.32238747919	12227.60893204679	1
17158	31640.30056098005	12227.92829041041	1
17159	31641.33518634143	12227.58828092554	1
17160	31641.33221779449	12227.5894748638	1
17161	31651.62643419695	12222.31590034768	1
17162	31651.62637241354	12222.31661980426	1
17163	31655.37515081	12219.72518590859	1
17164	31655.39684975997	12219.72211060542	1
17165	31656.31283053954	12219.14179037086	1
17166	31655.3825569895	12219.72112107099	1
17167	31656.30868798745	12219.12696546422	1
17168	31656.30608423986	12219.12807867283	1
17169	31658.23961621575	12217.94259821426	1
17170	31658.24654533772	12217.93743850897	1
17171	31659.20093423466	12217.67292053883	1
17172	31658.24726243847	12217.93897153572	1
17173	31659.26637934463	12217.59739978062	1
17174	31659.25884324173	12217.59705398354	1
17175	31873.90143661178	12099.41582008616	1
17176	31873.90703248337	12099.41473244621	1
17177	31874.4820865544	12098.87287432071	1
17178	31873.90356965386	12099.41429542515	1
17179	31874.51261757885	12098.8297053929	1
17180	31874.52209360339	12098.82436742065	1
17181	32079.3056415579	11982.43257520705	1
17182	32079.32888866018	11982.41959457699	1
17183	32079.90677468595	11981.53084258406	1
17184	32079.28147085541	11982.54227695765	1
17185	32079.75645459007	11981.62072572815	1
17186	32079.90293231182	11981.53275683008	1
17187	32091.11428730522	11974.6838078333	1
17188	32091.10952818941	11974.68272670402	1
17189	32092.00705978338	11974.15354939721	1
17190	32091.06897112384	11974.70137645212	1
17191	32091.99304515956	11974.1624677235	1
17192	32092.00795977277	11974.15310007773	1
17193	32122.18563733605	11956.67610572935	1
17194	32122.19773256418	11956.68066029559	1
17195	32123.02793985169	11956.15385164304	1
17196	32122.18127530615	11956.67675693211	1
17197	32123.18168437999	11956.0727125671	1
17198	32123.18442340923	11956.07083676165	1
17199	32353.07669737586	11822.38623102815	1
17200	32353.07886669191	11822.38495620362	1
17201	32354.05680925853	11821.70803375141	1
17202	32353.07541930221	11822.38929012312	1
17203	32354.06135030359	11821.7054822583	1
17204	32354.05498111522	11821.70912196845	1
17205	32384.20587564074	11804.06915564246	1
17206	32384.20726511511	11804.06808822461	1
17207	32385.25284029072	11803.57686734532	1
17208	32384.18145100994	11804.07889775122	1
17209	32385.21385868586	11803.61149261239	1
17210	32385.21800397878	11803.60862709753	1
17211	32411.69569158106	11788.02368053289	1
17212	32411.68364176556	11788.03072801081	1
17213	32412.72703807161	11787.40461464571	1
17214	32411.69884014194	11788.02207450713	1
17215	32412.72217000107	11787.40656856182	1
17216	32412.71689903142	11787.40904546059	1
17217	32655.88511067122	11646.10733892173	1
17218	32655.88032354508	11646.11050003785	1
17219	32657.01144862664	11645.32492479349	1
17220	32655.88691137382	11646.11720016836	1
17221	32657.01906308642	11645.32084687025	1
17222	32657.0107818644	11645.32654238364	1
17223	32689.51970075979	11626.32123990357	1
17224	32689.52334808302	11626.31891226165	1
17225	32690.45951156167	11625.54906845909	1
17226	32689.50889158208	11626.32710749455	1
17227	32690.12501999398	11625.68262819477	1
17228	32690.49477178155	11625.53077165756	1
17229	32819.35396362084	11552.14889792892	1
17230	32819.39527614327	11552.12831969551	1
17231	32820.15864139324	11551.46304499663	1
17232	32819.38163909322	11552.13700213007	1
17233	32820.15599240898	11551.46362053861	1
17234	32820.15911748476	11551.4642305374	1
17235	32862.24164676922	11527.20797447925	1
17236	32862.24179194402	11527.20800077111	1
17237	32863.46288751438	11526.49280419145	1
17238	32862.18386069773	11527.23651384077	1
17239	32863.46103700792	11526.48803141412	1
17240	32863.46472744085	11526.49128784048	1
17241	32879.4764199956	11516.94810056504	1
17242	32879.49954699836	11516.93461791517	1
17243	32880.56140573014	11516.04683103093	1
17244	32879.47590842692	11516.9545553373	1
17245	32880.40963867225	11516.08220377689	1
17246	32880.58144938556	11516.03825081797	1
17247	32986.70931315329	11452.74841645495	1
17248	32986.72860313352	11452.73695181974	1
17249	32987.54124255129	11452.41706791421	1
17250	32986.75240715896	11452.72311466063	1
17251	32987.38128875621	11452.50203179897	1
17252	32987.54211924138	11452.4163985791	1
17253	33086.38656336797	11393.86486678933	1
17254	33086.40668144944	11393.85459901556	1
17255	33087.70670416631	11393.07930218474	1
17256	33086.39818709478	11393.85851814863	1
17257	33087.58607512549	11393.06131914293	1
17258	33087.69391685829	11393.08881858296	1
17259	33445.82037937682	11179.9419648909	1
17260	33445.82037937775	11179.94196489044	1
17261	33447.32078009966	11178.97432348183	1
17262	33445.75364117365	11179.96448831619	1
17263	33447.17318399786	11179.02566197288	1
17264	33447.33077814669	11178.96828043465	1
17265	33454.39401548076	11174.68141643002	1
17266	33454.39855235425	11174.68099225162	1
17267	33456.23990194604	11173.51243057845	1
17268	33453.85592216399	11174.87614719828	1
17269	33456.0581553196	11173.54577384869	1
17270	33456.1954173249	11173.53624600333	1
17271	33885.85547911207	10911.06662291124	1
17272	33886.13157425431	10910.92063362322	1
17273	33885.95411855867	10910.63128738391	1
17274	33885.71082492667	10910.69845190098	1
17275	33679.02656883694	10951.53304339865	1
17276	33679.02819382329	10951.52048620128	1
17277	33677.50689381111	10951.53956375364	1
17278	33678.867073261	10951.57251752565	1
17279	33677.47367539792	10951.63817523845	1
17280	33677.49667489727	10951.54524796537	1
17281	33643.52825403365	10953.50150825887	1
17282	33643.52760357159	10953.50225317098	1
17283	33640.24380225921	10953.39432178344	1
17284	33642.91309990821	10954.08068040124	1
17285	33638.74825522833	10953.64836330582	1
17286	33643.62988158857	10953.39308099962	1
17287	33641.86405965645	10953.1434595654	1
17288	33640.28590866644	10953.39646178354	1
17289	33632.93497135898	10953.25101307247	1
17290	33632.92031806184	10953.2477674008	1
17291	33634.38198680466	10953.08206902792	1
17292	33626.51459722954	10953.65286873359	1
17293	33634.34741757909	10953.11490263429	1
17294	33634.36572325876	10953.07181494815	1
17295	33350.28440223169	10847.61579906394	1
17296	33347.12326361879	10847.18410106429	1
17297	33348.89132001554	10846.6400597337	1
17298	33350.28530703264	10847.62172127188	1
17299	33349.22066090116	10846.61091703071	1
17300	33349.21853002498	10846.60280583477	1
17301	33215.84463294921	10718.11626425098	1
17302	33215.84802220139	10718.12758086007	1
17303	33213.9913245553	10716.88882637159	1
17304	33215.84285919095	10718.11352454631	1
17305	33214.45867504878	10717.06153535125	1
17306	33214.45650950907	10717.06041499542	1
17307	33133.4306306995	10581.71562568456	1
17308	33133.20371933241	10581.53348746025	1
17309	33133.96000733657	10581.6245042516	1
17310	33133.45004665077	10581.71702514061	1
17311	33133.95466392103	10581.5123904959	1
17312	33133.95289505587	10581.51016213791	1
17313	33119.21401381795	10557.44444343653	1
17314	33119.29951499327	10557.25844543181	1
17315	33114.11962314317	10556.15372303815	1
17316	33119.21284580335	10557.44172195945	1
17317	33116.86263769469	10557.11525388083	1
17318	33116.86364491138	10557.12091411166	1
17319	33140.42193500581	10408.80377501261	1
17320	33140.42471653712	10408.80471468947	1
17321	33140.61570047645	10407.73603842857	1
17322	33140.42916244135	10408.80130583744	1
17323	33140.61827528279	10407.7372396806	1
17324	33140.61611877009	10407.73539447182	1
17325	33146.42236656754	10338.74730782927	1
17326	33146.3958519288	10338.71855210866	1
17327	33146.41022331343	10337.73059124843	1
17328	33146.42263094767	10338.74597593404	1
17329	33146.46338511619	10337.75695579601	1
17330	33146.46363617893	10337.75625818185	1
17331	33154.05324095121	10321.29418124239	1
17332	33154.05677196675	10321.29786830233	1
17333	33153.89226539352	10320.08799119417	1
17334	33153.97671228024	10321.29211950378	1
17335	33153.55380228197	10319.90738172124	1
17336	33153.88694473536	10320.09105259527	1
17337	33359.82064235833	10085.25345428655	1
17338	33359.82121394027	10085.25109792961	1
17339	33360.57422786718	10084.4437310763	1
17340	33359.82260487694	10085.25173320235	1
17341	33360.5789617073	10084.43674087994	1
17342	33360.57816691889	10084.43728678675	1
17343	33362.24474377028	10082.99282503639	1
17344	33362.24474377005	10082.99282503541	1
17345	33362.95867991686	10082.18156694747	1
17346	33362.24839586817	10082.97664457683	1
17347	33362.88347733201	10082.1447939717	1
17348	33362.95856156788	10082.18127892594	1
17349	33423.93012706493	10050.06168396796	1
17350	33423.93058299209	10050.0609535896	1
17351	33424.93759651668	10049.64219047397	1
17352	33423.93134058907	10050.06340823779	1
17353	33424.94863676949	10049.63675693378	1
17354	33424.95361171797	10049.63380434978	1
17355	33430.19446704525	10047.72565488633	1
17356	33430.19203097047	10047.72491880891	1
17357	33431.23123034119	10047.47913400414	1
17358	33430.19430428615	10047.72590079177	1
17359	33431.23484928621	10047.47793956384	1
17360	33431.2356855672	10047.47668975993	1
17361	33678.38240007841	9997.612889257593	1
17362	33678.38391127926	9997.613515052619	1
17363	33679.43250546668	9997.323869318441	1
17364	33678.38847925788	9997.610316214845	1
17365	33679.428687868	9997.317442419706	1
17366	33679.43247734936	9997.323975656689	1
17367	34038.26259462821	10043.05588343482	1
17368	34037.96748877951	10043.04137575346	1
17369	34038.43541585054	10043.0654430436	1
17370	34038.43676368817	10043.06560236157	1
17371	34144.81703738461	10108.10010020644	1
17372	34144.82058323978	10108.10426578292	1
17373	34145.80843839439	10108.60263400064	1
17374	34144.82347889041	10108.10032767452	1
17375	34145.80572564946	10108.60314519115	1
17376	34145.8063390975	10108.60070055186	1
17377	34185.14254577731	10156.27505630764	1
17378	34185.14127075841	10156.27781283302	1
17379	34185.61481951282	10157.32988597447	1
17380	34185.14248152467	10156.26890376217	1
17381	34185.6143208124	10157.32542402316	1
17382	34185.61406072706	10157.32854740564	1
17383	34201.45810208947	10201.85443832112	1
17384	34201.46380179387	10201.85091473101	1
17385	34201.60582848906	10203.06049134711	1
17386	34201.45678212919	10201.86019369262	1
17387	34201.60123299045	10203.06084099923	1
17388	34201.60039759794	10203.06240344869	1
17389	34228.91227827891	10545.69873988088	1
17390	34228.90641638107	10545.70946645651	1
17391	34228.64389486687	10546.73934906749	1
17392	34228.90674212959	10545.70076133809	1
17393	34228.61084779026	10546.77412588913	1
17394	34228.59511649265	10546.78736192457	1
17395	33886.15331865981	10910.91841065596	1
17396	33887.51520995441	10910.38685391537	1
17397	33886.47042239597	10910.51564998528	1
17398	33886.08672950859	10910.59543287318	1
17399	34637.81889098248	10710.82361541442	1
17400	34637.79609325191	10710.82900666399	1
17401	34674.77980787423	10704.52587999632	1
17402	34674.87469693553	10704.49907833731	1
17403	34676.70228513918	10704.03640114861	1
17404	34637.86678852281	10710.78633641086	1
17405	34707.5402644549	10693.80017507297	1
17406	34675.00327869994	10704.48314527824	1
17407	34675.34378554451	10704.4816813134	1
17408	34676.72507360124	10704.03558034591	1
17409	34707.95372764149	10693.71753908299	1
17410	34707.94903775788	10693.71845730642	1
17411	34787.53745118278	10673.32146907478	1
17412	34787.60063117102	10673.1640646746	1
17413	34898.17085417156	10632.24979372397	1
17414	34787.57875023235	10673.31032780939	1
17415	34811.97447832901	10666.64953518012	1
17416	34811.99016211857	10666.64439359098	1
17417	34813.27641743037	10666.26839789952	1
17418	34813.26661892835	10666.27267075678	1
17419	34856.30016372603	10651.13833700643	1
17420	34870.37943194795	10644.79661639905	1
17421	35049.70602465223	10598.24323209956	1
17422	34856.29895482067	10651.13878174623	1
17423	34945.20714075048	10628.38336659944	1
17424	34945.21829016012	10628.37962362306	1
17425	34946.87934652256	10627.9476961766	1
17426	34944.94590031763	10628.41400579685	1
17427	34943.91523935238	10627.04896770676	1
17428	34946.87007259391	10627.95081855939	1
17429	35037.24423323921	10601.59991716802	1
17430	35037.22356756259	10601.60593731822	1
17431	35017.00328760076	10608.35090923958	1
17432	35016.99475932861	10608.35157118629	1
17433	35015.89887399046	10608.84232768754	1
17434	35017.77279220265	10607.95151652133	1
17435	35014.65620351094	10609.02820254548	1
17436	35015.88400964317	10608.8458068016	1
17437	35102.65356166527	10584.05817486102	1
17438	35102.64698112302	10584.06064596624	1
17439	35104.28236662556	10583.07839851226	1
17440	35108.31846061413	10582.53959248488	1
17441	35106.1763252989	10582.12525272376	1
17442	35104.28834387753	10583.07913578354	1
17443	35078.0922873501	10590.5900995646	1
17444	35078.07693229447	10590.5944908611	1
17445	35148.39896880637	10570.27980393139	1
17446	35148.41070886643	10570.27580288824	1
17447	35150.69642393047	10569.70744128773	1
17448	35148.47882653843	10570.25462024965	1
17449	35151.71438676224	10569.22489418879	1
17450	35150.73926923197	10569.69542634685	1
17451	35152.16949563666	10569.43552212198	1
17452	35152.17226143077	10569.43449247268	1
17453	35173.14223587676	10563.78699848176	1
17454	35153.02301077911	10569.20779036108	1
17455	35173.35618743021	10563.66692704868	1
17456	35173.12587753945	10563.79086527431	1
17457	35193.38562888815	10558.16628226599	1
17458	35193.58931957948	10558.06102821395	1
17459	35193.25674496405	10558.34464002547	1
17460	35193.3901487526	10558.16661400332	1
17461	35214.12966292806	10552.63550026756	1
17462	35214.13886291435	10552.63301125886	1
17463	35222.15764404251	10550.43560461401	1
17464	35222.16227749904	10550.43419967539	1
17465	35271.30572409689	10536.05621348963	1
17466	35271.33047013218	10536.04975201198	1
17467	35278.798425243	10534.27692819692	1
17468	35278.81297507486	10534.27203576091	1
17469	35279.44072918472	10534.11020438883	1
17470	35278.79704516078	10534.27736177449	1
17471	35279.38642957783	10534.12822192081	1
17472	35279.44887387514	10534.10867800727	1
17473	35280.83949519816	10533.86261853611	1
17474	35279.51538338326	10534.08689219177	1
17475	35280.86816213181	10533.85668695864	1
17476	35280.83335406129	10533.86446024982	1
17477	35403.68626442651	10504.09211017181	1
17478	35271.4418758938	10535.95682019441	1
17479	35403.76937693387	10504.10869608806	1
17480	35403.69443378784	10504.09003090342	1
17481	35599.25969947805	10451.19691372788	1
17482	35599.36281822191	10451.13106374572	1
17483	35600.48808352766	10451.06646105328	1
17484	35599.25561194465	10451.19769255435	1
17485	35600.47036154778	10451.06539422074	1
17486	35600.46291708684	10451.06719158176	1
17487	35626.31509107078	10444.23941232729	1
17488	35626.30507235666	10444.24192386032	1
17489	35627.25235776289	10443.94112110039	1
17490	35626.30944846163	10444.2407078359	1
17491	35627.25177727494	10443.94180941785	1
17492	35627.25230084249	10443.94073238191	1
17493	35754.77632337541	10411.04416183314	1
17494	35754.74721905234	10411.06199407488	1
17495	35755.89464558457	10410.66512917791	1
17496	35754.77525294462	10411.04455285856	1
17497	35755.91666814231	10410.65210701991	1
17498	35755.91303211683	10410.65341906881	1
17499	35757.09890659974	10410.32317894025	1
17500	35757.07159434678	10410.33971834734	1
17501	35758.24948323454	10409.97198695899	1
17502	35757.0971547779	10410.32233069612	1
17503	35758.24831366254	10409.97308447727	1
17504	35758.2549441728	10409.97146307096	1
17505	35946.19040100591	10359.40056139381	1
17506	35946.18944995094	10359.40086197908	1
17507	35947.3419764766	10359.07916303059	1
17508	35946.15875579044	10359.44398754728	1
17509	35947.08541919466	10359.41733373802	1
17510	35947.35017797432	10359.07621758559	1
17511	36096.70804055629	10319.27319912392	1
17512	36096.7173642203	10319.27013436802	1
17513	36097.68830875709	10319.14915725078	1
17514	36096.7080405553	10319.27319912417	1
17515	36097.70093985065	10319.1456441008	1
17516	36097.70042979741	10319.14570453089	1
17517	36440.96136604802	10222.73401410965	1
17518	36440.96178554709	10222.73355733357	1
17519	36442.06607379438	10222.23835516252	1
17520	36440.94477035163	10222.74357002251	1
17521	36442.06930802902	10222.2378690973	1
17522	36442.06469979155	10222.23879889669	1
17523	36513.44003489375	10200.46156278063	1
17524	36513.43999746768	10200.40435923518	1
17525	36514.54004374758	10200.0795457356	1
17526	36513.4402137064	10200.46158628182	1
17527	36514.53721508017	10200.08216254649	1
17528	36514.54680187244	10200.07967146694	1
17529	36557.59098438889	10185.84755221505	1
17530	36557.57159797696	10185.85331972941	1
17531	36559.78041369247	10185.39637108521	1
17532	36557.59362123744	10185.85064036589	1
17533	36559.77057923086	10185.40245177994	1
17534	36559.78749708051	10185.39360461508	1
17535	36741.57382661267	10110.06981668835	1
17536	36741.5075250853	10110.08020173463	1
17537	37217.32929756155	9942.182235810053	1
17538	36741.57423761574	10110.06963198607	1
17539	37210.45287124481	9943.368541914433	1
17540	37210.12246374693	9943.487472419052	1
17541	37210.77702828543	9943.252644356562	1
17542	37210.46354576683	9943.365330379782	1
17543	37217.75904018688	9941.992278210833	1
17544	37217.76100534812	9941.991802801997	1
17545	37218.43249329994	9941.70451990418	1
17546	37218.43368038646	9941.704038606975	1
17547	37583.90674631851	9806.053314876463	1
17548	37583.90368856961	9806.053786105687	1
17549	37637.83831773431	9787.84510764717	1
17550	37585.29400497884	9805.756943576202	1
17551	37603.76693922444	9801.315826602624	1
17552	37603.77724698011	9801.305563466989	1
17553	37600.55149926693	9803.121491236818	1
17554	37598.43564337492	9803.174994717885	1
17555	37599.2885942494	9803.709432010382	1
17556	37600.58208010707	9803.114154456785	1
17557	37641.29685794457	9786.845989966147	1
17558	37641.27322825865	9786.855470600318	1
17559	38808.38750403939	9403.972985105947	1
17560	38809.52311597095	9403.537698249822	1
17561	38577.92330459104	9491.861697074746	1
17562	38576.76309721672	9492.307842639817	1
17563	38382.2507205843	9573.517284722317	1
17564	38738.7192899597	9433.187109729804	1
17565	38282.77821510925	9712.22665304946	1
17566	38382.24666294322	9573.516326315799	1
17567	38282.53015996609	9713.421262137808	1
17568	38282.52943358442	9713.417589154915	1
17569	38412.18450847227	9704.996083523172	1
17570	38412.18868398078	9704.986891043838	1
17571	38413.07674242987	9704.150421126618	1
17572	38412.1902423327	9704.970892462703	1
17573	38413.07327050832	9704.111851560936	1
17574	38413.07894468587	9704.147690554842	1
17575	38450.57710228296	9695.554189072016	1
17576	38450.58580255538	9695.553935549126	1
17577	38451.50421385723	9694.926111601306	1
17578	38450.58679346554	9695.550612303874	1
17579	38451.50682309066	9694.932876045383	1
17580	38451.50682309148	9694.932876044872	1
17581	38572.85029206047	9658.636463792267	1
17582	38572.84929405671	9658.636464316845	1
17583	38573.89351220208	9658.251985617073	1
17584	38572.84581375914	9658.638980889786	1
17585	38573.87733825931	9658.241177661575	1
17586	38573.89152660646	9658.254906542694	1
17587	38578.88212534483	9656.017523552509	1
17588	38578.88200889184	9656.020607291231	1
17589	38579.81488173769	9655.419749939423	1
17590	38578.87859935453	9656.016245227387	1
17591	38579.81361660245	9655.419632554813	1
17592	38579.81461223401	9655.419791963799	1
17593	38581.82724358025	9654.560128041699	1
17594	38581.83673149848	9654.556168904455	1
17595	38582.72910536814	9653.913850268511	1
17596	38581.7873648777	9654.554438603249	1
17597	38582.67474819114	9653.885639048231	1
17598	38582.73623067205	9653.922019541767	1
17599	38588.45975096582	9650.95803012824	1
17600	38588.45809829439	9650.958868895048	1
17601	38589.39424421452	9650.444730367632	1
17602	38588.43956229347	9650.962869016088	1
17603	38589.39208343718	9650.443716858461	1
17604	38589.39177728433	9650.443869418003	1
17605	38599.31656142225	9645.336595718858	1
17606	38599.31777299213	9645.335488765881	1
17607	38599.77921279962	9645.068243289039	1
17608	38599.81643830531	9645.052028523296	1
17609	38604.13063987001	9643.470835074237	1
17610	38604.12661331741	9643.471554216832	1
17611	38606.12642308534	9642.592225917306	1
17612	38604.0702629775	9643.494791276444	1
17613	38606.03773980198	9642.654934320684	1
17614	38606.12407858006	9642.591756502527	1
17615	38611.84684121562	9639.262651718655	1
17616	38611.84657264326	9639.263133196904	1
17617	38612.84751943627	9638.778847718781	1
17618	38611.84927792114	9639.259752878452	1
17619	38612.84080862487	9638.779520701375	1
17620	38612.84708656982	9638.779055743325	1
17621	38613.77287179738	9638.22163380613	1
17622	38613.7820131703	9638.22083733131	1
17623	38614.75431232312	9637.733176349297	1
17624	38613.77287179639	9638.221633806064	1
17625	38614.73927429598	9637.73945877665	1
17626	38614.74776722974	9637.736272624972	1
17627	38644.80505502765	9623.86682189239	1
17628	38644.80378786894	9623.868072898931	1
17629	38645.62310121529	9622.918242822727	1
17630	38645.59532892186	9622.93810433537	1
17631	38645.64894502668	9622.896388104358	1
17632	38645.62969630514	9622.911777282701	1
17633	38646.70182775921	9622.268981598081	1
17634	38646.68122925673	9622.278311721757	1
17635	38647.422781876	9621.517265284041	1
17636	38646.69739676442	9622.271833535488	1
17637	38647.44672046491	9621.511341157848	1
17638	38647.44450046314	9621.512193345219	1
17639	38653.84519149992	9617.45569574784	1
17640	38645.79304644722	9626.053267393245	1
17641	38653.55460646062	9617.377929901179	1
17642	38653.85051448276	9617.455639895677	1
17643	38661.72086896037	9613.671394151392	1
17644	38661.72425818985	9613.671782262978	1
17645	38662.70994941285	9613.334519088421	1
17646	38661.71924923087	9613.672101673066	1
17647	38662.69693683379	9613.341183342503	1
17648	38662.70994941186	9613.33451908877	1
17649	38674.40111931734	9607.727838222519	1
17650	38674.38917393651	9607.731812686354	1
17651	38674.43909768696	9607.710423880997	1
17652	38674.40936755482	9607.723350554816	1
17653	38725.44858185365	9584.772591769804	1
17654	38725.44903246174	9584.772382892965	1
17655	38726.39615537651	9584.315440900307	1
17656	38725.44502387068	9584.771832183313	1
17657	38726.40414605738	9584.312497076999	1
17658	38726.39683615946	9584.315070642513	1
17659	38749.31051714474	9573.227195866948	1
17660	38749.35146568553	9573.225728492796	1
17661	38750.39559063275	9572.731706549272	1
17662	38749.30955218495	9573.227623848506	1
17663	38750.40073062311	9572.729600513137	1
17664	38750.39992675983	9572.729644492039	1
17665	38788.66474419297	9555.580382309296	1
17666	38788.66537110385	9555.580202473651	1
17667	38789.73536402604	9555.297963333487	1
17668	38788.65364842617	9555.584064270761	1
17669	38789.73575684376	9555.299054520292	1
17670	38789.73256457632	9555.298984884972	1
17671	38800.58485136752	9549.630174235861	1
17672	38800.58640814008	9549.629393705674	1
17673	38801.44770064758	9548.966741175596	1
17674	38800.58951446344	9549.624000326323	1
17675	38801.44454818807	9548.96848161727	1
17676	38801.45392679522	9548.965925433482	1
17677	38815.17119737435	9541.805319380868	1
17678	38815.18145954522	9541.798136649768	1
17679	38816.18914713699	9541.173018469497	1
17680	38815.17118089984	9541.805244418028	1
17681	38815.85958881455	9541.135687387323	1
17682	38816.19262664422	9541.168991892997	1
17683	38839.198857749	9530.19274027764	1
17684	38839.20161592	9530.192139104762	1
17685	38840.11022572615	9529.617714915617	1
17686	38839.17212594277	9530.200633927709	1
17687	38840.10745430685	9529.617800586475	1
17688	38840.11239761516	9529.61682259691	1
17689	38842.18255856767	9528.71414054348	1
17690	38842.19329757645	9528.710046812897	1
17691	38843.17349125852	9528.194380654868	1
17692	38842.18460477458	9528.712279555068	1
17693	38843.17376258312	9528.191177089355	1
17694	38843.17343289271	9528.194400764754	1
17695	38872.56614179496	9515.050651639189	1
17696	38872.5589781162	9515.051206259648	1
17697	38873.57139706769	9514.600773480321	1
17698	38872.56526262866	9515.051054265374	1
17699	38873.56713131448	9514.601117834552	1
17700	38873.56376827572	9514.601501939718	1
17701	39050.22045553953	9434.025564189	1
17702	39050.22815980652	9434.023086139841	1
17703	39050.95673202421	9433.134108141025	1
17704	39050.22427802096	9434.029961402484	1
17705	39050.82570113847	9433.141393628241	1
17706	39050.96212947619	9433.131206948674	1
17707	39107.63066264946	9408.250650836741	1
17708	39107.63033230999	9408.250823299459	1
17709	39108.71419125027	9407.552753038848	1
17710	39108.71456197655	9407.553082313276	1
17711	39135.09097365662	9394.648774641881	1
17712	39135.10353680566	9394.645133984213	1
17713	39136.05751207593	9394.032033355063	1
17714	39135.07956063037	9394.650059329986	1
17715	39136.05641400669	9394.032254823076	1
17716	39136.057512075	9394.032033355508	1
17717	39156.12735916197	9383.669724191754	1
17718	39156.12531512306	9383.670429869437	1
17719	39156.83501766785	9382.915608379504	1
17720	39156.13063579425	9383.668429920996	1
17721	39156.77414791641	9382.922265832718	1
17722	39156.83307261189	9382.916932821314	1
17723	39190.51412741921	9361.126752831151	1
17724	39174.64532670414	9358.173665071155	1
17725	39189.4356223151	9361.259225410606	1
17726	39190.50527567859	9361.130408342684	1
17727	39193.54873044888	9361.702867044951	1
17728	39194.6488147073	9362.010432598361	1
17729	39193.59362239239	9361.945390306922	1
17730	39193.54843418906	9361.703023002307	1
17731	39196.86928153987	9361.033563658046	1
17732	39196.736037136	9361.648071771891	1
17733	39196.96984963288	9361.011383168676	1
17734	39196.86391616653	9361.033562129955	1
17735	39198.15161242074	9360.990923323949	1
17736	39197.79340179334	9361.421548946888	1
17737	39197.45109424007	9362.47373299305	1
17738	39198.15205919795	9360.990744176621	1
17739	39199.54029340978	9360.149529166087	1
17740	39196.92884280731	9361.778287580026	1
17741	39199.39319212298	9359.593561411279	1
17742	39199.55792059127	9360.142666551501	1
17743	39200.78095400758	9359.27795213906	1
17744	39200.79302199627	9359.324118350491	1
17745	39200.85636487888	9358.975753702676	1
17746	39200.76976693724	9359.283749004466	1
17747	39201.7221411037	9358.4386928725	1
17748	39201.61127455399	9358.457843610771	1
17749	39201.92054785672	9357.847658077479	1
17750	39201.72317893972	9358.431315451224	1
17751	39202.87030597945	9358.039130088706	1
17752	39202.14039619523	9358.034370868059	1
17753	39202.83024594869	9358.082502821118	1
17754	39202.86414778413	9358.040322687597	1
17755	39205.88575161138	9356.9549002969	1
17756	39205.53294162737	9357.125134049489	1
17757	39207.84594051936	9356.790036912917	1
17758	39205.87781846378	9356.959368434758	1
17759	39208.57840018667	9355.645774515044	1
17760	39208.58882050484	9355.639757054674	1
17761	39207.76655211829	9354.420853976375	1
17762	39207.59005264193	9354.371775099744	1
17763	39213.44137619663	9353.037564905864	1
17764	39207.77421882952	9354.411823462953	1
17765	39328.93153804581	9309.241628912172	1
17766	39213.43718381313	9353.040820381673	1
17767	39357.92430206417	9297.906760066751	1
17768	39328.95237415272	9309.233311401751	1
17769	39369.27904157963	9297.647361864192	1
17770	39369.27767313423	9297.647928199409	1
17771	39370.15406076662	9297.55088138105	1
17772	39370.15408050001	9297.551249094467	1
17773	39425.5286315995	9271.195000409891	1
17774	39425.53689518059	9271.192062371607	1
17775	39430.09348108387	9269.205077123017	1
17776	39430.09236942569	9269.205323086264	1
17777	39431.39515551069	9268.495919052764	1
17778	39430.0979586519	9269.203439314308	1
17779	39431.38822758396	9268.497961408762	1
17780	39431.38842675189	9268.497953464203	1
17781	39449.89132277842	9260.723237345494	1
17782	39449.90700021043	9260.735138256852	1
17783	39483.23760721827	9245.551076351299	1
17784	39449.8893563241	9260.724238042727	1
17785	39483.22334262781	9245.602212168469	1
17786	39483.22626358533	9245.600789694814	1
17787	39512.66915673966	9231.506754687947	1
17788	39512.53560214769	9231.376968486762	1
17789	39513.75957338116	9231.07495484117	1
17790	39512.66857095464	9231.506053923367	1
17791	39513.77473925106	9231.141023819639	1
17792	39513.77595787967	9231.140984221292	1
17793	39631.74236244056	9181.811905258935	1
17794	39631.74246117979	9181.812792761801	1
17795	39632.31570979732	9180.851328120603	1
17796	39631.9094674908	9181.889120905415	1
17797	39632.32383715938	9180.838536809917	1
17798	39632.32210551819	9180.839705909164	1
17799	39649.60076501733	9172.055519732936	1
17800	39649.59952959273	9172.056078292331	1
17801	39650.71278933604	9171.625148588455	1
17802	39649.51170062303	9172.044816608348	1
17803	39650.70921071293	9171.596981610808	1
17804	39650.71934778895	9171.62199466628	1
17805	39677.47421625297	9157.168902789779	1
17806	39677.47441295331	9157.168828732012	1
17807	39679.77988540742	9157.820098824715	1
17808	39676.33532778791	9156.62128590256	1
17809	39679.91064088728	9157.889860876947	1
17810	39679.76977051352	9157.819400680317	1
17811	39757.10010373412	9131.631777721917	1
17812	39757.10769431066	9131.62811474612	1
17813	39758.06450352789	9131.033852475382	1
17814	39757.11445694888	9131.627271617626	1
17815	39758.02145546675	9131.039141313398	1
17816	39758.01485496631	9131.041550169375	1
17817	39862.77783107938	9091.357937000894	1
17818	39862.7739082193	9091.283653914685	1
17819	39932.78588582401	9066.768387623602	1
17820	39862.75414497987	9091.374832611526	1
17821	39931.94331441697	9066.425110660133	1
17822	39931.92695552175	9066.434300520772	1
17823	39941.54964512261	9061.215549389613	1
17824	39940.60033243435	9061.210697037706	1
17825	39955.31260206708	9054.785578210161	1
17826	39941.5487558819	9061.215945395092	1
17827	39955.73554166366	9054.898152681128	1
17828	39955.73913150741	9054.89694330655	1
17829	40009.14501943771	9031.336849865804	1
17830	40009.07543359615	9031.126917403972	1
17831	40019.96676686453	9028.527605411671	1
17832	40009.14398473152	9031.337235413008	1
17833	40020.62475452619	9028.067676262432	1
17834	40020.67679367692	9028.046515632312	1
17835	40071.40790414665	9006.167549165368	1
17836	40071.41896150925	9006.163136378225	1
17837	40072.27189017471	9005.513366742278	1
17838	40071.40627133311	9006.165873811064	1
17839	40072.29293427075	9005.504167040412	1
17840	40072.30911423848	9005.499903029398	1
17841	40166.64233183966	8965.536691030984	1
17842	40166.64085174236	8965.536904389523	1
17843	40167.28466910985	8964.563665208003	1
17844	40166.63867606974	8965.547793248305	1
17845	40167.29828335776	8964.549748911229	1
17846	40167.29012468422	8964.564812387229	1
17847	40241.98873290495	8932.935410950015	1
17848	40241.98448146152	8932.93643220935	1
17849	40242.91369297216	8932.37655823197	1
17850	40241.98976986663	8932.935009182214	1
17851	40242.93837785604	8932.368322100841	1
17852	40242.93840366014	8932.368322831842	1
17853	40310.16828760167	8901.141082005808	1
17854	40310.1640662672	8901.143346698154	1
17855	40311.30383793393	8900.963066975353	1
17856	40310.17873598228	8901.133580635651	1
17857	40311.49279833323	8900.891374001245	1
17858	40311.29902648582	8900.965569125376	1
17859	40347.2981493767	8883.998434496993	1
17860	40347.35586202849	8883.974477152935	1
17861	40347.95729312405	8883.061624159443	1
17862	40347.41055204417	8883.950576407704	1
17863	40348.18597059551	8882.93114375963	1
17864	40347.94350807805	8883.067687895522	1
17865	40454.39967732795	8832.051141089325	1
17866	40454.40496686829	8832.050311605606	1
17867	40455.11530911393	8831.544643202978	1
17868	40456.54974767182	8830.865171451067	1
17869	40455.55278271157	8831.380990070997	1
17870	40455.1147406316	8831.544849437951	1
17871	40409.60366262676	8810.638935844605	1
17872	40409.24213840551	8810.770408762883	1
17873	40424.61142110027	8804.385017602905	1
17874	40481.48851846141	8791.403475080511	1
17875	40428.91165509069	8803.031925587034	1
17876	40425.29175822088	8804.125317702945	1
17877	39004.50466603355	9325.779721767976	1
17878	39004.49302998168	9325.787818476796	1
17879	40692.81749965367	8641.496257754665	1
17880	40691.75060415448	8642.032514847062	1
17881	40688.73402492353	8642.255663247795	1
17882	40692.6104914585	8641.582988949031	1
17883	40699.90920564701	8637.385915882562	1
17884	40700.20169824432	8637.255182271583	1
17885	43146.21327721019	7545.258021528476	1
17886	43145.65838390053	7545.432588846839	1
17887	40637.24168060155	8459.664564859615	1
17888	40636.70634174498	8459.86207864969	1
17889	40635.78003496589	8459.489291921544	1
17890	40637.73413067142	8459.480278523459	1
17891	40639.12661262864	8458.293451603055	1
17892	40638.99918347155	8458.341994870789	1
17893	40566.69468317414	8385.853146317215	1
17894	40566.56535237649	8385.895867661393	1
17895	40564.08782662766	8386.29375487275	1
17896	40566.77469044743	8385.827110074682	1
17897	40564.20747033716	8386.269121236435	1
17898	40564.30386405828	8386.235040491212	1
17899	40556.84281752922	8368.512100001139	1
17900	40556.83907559857	8368.511268044465	1
17901	40555.97917496518	8367.758641023931	1
17902	40556.95229420089	8368.478053230168	1
17903	40556.21583620372	8367.704938066438	1
17904	40556.19591061724	8367.697039350198	1
17905	40551.5661483648	8316.212568078494	1
17906	40551.56835787563	8316.212123974954	1
17907	40550.41527083702	8315.709028496318	1
17908	40551.58228869725	8316.211750929186	1
17909	40550.65109206992	8315.683446342651	1
17910	40550.66814130888	8315.671846353216	1
17911	40557.23461744451	8259.710329579209	1
17912	40557.08975324512	8259.735889062349	1
17913	40557.55552747427	8258.691300263081	1
17914	40557.15754559927	8259.731389702041	1
17915	40557.59550874599	8258.705560481361	1
17916	40557.64617945609	8258.685566272541	1
17917	40567.98777180701	8223.133803416747	1
17918	40567.98861605756	8223.131568018091	1
17919	40567.94818815676	8222.124703451456	1
17920	40567.94130137435	8223.148325661268	1
17921	40567.98119760602	8222.112760977114	1
17922	40567.98122193961	8222.113790455975	1
17923	40572.43533031549	8214.410841590005	1
17924	40572.43854500144	8214.409740632434	1
17925	40572.10411092348	8213.551820519535	1
17926	40572.3734395529	8214.403235384296	1
17927	40572.07960920309	8213.557826730783	1
17928	40572.10748253658	8213.551585209076	1
17929	40725.16654699086	8036.709000862322	1
17930	40725.15274502855	8036.708550328816	1
17931	40725.79656731727	8035.905658478569	1
17932	40725.16967437021	8036.707229800177	1
17933	40725.87362372823	8035.911998979005	1
17934	40725.87614346371	8035.910202231903	1
17935	40817.52927650587	7964.008957776148	1
17936	40817.5379789673	7964.006830044555	1
17937	40818.15720857627	7963.197887989125	1
17938	40817.52311981615	7964.000516787144	1
17939	40818.11361946439	7963.213493523283	1
17940	40818.15109312598	7963.20231181087	1
17941	40869.14944507665	7924.958590052402	1
17942	40860.72036480426	7923.124309778781	1
17943	40874.46817062143	7912.480930625317	1
17944	40869.15294251696	7924.957074812985	1
17945	40875.87554454734	7912.038628519911	1
17946	40875.88707898598	7912.03316595159	1
17947	41007.32156653696	7851.585190602738	1
17948	41007.31098278507	7851.585600850158	1
17949	41007.65153102926	7850.592249749821	1
17950	41007.33693923126	7851.575047654613	1
17951	41007.65572145063	7850.583919440837	1
17952	41007.65184812067	7850.592478853776	1
17953	41024.12138494331	7840.996176727882	1
17954	41024.12644421612	7840.993672701248	1
17955	41025.0312899432	7840.366911763655	1
17956	41024.10246208869	7840.997790475271	1
17957	41025.02823384915	7840.363024410535	1
17958	41025.03670201974	7840.365958572785	1
17959	41178.79683567892	7766.945033478045	1
17960	41178.79557574255	7766.947335988851	1
17961	41179.78540518618	7766.353230238412	1
17962	41178.78225257719	7766.944537477621	1
17963	41179.73475122912	7766.340823826466	1
17964	41179.79268232983	7766.350666156691	1
17965	41181.73436068458	7765.266759253267	1
17966	41181.72723651177	7765.268604075221	1
17967	41182.6100532597	7764.584563887706	1
17968	41181.70913199539	7765.271166114412	1
17969	41182.60867433215	7764.578139576403	1
17970	41182.6077250145	7764.578962174982	1
17971	41273.75638385245	7723.27526240403	1
17972	41273.75582188315	7723.275520020994	1
17973	41274.83833739662	7722.594259352829	1
17974	41273.67478392931	7723.275885251205	1
17975	41274.83146998467	7722.588660698992	1
17976	41274.83651681559	7722.595012506447	1
17977	41350.31291808008	7690.769789941824	1
17978	41350.3129540449	7690.769777359944	1
17979	41351.42357946443	7690.454725454364	1
17980	41350.26954580873	7690.756537193743	1
17981	41351.39917125856	7690.456381705519	1
17982	41351.42726066092	7690.453672061398	1
17983	41388.48377936071	7676.190741123483	1
17984	41388.25921513722	7676.083956613502	1
17985	41389.17022028408	7675.64048177253	1
17986	41388.48446430062	7676.190282823862	1
17987	41389.35789837374	7675.647967125739	1
17988	41389.35822558135	7675.647662933913	1
17989	41506.69370494271	7631.188077325603	1
17990	41506.10239270719	7630.722009465348	1
17991	41507.76288146438	7630.878852983369	1
17992	41506.70270623732	7631.183672135832	1
17993	41507.78303721233	7630.877670830794	1
17994	41507.77226841642	7630.878223484997	1
17995	41848.5824288695	7523.470682391473	1
17996	41848.58670191583	7523.470269809849	1
17997	41849.55180952809	7523.037410991401	1
17998	41848.46266432334	7523.464281209313	1
17999	41849.53965072724	7523.036161008351	1
18000	41849.54119490145	7523.035851203389	1
18001	41972.89215329831	7485.51010004282	1
18002	41972.89187474822	7485.510136316027	1
18003	41974.05635013693	7485.143467995377	1
18004	41972.8040992124	7485.482845784775	1
18005	41973.89489352808	7485.135005508616	1
18006	41974.05981235486	7485.143167407217	1
18007	42026.90604434983	7469.617273555596	1
18008	42026.89011830935	7469.610670640773	1
18009	42027.88807430025	7469.40508064201	1
18010	42026.89995319472	7469.619239629476	1
18011	42028.09463512886	7469.382670326739	1
18012	42028.11582083179	7469.376565240296	1
18013	42199.86585292191	7420.9491011373	1
18014	42199.86323449021	7420.950218082391	1
18015	42203.47086582665	7420.85694624412	1
18016	42198.29645401839	7420.865559200669	1
18017	42203.02176761843	7421.156095166503	1
18018	42203.50045731605	7420.85581061725	1
18019	42212.16394778749	7418.743907984396	1
18020	42212.16069754888	7418.744645272312	1
18021	42213.38610530779	7418.297312338675	1
18022	42212.23054102878	7418.725951463686	1
18023	42213.39395375317	7418.285552118718	1
18024	42213.40880979691	7418.288305051534	1
18025	42255.58550917794	7406.636831615519	1
18026	42255.58290795237	7406.637315681994	1
18027	42256.61527957633	7406.010539286836	1
18028	42255.5861681758	7406.636892151368	1
18029	42256.60519011866	7406.01009060545	1
18030	42256.63659000467	7406.006291728667	1
18031	42463.65127059788	7351.600262997386	1
18032	42463.65905977465	7351.597838556177	1
18033	42464.92887158383	7350.947692254942	1
18034	42463.62424631586	7351.60721226736	1
18035	42464.92630229105	7350.9472696753	1
18036	42464.93035208865	7350.94736838858	1
18037	42625.59722295305	7308.128668630921	1
18038	42625.58875761402	7308.126414088118	1
18039	42627.00331697386	7307.650177744903	1
18040	42625.63005796267	7308.121087403151	1
18041	42627.02360926243	7307.660026194331	1
18042	42627.03613826842	7307.656214864606	1
18043	42656.37349067919	7299.451237541429	1
18044	42656.37271916145	7299.451387993424	1
18045	42657.98507818935	7298.943854760239	1
18046	42656.3421834592	7299.451355768202	1
18047	42657.95373568998	7298.945333331818	1
18048	42658.02074022166	7298.935418640985	1
18049	42867.46255531645	7241.262628460106	1
18050	42867.45815030206	7241.262630325713	1
18051	42869.3510112869	7240.673883928359	1
18052	42867.26965530135	7241.250497366573	1
18053	42868.95515931962	7240.700485029955	1
18054	42869.34875072946	7240.672011972745	1
18055	43248.06719130615	7139.316751193193	1
18056	43248.06110234198	7139.318567784218	1
18057	43250.26150365808	7138.577239607123	1
18058	43247.96644068405	7139.33258057242	1
18059	43250.2081880332	7138.57413394313	1
18060	43250.29019937583	7138.564531690628	1
18061	43318.15779717267	7119.518202636093	1
18062	43318.18619182846	7119.510726331629	1
18063	43319.72822212649	7118.928930894644	1
18064	43315.081225981	7119.787055365524	1
18065	43316.16111761564	7119.425117050301	1
18066	43319.79284899554	7118.911778026199	1
18067	43809.04374312278	6978.557923920265	1
18068	43808.92491907079	6978.5747215723	1
18069	43808.16253730055	6978.373743135004	1
18070	43807.7761484643	6978.665065994033	1
18071	43805.9854581157	6978.668393234425	1
18072	43808.20505922835	6978.367275433272	1
18073	44950.63087488286	6724.259214059752	1
18074	44591.69729277596	6854.122235347295	1
18075	43845.55354346521	5062.892660551714	1
18076	44596.92180537258	6854.760580085575	1
18077	43169.87213547871	6590.358454894022	1
18078	43165.99634572305	6589.469768604476	1
18079	43083.14745310863	6502.27363753194	1
18080	43169.87213605607	6590.35845486652	1
18081	43089.32754708716	6503.7582950778	1
18082	43089.32495257328	6503.757540670072	1
18083	43055.48453342129	6466.052658722389	1
18084	43053.74221322796	6465.327099541701	1
18085	43055.72535747127	6466.189869069065	1
18086	43055.48322315991	6466.050537363348	1
18087	43056.4086600368	6466.178192398767	1
18088	43056.40428815287	6466.172240813657	1
18089	43051.73664425622	6132.740765514925	1
18090	43051.73647071753	6132.740087200673	1
18091	43051.96343531879	6131.706876669961	1
18092	43051.73628423817	6132.738751788882	1
18093	43051.9688119897	6131.707826599531	1
18094	43051.96953597479	6131.706883789222	1
18095	43807.08008301066	5193.404096886599	1
18096	43807.08029154397	5193.405128612781	1
18097	43891.4440202727	5160.2567611427	1
18098	43891.44401047751	5160.255621732887	1
18099	43892.44493455644	5160.502857531809	1
18100	43891.41247727029	5160.274380082195	1
18101	43892.27763065684	5160.639517082087	1
18102	43892.44675250712	5160.500388684626	1
18103	43918.71805079276	5145.557231086167	1
18104	43918.36890323739	5145.816001567688	1
18105	43925.87702437752	5144.269832564591	1
18106	43918.71999972197	5145.555505027336	1
18107	43927.12189059996	5142.115278237759	1
18108	43927.1296884417	5142.109641350649	1
18109	43947.44134425046	5132.546046744882	1
18110	43947.44774331374	5132.544989127273	1
18111	43938.60844898026	5135.321183595021	1
18112	43938.55295836116	5135.339870918493	1
18113	43952.50588393072	5130.45612651421	1
18114	43938.77445016999	5135.266701854529	1
18115	43943.25553282298	5133.750073067625	1
18116	43949.3740129277	5131.754566031372	1
18117	43976.57089706394	5123.60040003208	1
18118	43943.25825404777	5133.744528630512	1
18119	43953.02904707758	5130.710296619583	1
18120	43953.02904707775	5130.710296618593	1
18121	43951.06929436664	5127.481514921008	1
18122	43951.05531398783	5127.484628099663	1
18123	43952.94547339983	5127.071042384895	1
18124	43976.63114178501	5123.583496923144	1
18125	43959.51429473102	5128.743816318806	1
18126	43959.62132186373	5128.713599419946	1
18127	43953.85151313012	5126.968379425152	1
18128	43952.92634285917	5127.08208029604	1
18129	44076.25414791907	5094.899088159748	1
18130	43807.1340600914	5193.049570371278	1
18131	43840.7036065454	5062.2140896216	1
18132	44076.24991631752	5094.899788913344	1
18133	44224.33632595715	5068.655258077075	1
18134	43840.71688431845	5062.211822848059	1
18135	44229.41657600983	5067.681916494625	1
18136	44224.33152972726	5068.655361478119	1
18137	44168.22249259945	5083.023968612682	1
18138	44168.24468983657	5083.018900020325	1
18139	44169.42357019655	5083.331636899101	1
18140	44168.15497276268	5083.041297354638	1
18141	44169.14755999268	5083.437750160136	1
18142	44169.41334067297	5083.335420176882	1
18143	44335.22277110023	5052.395222638271	1
18144	44335.22128136503	5052.396781197023	1
18145	44755.39654334815	5038.762601987847	1
18146	44755.38540567062	5038.762263296898	1
18147	44763.07978828502	5041.923608430629	1
18148	44763.08744389185	5041.911316669744	1
18149	44766.17182969052	4995.640580935764	1
18150	44766.17730677797	4995.651237210508	1
18151	44830.9301831437	5060.123233130411	1
18152	44830.91464223823	5060.122689955908	1
18153	45663.07176632545	5195.077431354805	1
18154	45663.13122450089	5195.099631643721	1
18155	45664.1770365077	5195.255368889731	1
18156	45663.06059598079	5195.078123778285	1
18157	45664.16431702982	5195.263702157485	1
18158	45664.16651323409	5195.259921545115	1
18159	45799.23748723231	5246.642638775333	1
18160	45799.23942659009	5246.645267896892	1
18161	45800.3183369608	5247.05412361717	1
18162	45799.2457398611	5246.64176345198	1
18163	45800.35519258172	5247.053227692133	1
18164	45800.3185312979	5247.054148339211	1
18165	45913.1123088621	5309.065333484291	1
18166	45913.11330496648	5309.068245964458	1
18167	45913.99680069293	5309.760423495472	1
18168	45913.11697670072	5309.064623850076	1
18169	45914.00477250747	5309.747924354409	1
18170	45913.99604850798	5309.7569724887	1
18171	46160.57624006888	5507.238632457058	1
18172	46160.58064378455	5507.234638663551	1
18173	46161.29137856187	5508.096022775982	1
18174	46160.59660821396	5507.214109926541	1
18175	46161.31547994958	5508.045665274158	1
18176	46161.29137856094	5508.096022776366	1
18177	46225.02123211435	5618.629916786374	1
18178	46225.02633652504	5618.61729031982	1
18179	46225.35835229763	5619.67288019507	1
18180	46225.0571887414	5618.591485008388	1
18181	46225.37949823646	5619.652527905025	1
18182	46225.35878787353	5619.674457100965	1
18183	46261.9225013525	5749.328964692948	1
18184	46261.87593201804	5749.388242774297	1
18185	46261.83121091739	5750.596981925646	1
18186	46261.95039458043	5749.312798436249	1
18187	46261.85120574001	5750.581090058038	1
18188	46261.85039446398	5750.583044644466	1
18189	46251.91493936343	5993.661465049618	1
18190	46251.91126421047	5993.66659864822	1
18191	46251.13622264762	5994.905459130009	1
18192	46251.9686364833	5993.633524185457	1
18193	46251.14877457049	5994.904043023056	1
18194	46251.13810591516	5994.903496621172	1
18195	45626.14094463957	6449.684153878266	1
18196	45625.55255426705	6449.952992762151	1
18197	46105.17646995385	6223.507221603521	1
18198	46120.8132923384	6215.846775995204	1
18199	46111.76281079318	6220.136913639173	1
18200	46105.76318017376	6223.233282385469	1
18201	45475.38513202674	6660.110064268829	1
18202	45475.77848380839	6660.01473422571	1
18203	45458.11947076058	6665.922242726456	1
18204	45475.57127375342	6660.051010337001	1
18205	45459.52562855446	6665.526956351181	1
18206	45456.80931805883	6666.50367517162	1
18207	44806.21219348226	6804.654434220953	1
18208	44809.97937120718	6803.004960936652	1
18209	44230.4790265293	7097.175513628248	1
18210	44227.58289301756	7098.656008152302	1
18211	46235.98394118855	6610.636118848582	1
18212	46236.06131226372	6610.626440890434	1
18213	46237.61089886591	6610.440539814415	1
18214	46239.52354488766	6609.857333035265	1
18215	46240.30655322236	6609.690861377901	1
18216	46237.57022770803	6610.446164735316	1
18217	46347.93599859142	6596.602460181574	1
18218	46348.06712595059	6596.580046345516	1
18219	46351.38815198198	6596.067170335253	1
18220	46350.07334193448	6596.148870656911	1
18221	46351.49822359695	6596.04073131626	1
18222	46351.46908249788	6596.050271688912	1
18223	46356.63496478705	6595.255171627687	1
18224	46356.69224466674	6595.251232026445	1
18225	46359.71544976759	6594.762719656578	1
18226	46357.65961336362	6595.031888199004	1
18227	46361.13073710527	6594.465745231353	1
18228	46359.70663126989	6594.76409653855	1
18229	46499.62886660843	6574.293536635807	1
18230	46502.63305613381	6573.921833933411	1
18231	46647.00086282822	6551.2230534638	1
18232	46499.65539864812	6574.286850187652	1
18233	46646.17537448189	6551.588974579301	1
18234	46646.15433232335	6551.590922468868	1
18235	46653.54721257434	6551.340985966614	1
18236	46653.71835930116	6551.330336554831	1
18237	46656.17145340325	6550.929866728236	1
18238	46653.55078691425	6551.34025982612	1
18239	46656.02071417641	6550.948975129695	1
18240	46656.0248842602	6550.948284250726	1
18241	46998.5177076261	6490.364468486308	1
18242	46998.56353095506	6490.360166707808	1
18243	46999.62407809467	6490.20743411075	1
18244	47003.49656368588	6489.478384626914	1
18245	46999.80109136447	6490.189509280461	1
18246	46999.63926323864	6490.204116244355	1
18247	47023.1496645165	6485.724586420296	1
18248	47021.92359971703	6485.865907832753	1
18249	47023.40195142024	6485.590950187972	1
18250	47023.16913180519	6485.717064920695	1
18251	47026.08810200513	6485.239856869362	1
18252	47023.392009256	6485.592052291086	1
18253	47088.03906553605	6472.935414655036	1
18254	47087.99603847496	6472.944554860943	1
18255	47089.33938623726	6472.724502611855	1
18256	47089.1338523681	6472.762761595411	1
18257	47089.43148588622	6472.719037431043	1
18258	47089.3372793179	6472.725160707801	1
18259	47172.97849080991	6456.866433673415	1
18260	47172.99121973279	6456.864107411044	1
18261	47174.57103002723	6456.490537870686	1
18262	47174.69229277427	6456.675934615419	1
18263	47176.5211911677	6456.573126187048	1
18264	47174.52659212751	6456.497202261475	1
18265	47213.12164276477	6449.025632934485	1
18266	47213.13497891498	6449.021949853369	1
18267	47213.39275045251	6448.661755244279	1
18268	47215.00825277087	6448.974253583514	1
18269	47216.36749156332	6448.215511727437	1
18270	47213.38463516516	6448.661341212244	1
18271	47226.45824098017	6445.687792769666	1
18272	47226.44333189493	6445.689311926312	1
18273	47227.64035168872	6445.442823015861	1
18274	47227.63040085108	6445.442268304309	1
18275	47250.82368162507	6440.799716645741	1
18276	47251.18007385783	6440.858203022286	1
18277	47253.08983567351	6440.396451535154	1
18278	47250.82604596752	6440.79999286511	1
18279	47252.52524533216	6440.428676427193	1
18280	47252.52539287077	6440.42881438796	1
18281	47290.23587729299	6432.556112219994	1
18282	47295.52380525973	6431.892589040412	1
18283	47291.86474931531	6432.302985745511	1
18284	47290.27659331087	6432.546297510266	1
18285	47291.67449603212	6432.299235901712	1
18286	47291.66141817829	6432.301394464817	1
18287	47622.77276973036	6362.831255120796	1
18288	47622.77934006421	6362.829496315408	1
18289	47623.19780022855	6361.817993255365	1
18290	47626.10580364591	6362.560057787336	1
18291	47623.14739847294	6361.835961334576	1
18292	47623.20699689351	6361.815498205275	1
18293	47674.59838876477	6348.191683147033	1
18294	47683.6065810165	6348.144318980365	1
18295	47679.29795156704	6347.102076145616	1
18296	47674.58365488861	6348.196555727805	1
18297	47679.23168510752	6347.1117599148	1
18298	47679.24459901324	6347.107927675504	1
18299	48247.57436898421	6212.521912304155	1
18300	48247.57006006694	6212.521738647632	1
18301	48248.93954637309	6212.116340142711	1
18302	48247.62547672447	6212.576052447926	1
18303	48249.17004140862	6212.080315315839	1
18304	48248.93223035912	6212.118672147066	1
18305	48271.44822503469	6206.16777154466	1
18306	48271.45615291572	6206.165879068341	1
18307	48272.33604720072	6205.543341946865	1
18308	48271.00208722235	6206.304012226594	1
18309	48272.05731826468	6205.515626096866	1
18310	48272.06804974633	6205.514829887084	1
18311	48635.59716639831	6117.868957171696	1
18312	48635.5953951159	6117.869578975862	1
18313	48636.7668755604	6117.46948958039	1
18314	48635.71912434965	6117.846638523705	1
18315	48636.77290434041	6117.466668635243	1
18316	48636.76668027818	6117.469080862534	1
18317	48733.72897913191	6094.576232921769	1
18318	48737.0910438539	6094.847694385743	1
18319	48739.32360704686	6094.282385842634	1
18320	48733.72669629555	6094.576928336151	1
18321	48735.04482435662	6094.201360222925	1
18322	48735.06005430809	6094.199147358222	1
18323	49416.61728635541	5909.7013957855	1
18324	49416.60984235938	5909.703797961668	1
18325	49417.82032099442	5909.419239229661	1
18326	49416.67644823913	5909.72563923371	1
18327	49417.88439861708	5909.436260300283	1
18328	49417.8355047449	5909.414428010601	1
18329	49437.2400681515	5902.350506388056	1
18330	49437.24725034216	5902.351733727533	1
18331	49438.18797227991	5901.708344383705	1
18332	49437.35689742526	5902.352261008517	1
18333	49438.24978624698	5901.756749503225	1
18334	49438.20201055764	5901.705889812052	1
18335	49444.31878154195	5899.394853261823	1
18336	49444.32466634136	5899.391958547767	1
18337	49445.74087065592	5898.806748097066	1
18338	49444.41760554985	5899.402628159271	1
18339	49445.93182471971	5898.775662215176	1
18340	49445.71829159162	5898.809357808669	1
18341	49476.47398338217	5888.427537538078	1
18342	49476.47681073193	5888.428661358175	1
18343	49477.83717406006	5888.088271080331	1
18344	49476.4717821774	5888.428007307521	1
18345	49477.85589174845	5888.08149720641	1
18346	49477.84436676273	5888.085390296164	1
18347	49826.73027455568	5771.177520416968	1
18348	49826.73567245464	5771.177299130089	1
18349	49827.39069809607	5770.348297424542	1
18350	49826.74557847728	5771.188412303721	1
18351	49827.12054395833	5770.40588738541	1
18352	49827.39519295382	5770.344609470993	1
18353	50020.33279605821	5683.989678841798	1
18354	50020.33250728715	5683.989616412558	1
18355	50021.47545339493	5683.549933048983	1
18356	50020.30279106542	5684.006569073197	1
18357	50021.42757265636	5683.603972671397	1
18358	50021.49355549802	5683.548107594256	1
18359	50126.2475129313	5591.517502893037	1
18360	50126.23994760425	5591.521686060923	1
18361	50159.48193143436	5616.86252735643	1
18362	50159.43509584613	5616.853151311854	1
18363	50148.06567471352	5616.791436412381	1
18364	50148.06490204216	5616.792257503816	1
18365	50128.32239001384	5587.371992058388	1
18366	50173.69145630044	5616.968142784061	1
18367	58216.50552865583	4656.7336915065	1
18368	50128.28184057935	5587.435382838308	1
18369	50138.48014370399	5570.687961828731	1
18370	50139.09306111914	5569.8613111834	1
18371	50139.56552812125	5568.564147044254	1
18372	50138.48075652024	5570.687437113649	1
18373	50138.47834287945	5570.0966037541	1
18374	50138.49344887061	5570.066968655308	1
18375	50413.70243480592	5335.021697579969	1
18376	50413.75473887991	5335.01511522191	1
18377	50414.04592322902	5333.883591011985	1
18378	50413.71357652306	5335.023473767736	1
18379	50414.06993362843	5333.934420147801	1
18380	50414.07223649294	5333.932981353637	1
18381	50667.04281238758	5185.59525174453	1
18382	50667.0548759604	5185.586436367811	1
18383	50667.35020512191	5185.388404408292	1
18384	50667.35024482547	5185.388514009137	1
18385	50803.39031561639	5104.658542274496	1
18386	50803.39772412193	5104.655859945266	1
18387	50803.89218501572	5104.321817306577	1
18388	50803.89263593958	5104.321073869576	1
18389	50815.77354937955	5097.467960747503	1
18390	50815.77539490542	5097.466488455165	1
18391	50816.81328155979	5096.688517486844	1
18392	50815.67939513887	5097.550564838481	1
18393	50816.79507042939	5096.694276745151	1
18394	50816.81770626135	5096.684199430161	1
18395	50818.31728072825	5095.755751386415	1
18396	50818.31592403038	5095.755764794801	1
18397	50819.39974081697	5094.988465659476	1
18398	50819.4192066525	5094.96632974185	1
18399	50820.13199372758	5094.318403262139	1
18400	50819.40277871297	5094.984748016203	1
18401	50820.38242492912	5094.428573425554	1
18402	50820.38316280401	5094.427837801497	1
18403	50867.65922475414	5068.39619513008	1
18404	50867.69928709761	5068.379566178608	1
18405	50868.44783100026	5067.66973318946	1
18406	50867.66041770263	5068.395763682223	1
18407	50868.49697681563	5067.650912364435	1
18408	50868.50271983171	5067.649044348112	1
18409	50983.93619423721	5005.349498175678	1
18410	50983.92811450019	5005.350817728428	1
18411	50984.77030848688	5004.670711488297	1
18412	50983.9050625448	5005.363955094631	1
18413	50984.76942338282	5004.671757925043	1
18414	50984.77055070363	5004.670345800593	1
18415	51076.57809287071	4954.089464935076	1
18416	51076.57809287164	4954.089464934903	1
18417	51077.59839980915	4953.450504305586	1
18418	51077.59943015018	4953.45249413284	1
18419	51078.54500080179	4952.832950966454	1
18420	51076.58205158776	4954.087614039765	1
18421	51077.58881878399	4953.463338027635	1
18422	51077.59142583801	4953.45042188749	1
18423	51078.54838980152	4952.828597032805	1
18424	51078.5580832116	4952.825211146161	1
18425	51079.52417073009	4952.15674107809	1
18426	51078.54855115683	4952.828993561805	1
18427	51079.38271022739	4952.040914218341	1
18428	51079.38168761332	4952.041820771186	1
18429	51082.63708516338	4950.490752563854	1
18430	51082.65593654086	4950.484669866642	1
18431	51083.64459594229	4949.850355978089	1
18432	51082.6378140116	4950.490324058638	1
18433	51083.63850367226	4949.850958128134	1
18434	51083.64605476044	4949.848937915674	1
18435	51121.1001907406	4929.243379402056	1
18436	51121.10645697522	4929.242271004494	1
18437	51122.08497609827	4928.59664977526	1
18438	51121.1016747409	4929.240304919181	1
18439	51122.07023650239	4928.603170926051	1
18440	51122.06713665964	4928.604384414464	1
18441	51124.16064978164	4927.45222806943	1
18442	51124.15941673663	4927.449863243879	1
18443	51125.07138706988	4926.826016561311	1
18444	51124.16755869635	4927.450626535491	1
18445	51125.14703420439	4926.849910199661	1
18446	51125.15418372495	4926.847024157634	1
18447	51138.55361319805	4919.372223598449	1
18448	51138.67600345315	4919.264068483222	1
18449	51139.48171070049	4918.830671157359	1
18450	51138.55402683996	4919.371759770868	1
18451	51139.50071670627	4918.822912494414	1
18452	51139.49528592551	4918.82597310735	1
18453	51269.02132149093	4844.774505167526	1
18454	51269.02214502136	4844.774622383753	1
18455	51269.55400027562	4843.833344235022	1
18456	51269.01644679351	4844.754325847074	1
18457	51269.33814660663	4843.844901391501	1
18458	51269.55660813634	4843.831738911801	1
18459	51417.79090171051	4767.910254247672	1
18460	51417.81054960616	4767.89713373913	1
18461	51418.76343275781	4767.191971416752	1
18462	51417.80662844068	4767.90284238083	1
18463	51418.66857734014	4767.191148795408	1
18464	51418.76408037968	4767.191420911421	1
18465	51555.03999155818	4698.730038552701	1
18466	51555.03752502793	4698.728138969032	1
18467	51555.92108285223	4698.085655242843	1
18468	51555.04801102984	4698.727211408219	1
18469	51555.96553533687	4698.077067631631	1
18470	51555.97321808006	4698.074047072818	1
18471	51600.17530775972	4675.431099987936	1
18472	51600.2668571095	4675.351513541314	1
18473	51600.89279808546	4674.886851318567	1
18474	51600.18354617909	4675.427357617418	1
18475	51601.01272906846	4674.852037238205	1
18476	51601.00952763925	4674.851109833605	1
18477	51961.23944771453	4496.119032309492	1
18478	51961.25579089666	4496.111539033892	1
18479	51962.57200883655	4495.441774225749	1
18480	51961.18370601221	4496.136522056406	1
18481	51962.20956119458	4495.532390893504	1
18482	51962.57099423732	4495.442782827163	1
18483	52129.01782868558	4412.29538571703	1
18484	52129.01905297075	4412.295104498275	1
18485	52130.12834873016	4411.722567403066	1
18486	52130.13357830269	4411.720194313889	1
18487	52750.05179036403	4100.873495775468	1
18488	52750.05332819576	4100.872420855875	1
18489	52751.05345984205	4099.895213154801	1
18490	52748.94087139651	4100.661150078008	1
18491	52749.69067189679	4100.079478973949	1
18492	52750.01383618917	4100.897553960963	1
18493	52750.90674916242	4099.945089806276	1
18494	52751.04175301909	4099.900192501021	1
18495	52751.22752492735	4099.489962282161	1
18496	52751.23184996418	4099.487004664992	1
18497	52777.48379959789	4086.591040122491	1
18498	52777.50204900507	4086.584166421328	1
18499	52778.84776056814	4085.662793855916	1
18500	52772.70573641255	4087.572789974377	1
18501	52774.76774194569	4087.003331866902	1
18502	52778.83351101045	4085.667575309128	1
18503	52778.38905730343	4085.257450536991	1
18504	52778.39906729769	4085.243352515362	1
18505	52782.2265716829	4083.980119633091	1
18506	52775.30964076781	4085.953377422816	1
18507	52781.36803390959	4084.16238164122	1
18508	52782.27982664568	4083.960870904997	1
18509	52793.59746667417	4078.755982459559	1
18510	52793.64486978791	4078.733686489748	1
18511	52796.27113807522	4077.749375793292	1
18512	52787.61301698588	4079.661247205237	1
18513	52791.92258517607	4078.468705380504	1
18514	52796.22724334913	4077.763568115302	1
18515	53705.24855744367	3778.376808632065	1
18516	53705.32166421245	3778.358680707285	1
18517	53227.88787537231	3824.294617542465	1
18518	53228.39539897133	3824.232148059772	1
18519	53221.55908459349	3824.398457633902	1
18520	53226.26444188255	3824.452815362337	1
18521	53221.52235498518	3824.405719292899	1
18522	53221.7887705079	3824.379256433574	1
18523	53089.01182454388	3828.552307035086	1
18524	53089.09056020586	3828.550988338583	1
18525	53082.72243014746	3828.795549486979	1
18526	53088.79153850581	3828.572752486565	1
18527	53081.85634119442	3828.884387052318	1
18528	53081.95087734511	3828.877903963066	1
18529	53010.78722022037	3824.93880706662	1
18530	53010.76060644409	3824.932966704907	1
18531	53006.49119228101	3824.60291439819	1
18532	53008.93690294359	3825.052719056106	1
18533	53005.6523961809	3824.664688359416	1
18534	53006.46436351491	3824.602872856711	1
18535	52667.36933001515	3593.793650555267	1
18536	52667.34584236238	3593.785479948641	1
18537	52666.32006830396	3592.859799855923	1
18538	52667.31568629242	3593.776464303162	1
18539	52666.28131305112	3592.84823749446	1
18540	52666.32114346389	3592.857326920957	1
18541	52655.08553375705	3578.235409793238	1
18542	52655.46852148959	3578.406913374736	1
18543	52654.71990102768	3577.211379351806	1
18544	52655.07904732495	3578.23503961423	1
18545	52654.56845419016	3577.146751038602	1
18546	52654.73060156871	3577.212595665798	1
18547	52648.43942533928	3565.527506457247	1
18548	52648.4704312114	3565.549451673248	1
18549	52648.4415443007	3564.532985585333	1
18550	52648.42005664163	3565.51324871264	1
18551	52648.37002015411	3564.523056717686	1
18552	52648.44154430018	3564.53298558447	1
18553	52644.61614786636	3550.450408616119	1
18554	52644.60092235793	3550.438614203061	1
18555	52644.31633178541	3549.287003867203	1
18556	52644.47128370416	3550.356950190216	1
18557	52644.30476480938	3549.276322306854	1
18558	52644.32079056173	3549.28441556707	1
18559	52644.02786172606	3539.828931666567	1
18560	52644.02803430054	3539.832955122071	1
18561	52644.24576317932	3538.757984561908	1
18562	52643.67432977987	3539.607419237061	1
18563	52644.16259014059	3538.704266845132	1
18564	52644.24839410977	3538.759603380423	1
18565	52721.33649044606	3368.890801341463	1
18566	52721.34217585024	3368.892445586865	1
18567	52721.93643157842	3368.067867189751	1
18568	52721.3189633342	3368.835919815212	1
18569	52721.91760047519	3368.062880184351	1
18570	52721.93747660797	3368.06704604418	1
18571	52861.77026933891	3195.990535002701	1
18572	52861.77746922278	3195.983847785583	1
18573	52884.78465854347	3181.579561118278	1
18574	52860.70566090778	3191.901556057246	1
18575	52884.69169774698	3181.296405079421	1
18576	52884.78333168733	3181.576810688949	1
18577	52912.81686685054	3161.716664035237	1
18578	52912.46319404873	3160.745421972347	1
18579	52911.93269649352	3161.139357167745	1
18580	52912.81459106394	3161.713641067913	1
18581	52912.97163016693	3161.030378632081	1
18582	52912.97540378501	3161.026625426951	1
18583	53009.33120351878	3094.907645246186	1
18584	53009.33045605477	3094.908206866465	1
18585	53010.41638187144	3094.923772852062	1
18586	53009.37218258862	3094.781302566535	1
18587	53010.43054647313	3094.932125865861	1
18588	53010.41908123391	3094.922813234447	1
18589	53026.4773589297	3087.410340074081	1
18590	53026.47735892877	3087.410340073871	1
18591	53027.31212464359	3086.743715761128	1
18592	53026.49485859048	3087.417763125376	1
18593	53027.31130655663	3086.749341598639	1
18594	53027.31212464446	3086.743715760685	1
18595	53070.9232314463	3064.502082597681	1
18596	53070.91529913107	3064.503386416623	1
18597	53071.19707025163	3064.404914854797	1
18598	53071.20456039486	3064.401526402293	1
18599	53089.9257446386	3054.917200551678	1
18600	53089.92597645317	3054.916533744374	1
18601	53090.2583928997	3054.734509601418	1
18602	53090.26077351888	3054.733591847997	1
18603	53232.98790529178	2988.057277537799	1
18604	53232.99083785329	2988.057810317624	1
18605	53233.91710666748	2988.757256283369	1
18606	53232.95854902302	2987.953446089233	1
18607	53233.84366975835	2988.776874766402	1
18608	53233.91481559875	2988.757155158602	1
18609	53264.17242324312	2981.452924526105	1
18610	53264.14292032889	2981.465880480442	1
18611	53265.21637596982	2981.613152596769	1
18612	53264.17364371481	2981.452867124329	1
18613	53265.23118487769	2981.614152464881	1
18614	53265.23111596907	2981.615108301289	1
18615	53366.28381604853	2949.197449099473	1
18616	53366.26790932234	2949.173103463425	1
18617	53365.657143288	2946.926538467412	1
18618	53357.45155330957	2943.2448951185	1
18619	53376.19613297092	2949.427420904598	1
18620	53366.28381983296	2949.19737892005	1
18621	53366.70443424932	2947.333388061968	1
18622	53366.72500672151	2947.333907028115	1
18623	53372.58867804566	2949.399277188527	1
18624	53372.56063042168	2949.391301581698	1
18625	53373.98498276214	2949.675931512465	1
18626	53374.19342549157	2949.867878503147	1
18627	53375.35051136569	2949.924195228437	1
18628	53373.97375899152	2949.673453399141	1
18629	53375.29296431737	2949.874783657564	1
18630	53375.28650458413	2949.873822156367	1
18631	53507.19546475634	2946.150882195115	1
18632	53507.19337769999	2946.151394096976	1
18633	53508.26017665456	2946.281025080458	1
18634	53507.19730350509	2946.155162205607	1
18635	53508.26063822251	2946.282169698378	1
18636	53508.26249365736	2946.279741714343	1
18637	53638.67775463988	2942.456178929314	1
18638	53638.68709235702	2942.450727153302	1
18639	53639.75819617254	2942.565817681187	1
18640	53638.68337668985	2942.459640439881	1
18641	53639.76195515745	2942.566109221857	1
18642	53639.75764206407	2942.565101762496	1
18643	53711.84684443881	2948.096503491484	1
18644	53711.84859806352	2948.096689590888	1
18645	53712.91056674701	2948.374391227756	1
18646	53711.878392449	2948.080922435264	1
18647	53712.90155767795	2948.380551802442	1
18648	53712.91046533181	2948.374290259276	1
18649	53714.17897456058	2948.46000799583	1
18650	53714.17998921801	2948.454493219377	1
18651	53714.21643143962	2948.464294539393	1
18652	53714.17059510236	2948.46779725293	1
18653	54017.74721253529	3008.189721606192	1
18654	54017.74770021555	3008.191080234018	1
18655	54018.64583850035	3008.79787221889	1
18656	54017.74835871544	3008.191005271437	1
18657	54018.64242467639	3008.795103662603	1
18658	54018.64334083191	3008.794812224662	1
18659	54095.97219864634	3037.176634662886	1
18660	54095.97188623593	3037.178648545221	1
18661	54096.96422891546	3037.722022264078	1
18662	54095.97206998267	3037.17649803623	1
18663	54096.95592610404	3037.721281233117	1
18664	54096.96509841201	3037.723099508798	1
18665	54178.87897633022	3077.344648102846	1
18666	54178.87786026084	3077.344547595269	1
18667	54179.77355031599	3078.009917121182	1
18668	54178.88820975245	3077.332008289047	1
18669	54179.6839477474	3077.647253256033	1
18670	54179.684394476	3077.647845087292	1
18671	54193.51881074725	3087.035763699013	1
18672	54193.51996840269	3087.037120920595	1
18673	54194.46260953759	3087.519523797944	1
18674	54193.52561951405	3087.019973473652	1
18675	54194.46059672011	3087.514996295268	1
18676	54194.45844158292	3087.515795769642	1
18677	54238.74249638239	3122.150787699714	1
18678	54238.74426480202	3122.148841868109	1
18679	54239.69622775482	3122.709706310519	1
18680	54238.74282104219	3122.147901188219	1
18681	54239.69802603341	3122.711486306052	1
18682	54239.69846472563	3122.712045169138	1
18683	54287.50577421353	3169.700964406742	1
18684	54287.50264104386	3169.695516292557	1
18685	54287.62889914226	3169.764358964783	1
18686	54287.62542410399	3169.76382550455	1
18687	54288.47328352759	3170.924257739554	1
18688	54287.72352802148	3169.806956822349	1
18689	54288.48182212887	3170.930021894314	1
18690	54288.48189127899	3170.934383191958	1
18691	54289.80643890833	3172.732840242262	1
18692	54289.80680134986	3172.732716000825	1
18693	54290.50731407991	3173.643170153156	1
18694	54289.84180889296	3172.724615911235	1
18695	54290.50884308538	3173.624275498457	1
18696	54290.50710443832	3173.62394150084	1
18697	54293.8651481928	3178.180743874022	1
18698	54293.8651022311	3178.178370615959	1
18699	54294.46950121253	3179.066342235888	1
18700	54293.86805562623	3178.173702386843	1
18701	54294.47590806958	3179.052773731348	1
18702	54294.47111021337	3179.068200483359	1
18703	54306.65319943754	3205.945247916878	1
18704	54306.65528958628	3205.942389603548	1
18705	54307.08470523357	3206.982101776367	1
18706	54306.6858377303	3205.917628715391	1
18707	54307.09770074498	3206.985875495909	1
18708	54307.08129845961	3206.983637174482	1
18709	54308.01658383943	3209.17323986755	1
18710	54308.01864934491	3209.178520074102	1
18711	54309.1806258416	3212.244766342112	1
18712	54308.19203355134	3209.364066269934	1
18713	54309.17885965068	3212.202550141488	1
18714	54309.17872066266	3212.201920873948	1
18715	54323.49869998224	3256.482189090209	1
18716	54323.32766992971	3256.404995761882	1
18717	54323.09095512889	3256.705129174485	1
18718	54323.43958435819	3256.478141310328	1
18719	54323.51697960228	3256.482243574002	1
18720	54323.51345115341	3256.486963856925	1
18721	54322.72906014172	3257.684817232657	1
18722	54322.73171411071	3257.681835382788	1
18723	54320.37790074461	3267.553810861768	1
18724	54324.05316549249	3255.916504729416	1
18725	54345.08407828334	3245.080976710797	1
18726	54320.37392238301	3267.554515947027	1
18727	54329.66853244638	3322.438448248179	1
18728	54331.09505041491	3321.010428410176	1
18729	53938.42245485767	3749.675255437749	1
18730	54329.67186786066	3322.443052109854	1
18731	54312.12199629284	3432.034561229124	1
18732	54312.12507319346	3432.033415199157	1
18733	54311.53101063066	3432.927058401622	1
18734	54312.2445774395	3431.995249375691	1
18735	54311.56975461834	3432.90971689418	1
18736	54311.56321969349	3432.913642845865	1
18737	54109.34094604448	3687.534098099552	1
18738	54109.33391444979	3687.538544999777	1
18739	54103.9555231905	3688.985384152976	1
18740	54112.58807686833	3686.906528267101	1
18741	54105.20931775885	3688.82435549605	1
18742	54104.0771710414	3688.950755778001	1
18743	53953.95839579275	3739.276995197373	1
18744	53953.8096593357	3739.30013521973	1
18745	53950.16729219927	3740.413409439493	1
18746	53956.85309736145	3738.996540530635	1
18747	53952.05224401603	3740.16096661253	1
18748	53950.10032173857	3740.434060051346	1
18749	53729.71258982481	3775.506818161885	1
18750	53728.80474757397	3775.637924818041	1
18751	53840.80920573341	3763.869962516572	1
18752	53839.65825086978	3764.011330031831	1
18753	53843.91233183839	3764.213860541909	1
18754	53842.30723588675	3763.667511697554	1
18755	53849.12495029019	3763.566836707496	1
18756	53844.47400734766	3764.209250790939	1
18757	54087.60620417149	3764.009749457527	1
18758	54087.63922336727	3764.008246841457	1
18759	54096.17890895496	3764.094992348242	1
18760	54096.19524011039	3764.096594274041	1
18761	54105.90448912221	3764.124591233807	1
18762	54106.08532411658	3764.10801528396	1
18763	54109.27295410621	3764.22227475758	1
18764	54105.86906800349	3764.128383213745	1
18765	54109.02590280253	3764.260704278695	1
18766	54108.9314496594	3764.256979214584	1
18767	54306.55320108839	3783.33784135339	1
18768	54306.17730134662	3783.374646574925	1
18769	54307.50909086503	3783.805296195466	1
18770	54306.56004165974	3783.335325193956	1
18771	54307.67040909361	3783.781396855165	1
18772	54307.66337314557	3783.780711639026	1
18773	54453.99822509359	3806.224700709518	1
18774	54454.34551112354	3806.233599316222	1
18775	54455.39004168438	3806.684694502163	1
18776	54454.02337144566	3806.223749734721	1
18777	54455.2393678613	3806.682791697829	1
18778	54455.32471822941	3806.683840349262	1
18779	54680.59188474301	3839.615102010663	1
18780	54680.6000906984	3839.616367581963	1
18781	54680.8012328035	3839.648150297238	1
18782	54680.81813126837	3839.650856133892	1
18783	54989.84384374245	3884.931563649789	1
18784	54989.8559771938	3884.932376056518	1
18785	54991.17753490654	3885.090697783627	1
18786	54989.89327590622	3884.929410557222	1
18787	54991.22398521571	3885.089190351831	1
18788	54991.1739497431	3885.092331736568	1
18789	55429.67163657059	3936.331788177006	1
18790	55429.68008230079	3936.330409625572	1
18791	55430.62186388066	3936.843111801909	1
18792	55429.68236190354	3936.327245115855	1
18793	55430.73738434399	3936.842526770442	1
18794	55430.61507038149	3936.842736997541	1
18795	55566.77649574814	3956.037486319563	1
18796	55566.78425013029	3956.03806972431	1
18797	55568.24263387657	3955.642534731068	1
18798	55568.91636562505	3955.88071473615	1
18799	55568.29884595418	3955.597145585791	1
18800	55568.23730420007	3955.641950331514	1
18801	55628.76368934434	3967.424042562612	1
18802	55628.76189587096	3967.423715435021	1
18803	55630.07546545973	3967.759132838583	1
18804	55628.91549933125	3967.381057761313	1
18805	55630.05443083803	3967.752311584195	1
18806	55630.07694901992	3967.759511293509	1
18807	55743.31544129178	3986.352547509919	1
18808	55743.32307395129	3986.353409423438	1
18809	55744.43633149687	3986.743183331012	1
18810	55743.31710884918	3986.345981464865	1
18811	55744.43750856468	3986.742883538187	1
18812	55744.43442829594	3986.743107637297	1
18813	55804.81518038403	3997.068842171895	1
18814	55805.23813657241	3996.987347656658	1
18815	55806.05550529959	3997.221999543005	1
18816	55804.82479604136	3997.07062894804	1
18817	55806.04237035144	3997.225705409663	1
18818	55806.03819631832	3997.226259045603	1
18819	55858.04209042154	4005.270642403368	1
18820	55858.0655463686	4005.266569645149	1
18821	55859.2321208464	4005.453792049114	1
18822	55858.03614599234	4005.270916518709	1
18823	55859.21246665361	4005.453847669836	1
18824	55859.22157380305	4005.455122548785	1
18825	56406.40919178416	4107.400422131972	1
18826	56406.42054039473	4107.403685944305	1
18827	56407.52898553881	4107.70224021025	1
18828	56406.4084385903	4107.400339981469	1
18829	56407.55050126044	4107.702841822456	1
18830	56407.54977650562	4107.702690440406	1
18831	56653.92649829993	4155.229162203727	1
18832	56653.93158541614	4155.229574716328	1
18833	56655.10415035277	4155.462908534049	1
18834	56653.93029827595	4155.228828824944	1
18835	56655.10250267392	4155.447002996642	1
18836	56655.10071522457	4155.461803254447	1
18837	56972.24980950094	4222.285264323298	1
18838	56972.24883412791	4222.285038195255	1
18839	56973.42560819612	4222.481514288549	1
18840	56972.25740088313	4222.281912831884	1
18841	56973.2630372179	4222.367966995018	1
18842	56973.41334984859	4222.482760536813	1
18843	57304.09075198101	4302.719830734803	1
18844	57304.090751982	4302.719830735093	1
18845	57305.29392862832	4302.862638415215	1
18846	57304.10700401937	4302.713277782268	1
18847	57305.24958604854	4302.813658406766	1
18848	57305.30504473136	4302.86636542473	1
18849	57420.30422164296	4335.312661046507	1
18850	57420.1478238774	4335.071430078075	1
18851	57421.56814399728	4335.618830858861	1
18852	57420.30199870438	4335.312343904804	1
18853	57421.58623036125	4335.627840580449	1
18854	57421.59975851065	4335.632541071875	1
18855	57889.68976629316	4477.324834926075	1
18856	57889.6767158992	4477.319497431453	1
18857	57891.31360796018	4477.820082718107	1
18858	57889.64338331681	4477.293371389947	1
18859	57891.20681074593	4477.718374666369	1
18860	57891.31304015184	4477.816366067756	1
18861	58154.89427436207	4604.809369706162	1
18862	58141.87173853128	4594.120725875647	1
18863	58142.34903765598	4070.983237477286	1
18864	58142.34418304358	4070.984939595169	1
18865	58143.3349617903	4070.589942245897	1
18866	58142.33941997646	4070.926424736122	1
18867	58143.3344253003	4070.558871599551	1
18868	58143.33394810202	4070.590043355812	1
18869	58382.11364339991	3924.63675521222	1
18870	58382.49189085152	3923.710408332347	1
18871	58383.02999693976	3924.554023127603	1
18872	58382.11521405866	3924.637090503909	1
18873	58382.92257428425	3924.684932787092	1
18874	58382.92097146402	3924.685360214416	1
18875	58709.35518412455	3894.587415962286	1
18876	58709.35546754539	3894.587305492851	1
18877	58710.43241771561	3894.660150549198	1
18878	58709.50689597183	3894.487184260438	1
18879	58710.4556487276	3894.646622871182	1
18880	58710.43836511479	3894.660683637057	1
18881	58712.69207282073	3894.604339650626	1
18882	58712.67046562786	3894.608396846687	1
18883	58713.65382847429	3894.490459529359	1
18884	58712.69212873105	3894.603950147412	1
18885	58713.65672551095	3894.486136098169	1
18886	58713.66132821352	3894.491082743934	1
18887	58789.35681949591	3898.307865828062	1
18888	58789.35640723002	3898.30790169129	1
18889	58790.31058554217	3898.509354106334	1
18890	58789.50051966531	3898.188265760386	1
18891	58790.383633736	3898.39190042921	1
18892	58790.31147630926	3898.50980842858	1
18893	58799.58024927764	3900.522703275859	1
18894	58799.58247049461	3900.522577485582	1
18895	58800.61633826164	3900.679371201211	1
18896	58799.72622457956	3900.476654304	1
18897	58800.6282076473	3900.673635588817	1
18898	58800.61753148539	3900.679507586528	1
18899	58895.21277240536	3918.670280416909	1
18900	58155.01457931852	4604.859268929477	1
18901	59418.92439209617	5011.571200464206	1
18902	58895.21277240629	3918.670280417096	1
18903	58896.11001160764	3919.245483030977	1
18904	58895.21766500326	3918.65667717323	1
18905	58896.11728579469	3919.244358698948	1
18906	58896.11003489379	3919.245277040157	1
18907	58928.97047479922	3928.219110652996	1
18908	58929.02728309733	3928.224124852629	1
18909	58929.93091301253	3928.300281633457	1
18910	58928.97017210582	3928.21964274027	1
18911	58929.92423239368	3928.31907133109	1
18912	58929.9244723217	3928.318984782565	1
18913	59057.54836168641	3969.281786886871	1
18914	59057.55169208313	3969.283647833789	1
18915	59058.15405388904	3970.093518986338	1
18916	59057.56094415981	3969.280272985045	1
18917	59058.30540592357	3970.027094416611	1
18918	59058.3061027464	3970.026438090262	1
18919	59126.5115746627	3997.071254726124	1
18920	59126.51140317251	3997.071505954659	1
18921	59127.40522757318	3997.68350813183	1
18922	59126.53139287268	3997.066733357307	1
18923	59127.41881456482	3997.685920288577	1
18924	59127.41766755964	3997.6860520941	1
18925	59178.00902689248	4021.01182515247	1
18926	59178.00921963167	4021.011949769611	1
18927	59178.82703884476	4021.664836203272	1
18928	59178.01778917707	4021.013000591248	1
18929	59178.82563609624	4021.664484555065	1
18930	59178.82724042272	4021.664553112978	1
18931	59180.7406050401	4022.561272227683	1
18932	59180.94361901737	4022.516793042663	1
18933	59181.68981380994	4023.087179180238	1
18934	59180.7370941905	4022.562183486782	1
18935	59181.60321034672	4023.120675720279	1
18936	59181.6019675518	4023.12127165761	1
18937	59340.7546011511	4118.361074072663	1
18938	59340.75485696766	4118.360315707148	1
18939	59341.3404334957	4119.236122235624	1
18940	59340.75671211397	4118.360073302898	1
18941	59341.34219592513	4119.237125272428	1
18942	59341.34211794788	4119.237408004793	1
18943	59348.02999118395	4124.435085489698	1
18944	59348.02936637629	4124.435018565256	1
18945	59348.59586812602	4125.317593889145	1
18946	59348.03127227002	4124.430970910002	1
18947	59348.59474911977	4125.317855677277	1
18948	59348.59722336213	4125.317399677177	1
18949	59425.82665249758	4194.783748482749	1
18950	59425.82806771353	4194.785954862326	1
18951	59426.64165893651	4195.521881804442	1
18952	59425.82623682672	4194.783189784838	1
18953	59426.62285400653	4195.510286349686	1
18954	59426.62153601798	4195.510857148874	1
18955	59506.06528921163	4295.014933883469	1
18956	59506.08290164801	4295.012360594703	1
18957	59506.3961132004	4296.003488520995	1
18958	59506.06497648201	4295.015318791751	1
18959	59506.3891808624	4296.002584512836	1
18960	59506.39540678874	4296.004604511976	1
18961	59508.55657614442	4303.07790587806	1
18962	59508.57996890694	4303.083002001682	1
18963	59508.92411353666	4304.105027097769	1
18964	59508.55666075606	4303.078426415454	1
18965	59508.71873687574	4304.105471759491	1
18966	59508.71871582716	4304.104715648152	1
18967	59420.0224523361	5011.787389671343	1
18968	59419.95095781551	5011.764975908873	1
18969	59422.02477875852	5012.671138480773	1
18970	59420.55282723508	5011.858839863533	1
18971	59422.21588773798	5012.70792554801	1
18972	59422.17231158889	5012.696792655241	1
18973	59586.26541707444	5069.313784221494	1
18974	59586.261531614	5069.312686648479	1
18975	59586.81846711069	5069.541582480852	1
18976	59586.87242023728	5069.556904757537	1
18977	60225.37273513858	5265.355560295793	1
18978	60225.38255435287	5265.359928345661	1
18979	60226.5530439557	5265.759962954021	1
18980	60225.49055940361	5265.375866105436	1
18981	60226.58364613826	5265.721068472629	1
18982	60226.56807939202	5265.759191892218	1
18983	60330.80315608997	5294.837671680636	1
18984	60330.81357360299	5294.836548723187	1
18985	60331.80542208394	5295.329810873931	1
18986	60330.84200335649	5294.833064087434	1
18987	60332.14012343978	5295.036312529786	1
18988	60332.14223248442	5295.037464963554	1
18989	60333.13348644314	5295.647800405424	1
18990	60332.44633857888	5294.737824873972	1
18991	60333.23077276401	5295.611109700283	1
18992	60333.13515799918	5295.647878640302	1
18993	60344.04627024371	5299.768803993368	1
18994	60344.05408696702	5299.764053866436	1
18995	60345.26149076468	5300.251533744392	1
18996	60344.05565530754	5299.76043359942	1
18997	60345.26537669892	5300.252980321931	1
18998	60345.25769210682	5300.250352284666	1
18999	60501.82077535515	5344.022173038191	1
19000	60501.8188220819	5344.020931066013	1
19001	60502.76494535967	5344.612484723194	1
19002	60501.83177486155	5344.024976534674	1
19003	60502.76625542791	5344.612786327669	1
19004	60502.76637605648	5344.612568702932	1
19005	60630.28540340625	5375.316122966731	1
19006	60630.28766752064	5375.316707921747	1
19007	60631.40926010581	5375.75448580239	1
19008	60630.29249371594	5375.316287999526	1
19009	60631.39806406369	5375.750847631149	1
19010	60631.40088772099	5375.752268405447	1
19011	60679.4692476386	5389.200702420016	1
19012	60679.47132934973	5389.201100626341	1
19013	60680.54105693381	5389.739161690334	1
19014	60679.49177485961	5389.200024626122	1
19015	60680.54391240841	5389.741856974537	1
19016	60680.55349644437	5389.737603966958	1
19017	60758.03542028024	5408.776792365456	1
19018	60758.03693435813	5408.777675127976	1
19019	60759.25272947125	5409.079375832164	1
19020	60758.03815644223	5408.780284935756	1
19021	60759.25328167737	5409.080254650667	1
19022	60759.25775995426	5409.079263951083	1
19023	60790.38100500632	5415.371249118449	1
19024	60790.28709786962	5415.340796000679	1
19025	60790.98707604926	5415.922021419818	1
19026	60790.37999239453	5415.371638354132	1
19027	60790.98091641418	5415.923218094602	1
19028	60790.98770569608	5415.922480381532	1
19029	60989.68969941954	5453.14313765794	1
19030	60989.68579074106	5453.140895931305	1
19031	60990.56705225212	5454.070677203116	1
19032	60989.70593476377	5452.960737258054	1
19033	60990.83086688945	5455.029036445801	1
19034	60990.56515049923	5454.07060559441	1
19035	61600.3970642559	5559.044946851689	1
19036	61600.3948336094	5559.044591196395	1
19037	61601.67841545324	5559.222293573517	1
19038	61600.63029108499	5558.98517914249	1
19039	61601.67990338011	5559.220460580347	1
19040	61601.6738691536	5559.221708566705	1
19041	61705.46372987877	5577.213212170962	1
19042	61705.43658289919	5577.222717846558	1
19043	61707.68736843689	5577.801568172072	1
19044	61705.46687968099	5577.214006627812	1
19045	61707.66507639544	5577.80521961985	1
19046	61707.69923896401	5577.803500596581	1
19047	61849.80621450173	5600.559411012	1
19048	61849.80388191808	5600.559641630403	1
19049	61850.93390427058	5600.893245175203	1
19050	61849.87825989828	5600.551996728957	1
19051	61850.92679734033	5600.895190387804	1
19052	61850.92844160588	5600.893213699172	1
19053	61903.17300756642	5609.565750834265	1
19054	61903.17170787649	5609.564443920441	1
19055	61921.81006092462	5613.488426195525	1
19056	61902.86971674074	5609.257150160558	1
19057	61963.04382313724	5622.977063402228	1
19058	61921.81160404294	5613.488697652348	1
19059	61923.03279738472	5613.683357900218	1
19060	61921.85397181386	5613.480472739895	1
19061	61923.04388176237	5613.683380687801	1
19062	61923.03675280814	5613.684574560768	1
19063	61948.94803852134	5618.82953597571	1
19064	61948.94831868116	5618.830430332453	1
19065	61949.8118715345	5619.549929013487	1
19066	61948.95681977848	5618.82501591158	1
19067	61949.80174742982	5619.548287659194	1
19068	61949.81004655332	5619.548261066629	1
19069	61963.03424923075	5622.969215912319	1
19070	61963.03337260708	5622.969120922745	1
19071	62023.12240753492	5631.677489109537	1
19072	62023.2815849561	5631.761297228859	1
19073	62025.89830603497	5632.484685265513	1
19074	62023.13170419628	5631.677422016628	1
19075	62024.20576599607	5631.764613015315	1
19076	62024.20576599508	5631.764613015182	1
19077	62025.31828431616	5632.019456384272	1
19078	62024.1977061333	5631.764722024298	1
19079	62025.32644661062	5632.02288101456	1
19080	62025.31979391014	5632.01948500219	1
19081	62037.42422641662	5633.476463177088	1
19082	62037.41743372573	5633.477821893558	1
19083	62037.63743832667	5633.525785303118	1
19084	62037.64220492967	5633.526299565714	1
19085	62268.84911056899	5658.97499402796	1
19086	62268.8443598756	5658.974879798181	1
19087	62269.9098702661	5659.252474519183	1
19088	62269.55057889875	5658.969670254206	1
19089	62269.90403695311	5659.25381682321	1
19090	62269.91236321116	5659.25270856961	1
19091	62275.66946764995	5659.866960529756	1
19092	62275.66270547936	5659.865657613896	1
19093	62276.83661537943	5660.007988206855	1
19094	62275.64969222818	5659.867827803457	1
19095	62276.82497972774	5660.120987962859	1
19096	62276.84072192153	5660.008135466352	1
19097	62310.10770019796	5665.077298701612	1
19098	62310.10888895317	5665.077441244997	1
19099	62311.22567893122	5665.05280154528	1
19100	62310.06678042543	5665.099247650758	1
19101	62311.19880222366	5665.057189110201	1
19102	62311.24470891926	5665.05521619408	1
19103	62364.69003107387	5672.002079776365	1
19104	62364.68562745216	5672.001001562068	1
19105	62365.83513042534	5672.132882035509	1
19106	62364.69718435028	5672.005044342016	1
19107	62365.83593409415	5672.13507169704	1
19108	62365.83652460086	5672.132626984937	1
19109	62370.32916780584	5672.533179614329	1
19110	62370.3428749374	5672.533459210821	1
19111	62371.46672843036	5672.660477744665	1
19112	62370.32521896879	5672.5378659575	1
19113	62371.44757222338	5672.669688207119	1
19114	62371.46971375635	5672.661038990125	1
19115	62438.02460373938	5678.58245812854	1
19116	62438.02834308537	5678.58314590904	1
19117	62439.17863275215	5678.672901945143	1
19118	62438.06478594855	5678.588313112776	1
19119	62439.17545529455	5678.687443799251	1
19120	62439.19155192096	5678.672734302243	1
19121	62672.18855075282	5691.273219688491	1
19122	62672.18741245841	5691.275277760739	1
19123	62673.35111826257	5691.267626545996	1
19124	62672.17386190681	5691.275702455556	1
19125	62673.32738382707	5691.267158612836	1
19126	62673.3482349703	5691.269528935229	1
19127	62720.00742963934	5693.294902493933	1
19128	62720.01146515936	5693.294929317079	1
19129	62721.19401171885	5693.124877965953	1
19130	62719.97789162962	5693.312693212373	1
19131	62721.19973013311	5693.121761869728	1
19132	62721.19422518765	5693.124916199562	1
19133	62759.9912132335	5694.351985568656	1
19134	62759.99364256673	5694.352074957747	1
19135	62761.20467924187	5694.426324713804	1
19136	62759.99332134263	5694.351988670778	1
19137	62761.20664108114	5694.42558627159	1
19138	62761.20181985246	5694.424935202598	1
19139	62822.27960333525	5697.398739937268	1
19140	62822.28465524851	5697.399317639291	1
19141	62823.43688131747	5697.240230129672	1
19142	62822.27452945197	5697.400731326195	1
19143	62823.3963897964	5697.236048931737	1
19144	62823.43812383502	5697.241154655022	1
19145	62916.17262311047	5700.722853878846	1
19146	62916.1775481677	5700.722788184161	1
19147	62917.46220805257	5700.857870554537	1
19148	62916.1543790045	5700.72063887792	1
19149	62917.46775585308	5700.857639143695	1
19150	62917.46195859497	5700.857998723248	1
19151	62943.12367773068	5702.551996798187	1
19152	62943.0438844508	5702.543698093134	1
19153	62944.1062351322	5702.777110314116	1
19154	62943.11842868809	5702.552439051279	1
19155	62944.17646578216	5702.78418268359	1
19156	62944.19888054504	5702.784144234683	1
19157	63078.1646206734	5713.682012310568	1
19158	63078.15187192732	5713.680239038624	1
19159	63080.34433075285	5714.018405484327	1
19160	63077.86297916673	5713.639872919307	1
19161	63080.24727781763	5714.006835305999	1
19162	63080.45104451641	5714.026063848274	1
19163	63131.43921256484	5719.477706620338	1
19164	63131.6572152786	5719.495463403995	1
19165	63132.68608006439	5719.625738478102	1
19166	63132.74189392175	5719.634227550146	1
19167	63230.56012884562	5727.852010378168	1
19168	63230.49459180073	5727.845045852309	1
19169	63122.68853315612	5652.082542264116	1
19170	63122.73460825131	5652.701974910579	1
19171	63132.31094057392	5648.021917967514	1
19172	63122.69252629689	5652.079573294955	1
19173	63133.13344885886	5647.157614856782	1
19174	63133.15042790485	5647.167520866815	1
19175	63140.00479027751	5640.501970065125	1
19176	63139.7784363894	5640.63272099843	1
19177	63147.85965981008	5640.16166814648	1
19178	63140.00479027809	5640.50197006431	1
19179	63147.96912912087	5639.988413188339	1
19180	63147.97156456107	5639.988611043674	1
19181	63197.54881587572	5632.798136857886	1
19182	63197.14809144282	5633.185874038375	1
19183	63293.11357233435	5623.114684475453	1
19184	63197.5564425005	5632.799646844189	1
19185	63293.08525905025	5623.056423544393	1
19186	63293.08546975849	5623.056214036013	1
19187	63297.1800731821	5623.267450183635	1
19188	63297.1508964079	5623.335073386436	1
19189	63303.25464025297	5621.883044927306	1
19190	63297.18020064046	5623.267678673752	1
19191	63303.25750874914	5621.813847497975	1
19192	63303.25529998675	5621.813791635761	1
19193	63316.8816146719	5621.496473425057	1
19194	63316.86457690847	5621.519051960605	1
19195	63318.01625085261	5621.137357454942	1
19196	63316.88185887143	5621.496762111803	1
19197	63317.90690812311	5621.143522811981	1
19198	63317.90798620234	5621.141540788067	1
19199	63632.27960875211	5605.42124620701	1
19200	63632.27467810526	5605.421236101065	1
19201	63633.31660328852	5605.286186723439	1
19202	63632.28004126082	5605.421406673686	1
19203	63633.31587211706	5605.283911154705	1
19204	63633.3160337506	5605.285415483662	1
19205	63634.33941599552	5605.565422008858	1
19206	63633.30245206592	5605.282389970836	1
19207	63634.36611882411	5605.61432851051	1
19208	63634.34089778503	5605.565321119099	1
19209	63676.50186347309	5606.595494771685	1
19210	63676.50209816836	5606.595635180385	1
19211	63677.40269485116	5607.067480435349	1
19212	63676.50474642019	5606.607018372264	1
19213	63680.97976172529	5599.008040945451	1
19214	63677.40254838159	5607.067429722767	1
19215	63705.10979182285	5608.221075618982	1
19216	63705.11076684855	5608.219240421625	1
19217	63706.1307248713	5608.445164891883	1
19218	63704.9876188605	5609.094984549385	1
19219	63706.11297275033	5608.519576881119	1
19220	63706.13468517817	5608.445059976223	1
19221	63711.21421168756	5609.721252328683	1
19222	63711.21424932568	5609.721437414107	1
19223	63783.04947196937	5610.679099827004	1
19224	63711.06236056378	5609.859967679738	1
19225	63783.20684954576	5610.249772869106	1
19226	63783.05175981054	5610.679568687694	1
19227	63827.91797533375	5614.920033868191	1
19228	63827.91887970961	5614.920255705571	1
19229	63828.55039726145	5614.175179990793	1
19230	63828.09288714477	5615.047489753928	1
19231	63828.5428591455	5614.180973052338	1
19232	63828.55039726244	5614.17517999111	1
19233	63908.6857992796	5631.95337758692	1
19234	63908.68535615905	5631.953366424905	1
19235	63908.99668248056	5632.959008002393	1
19236	63909.43665979133	5631.528061925846	1
19237	63910.32029269094	5632.696073458394	1
19238	63909.00543536217	5632.955495376593	1
19239	63567.05435099703	5759.778465069559	1
19240	63567.0429087634	5759.775039202697	1
19241	64261.5992609589	5774.80651520758	1
19242	64263.89457632287	5774.659627529738	1
19243	64265.73594736273	5774.751824717026	1
19244	64261.61363377789	5774.808682755247	1
19245	64262.92990703683	5774.896486424048	1
19246	64262.98570010363	5774.895523764895	1
19247	64544.51329877123	5790.695875074927	1
19248	64528.13004408678	5790.362731693511	1
19249	64558.61581923702	5791.063147397461	1
19250	64544.51077802252	5790.69638164567	1
19251	64575.50872787653	5791.548271642057	1
19252	64575.52699529787	5791.549203522625	1
19253	64612.95991863252	5792.958270639116	1
19254	64612.94966150908	5792.95902217396	1
19255	64612.85098233342	5791.963268463669	1
19256	64612.96839352674	5792.961013831335	1
19257	64612.84559362486	5791.962818803578	1
19258	64612.85482365103	5791.963385224927	1
19259	64632.84102734871	5788.815736657767	1
19260	64632.85480986367	5788.808696628104	1
19261	64645.92261341651	5785.116179008264	1
19262	64645.91859423602	5785.111930464544	1
19263	64647.03969686455	5785.355762663332	1
19264	64647.02668988943	5785.358522136823	1
19265	64643.04739442928	5791.164171592985	1
19266	64643.09332692489	5791.160497636898	1
19267	64635.37691574387	5792.276408706293	1
19268	64635.34391487332	5792.283164581263	1
19269	64633.24722083565	5792.702162135464	1
19270	64633.26976974192	5792.728644652806	1
19271	64642.5422897801	5795.201136387914	1
19272	64641.7704431421	5795.25475524733	1
19273	64645.45138473762	5795.405167070592	1
19274	64642.59021262144	5795.211254130907	1
19275	64645.49908732739	5795.381691220178	1
19276	64645.45138473797	5795.405167069678	1
19277	64648.43620650424	5795.524327135685	1
19278	64648.41016345011	5795.516950873449	1
19279	64651.24226544442	5795.666488992563	1
19280	64651.70743875438	5795.688970665726	1
19281	64696.41596057382	5798.312893757553	1
19282	64651.2513540457	5795.666943116221	1
19283	64659.31471972191	5795.887616021736	1
19284	64659.30431995512	5795.887123451863	1
19285	64705.26031003857	5797.690082519524	1
19286	64705.79081753013	5797.82242059133	1
19287	64706.44489290612	5797.879452437466	1
19288	64705.25589833339	5797.688744613662	1
19289	64710.115299923	5795.331693865965	1
19290	64710.11827386712	5795.333870710228	1
19291	64711.30181377329	5795.220508934319	1
19292	64711.29104363173	5795.220985795509	1
19293	64727.43042171298	5795.890433719063	1
19294	64696.43485461449	5798.312842866168	1
19295	64759.21853657236	5786.287059350747	1
19296	64727.41836592287	5795.887195566636	1
19297	64759.34559635055	5786.245378657756	1
19298	64759.34065185662	5786.24766214662	1
19299	64784.09805622412	5779.989878465942	1
19300	64784.10448084929	5779.989100320658	1
19301	64784.95149567124	5779.825677781057	1
19302	64729.79194218607	5796.138019246904	1
19303	65689.75032361143	5841.270180320844	1
19304	64784.95205190365	5779.825214885672	1
19305	64864.28310425946	5766.279904461766	1
19306	64864.28075059585	5766.280501127331	1
19307	64863.75803426083	5766.297769571762	1
19308	64864.34625363839	5766.254470542087	1
19309	64863.89075666416	5766.291948011817	1
19310	64863.74893846241	5766.297747125453	1
19311	64998.35255327402	5748.083610056931	1
19312	64998.35017412034	5748.083754087966	1
19313	64999.35326664109	5747.74960808914	1
19314	64998.36656920821	5748.083169451214	1
19315	64999.41385319864	5747.68079061013	1
19316	64999.36497265426	5747.748404986023	1
19317	65039.08522829	5744.322504940286	1
19318	65039.09356773412	5744.321872725455	1
19319	65040.2768481308	5744.198743968092	1
19320	65040.2774675868	5744.198968783485	1
19321	65056.85642551031	5742.025598476996	1
19322	65056.84466970997	5741.995289545046	1
19323	65058.23235645681	5741.687399919362	1
19324	65056.85618277406	5742.025698848349	1
19325	65057.92809744738	5741.888422271928	1
19326	65057.92903751397	5741.888297373241	1
19327	65107.04576974642	5738.727007419418	1
19328	65107.16796541132	5738.702657117219	1
19329	65108.10317212279	5738.294297727425	1
19330	65107.0481347469	5738.727366782829	1
19331	65108.03119430522	5738.326589420216	1
19332	65108.03257204848	5738.32631893858	1
19333	65110.2083524359	5738.451574593364	1
19334	65110.31583434349	5738.424673075921	1
19335	65111.23609761562	5738.659617626186	1
19336	65110.21619102516	5738.450055323648	1
19337	65111.23446597945	5738.670833514705	1
19338	65111.23243598809	5738.670942887509	1
19339	65269.28304485115	5730.011663720701	1
19340	65269.28577508504	5730.011649447499	1
19341	65270.28675618762	5728.630898967715	1
19342	65269.24813028547	5730.141344898568	1
19343	65270.66753966385	5728.080224797595	1
19344	65270.28358794638	5728.636597264504	1
19345	65307.6418969779	5730.64900901203	1
19346	65307.63663072238	5730.648518600054	1
19347	65308.35140300123	5731.50350721677	1
19348	65307.68518713344	5730.35660120863	1
19349	65308.36982413934	5731.480725465145	1
19350	65308.34931101598	5731.501965339397	1
19351	65355.30284756899	5730.875129188702	1
19352	65355.38235611311	5730.680236048645	1
19353	65356.09507598873	5731.786265189358	1
19354	65355.30243331229	5730.87434840411	1
19355	65356.08955456835	5731.76103950377	1
19356	65356.08835262759	5731.761465136451	1
19357	65418.85826249758	5736.403541990408	1
19358	65418.86150674475	5736.403675634432	1
19359	65419.90923281258	5736.462515597177	1
19360	65418.88123749179	5736.401142567418	1
19361	65419.97877667047	5736.399959844661	1
19362	65419.91050866299	5736.462583045361	1
19363	65424.16301390791	5736.835254256746	1
19364	65424.15754029894	5736.83239864238	1
19365	65553.18833403941	5751.004120407526	1
19366	65424.16366054741	5736.835564408635	1
19367	65483.16687905794	5744.01132617961	1
19368	65483.16200772964	5744.010225283628	1
19369	65483.75321533188	5744.148584192755	1
19370	65483.76086421905	5744.151482870458	1
19371	65513.7404473832	5747.442982635948	1
19372	65513.53361081815	5747.394116207557	1
19373	65513.95607210393	5747.491411086838	1
19374	65513.74091904168	5747.443002780987	1
19375	65520.89149363438	5748.044129434189	1
19376	65520.89204893517	5748.043916003633	1
19377	65521.29027512309	5748.083603402347	1
19378	65521.29034090071	5748.083720679346	1
19379	65535.63431959314	5749.039203012297	1
19380	65535.68890261796	5749.02783390267	1
19381	65535.66046736599	5749.329937283299	1
19382	65535.63793592242	5749.039603038123	1
19383	65553.1610981985	5751.028799370981	1
19384	65553.16367621184	5751.02863185522	1
19385	65669.80229237879	5764.570814079461	1
19386	65669.8021377094	5764.571582950492	1
19387	65670.64683781465	5764.966178571818	1
19388	65669.92060007399	5764.575105978241	1
19389	65671.03124909702	5764.803222740439	1
19390	65670.64892994985	5764.966312042972	1
19391	65672.41473063896	5766.014828876507	1
19392	65672.41481109016	5766.014807188837	1
19393	65673.43926114944	5765.818382050996	1
19394	65672.48815250577	5766.088277550316	1
19395	65673.42672740674	5765.819103208303	1
19396	65673.43838894967	5765.81786816567	1
19397	65711.35955323902	5778.667677572039	1
19398	65711.35951601114	5778.668768591189	1
19399	65712.30977819202	5778.185272646288	1
19400	65711.65876638511	5779.251208735779	1
19401	65712.59462603688	5778.572918976743	1
19402	65712.30779026041	5778.185074158659	1
19403	65752.11724010255	5815.086305444905	1
19404	65752.10545104428	5815.090754848582	1
19405	65752.60451142141	5815.596938608156	1
19406	65752.22546538693	5815.038944285456	1
19407	65752.6585725398	5815.496464925856	1
19408	65752.59956634464	5815.600406746609	1
19409	65697.20300128509	5841.333126758751	1
19410	65689.77343521576	5841.262649467741	1
19411	65890.75506303762	5884.771862252112	1
19412	65890.75209988613	5884.77137593672	1
19413	65892.44304017833	5884.500931450864	1
19414	65891.03047863254	5884.987917151236	1
19415	65892.50215458783	5884.518009693311	1
19416	65892.45751218533	5884.503907704098	1
19417	65904.48061110527	5887.826343964066	1
19418	65904.47649213794	5887.828209413017	1
19419	65905.08898979961	5888.611596622082	1
19420	65906.48517083639	5888.974917373484	1
19421	65904.46264718007	5889.270934061622	1
19422	65905.08567683975	5888.611144979435	1
19423	65938.60697659454	5895.230793526593	1
19424	65938.60281672585	5895.230747122444	1
19425	65939.65932944132	5895.168367844752	1
19426	65938.79974296771	5895.302816569876	1
19427	65939.68651613791	5895.174647527711	1
19428	65939.66331605223	5895.169394858328	1
19429	66107.57673823682	5918.201634588699	1
19430	66108.19067290408	5920.068608076361	1
19431	66150.73355593841	5918.961879273626	1
19432	66107.5774405665	5918.201666004965	1
19433	66150.72834247584	5918.937130197279	1
19434	66150.72464781808	5918.937515385265	1
19435	66179.50082222867	5921.92252988688	1
19436	66179.64891632105	5921.971458076043	1
19437	66180.48232732562	5922.376613108077	1
19438	66179.50830183749	5921.921622113505	1
19439	66180.49271209666	5921.953441291535	1
19440	66180.49303135474	5921.95383580968	1
19441	66223.46022437414	5926.666667248402	1
19442	66223.81852069043	5927.102720333138	1
19443	66223.86798475607	5927.049782263703	1
19444	66223.45900369389	5926.666378784331	1
19445	66223.92855669442	5927.034950057267	1
19446	66223.93097692257	5927.035215690987	1
19447	66378.29728959082	5931.59226025725	1
19448	66378.3090391531	5931.592438707504	1
19449	66379.33903108974	5931.468019198797	1
19450	66378.27044400305	5931.646440128525	1
19451	66379.31069458841	5931.488010457388	1
19452	66379.34641302464	5931.467784019938	1
19453	66551.48397882067	5936.126164191362	1
19454	66551.41089455871	5936.215976056796	1
19455	66551.49471302761	5936.129004157307	1
19456	66551.47904604394	5936.126667668696	1
19457	66559.30802503327	5935.383443036518	1
19458	66559.30905491504	5935.383396563971	1
19459	66560.50343310699	5935.2073604942	1
19460	66559.24131235696	5935.421862727402	1
19461	66560.26587156445	5935.249657305469	1
19462	66560.51031431992	5935.206969458401	1
19463	66670.17366524797	5936.054879411713	1
19464	66670.69925771788	5936.026524114153	1
19465	66670.36849105358	5937.631572150001	1
19466	66670.17369065323	5936.056151397155	1
19467	66670.54066897207	5937.271750659858	1
19468	66670.53699789138	5937.270462667813	1
19469	66862.63456324104	5933.645712332474	1
19470	66862.63998965634	5933.646787850282	1
19471	66863.71056301054	5933.457517923418	1
19472	66862.62890181987	5933.661982811955	1
19473	66863.7018423187	5933.45890934721	1
19474	66863.70984533895	5933.457354333419	1
19475	66865.92678518553	5933.303773086944	1
19476	66865.92704261909	5933.30355916175	1
19477	66867.04981674772	5933.330809919251	1
19478	66865.91738472227	5933.305136634961	1
19479	66867.05207936355	5933.337321261717	1
19480	66867.06501128158	5933.329233880128	1
19481	66896.28033156035	5931.670986247524	1
19482	66896.28158790857	5931.670753383032	1
19483	66897.33841326222	5931.903788217606	1
19484	66896.28098322399	5931.671873150439	1
19485	66897.3438005019	5931.907399273161	1
19486	66897.33892589441	5931.903808234574	1
19487	66960.33732530952	5937.769025753123	1
19488	66960.37144683348	5937.814043926595	1
19489	67024.89888704079	5936.216255966212	1
19490	66960.33720060793	5937.769011185439	1
19491	67025.023048167	5935.826816277689	1
19492	67025.01814662549	5935.827232915564	1
19493	67131.99720494682	5911.577447422233	1
19494	67132.00138489786	5911.578961923506	1
19495	67132.994180682	5911.339400972651	1
19496	67131.99725689116	5911.577670912251	1
19497	67132.9935406312	5911.338694062641	1
19498	67132.99354063021	5911.338694062478	1
19499	67316.13746234163	5889.016989550791	1
19500	67316.13832390506	5889.016841153694	1
19501	67316.42158670392	5888.97230642785	1
19502	67316.43705321441	5888.97188849956	1
19503	67330.16243116756	5888.547014340553	1
19504	67330.22767810081	5888.606826117467	1
19505	67331.16447706241	5888.623321186208	1
19506	67330.15660339547	5888.547442561357	1
19507	67331.22496547067	5888.554673336555	1
19508	67331.23579254327	5888.553998115363	1
19509	67369.81029695633	5882.715054407264	1
19510	67369.79787897132	5882.7164114519	1
19511	67370.75662753498	5882.329598041671	1
19512	67369.8038455387	5882.71593814171	1
19513	67370.75101429998	5882.328654885319	1
19514	67370.7585805509	5882.327901777866	1
19515	67677.99303751392	5843.986541824548	1
19516	67677.99248257437	5843.987698486158	1
19517	67678.93720577587	5843.983773025415	1
19518	67677.99195939396	5843.986999597688	1
19519	67678.93571989326	5843.983498372761	1
19520	67678.94691088062	5843.982734228055	1
19521	67796.88266156655	5826.387312090741	1
19522	67796.88347612851	5826.387279045255	1
19523	67800.30318364338	5828.218196358161	1
19524	67795.88818952639	5825.847927286404	1
19525	67800.46155637753	5828.444363447726	1
19526	67800.30485615798	5828.214750138479	1
19527	67936.11113075831	5812.30103122238	1
19528	67936.11759394512	5812.300170102616	1
19529	67941.62316556362	5812.648582524317	1
19530	67936.04949020414	5812.398627709483	1
19531	67941.58656557417	5812.689873024741	1
19532	67941.62203855679	5812.648642386031	1
19533	68058.6898709301	5794.327181706241	1
19534	68058.54290640354	5794.242391562654	1
19535	68058.96435741719	5794.519149951093	1
19536	68058.70044883742	5794.326323412859	1
19537	68059.50354463141	5794.283611344959	1
19538	68059.51321891259	5794.282208773207	1
19539	68105.76778303634	5787.431290567213	1
19540	68105.75675050262	5787.441535841273	1
19541	68106.62190747855	5787.202336776713	1
19542	68105.75503871008	5787.432092108379	1
19543	68106.76248128992	5787.177959996547	1
19544	68106.75205032266	5787.178850523675	1
19545	68129.58692029229	5782.713855418597	1
19546	68129.57232798438	5782.698401521494	1
19547	68130.61965403066	5782.675828425342	1
19548	68129.57868226472	5782.714515035959	1
19549	68130.63729455374	5782.681356721834	1
19550	68130.65389477613	5782.679811057063	1
19551	68394.14819618524	5754.066333231186	1
19552	68394.14732409257	5754.066533846759	1
19553	68394.95370657631	5753.103026836447	1
19554	68393.29167175369	5754.158627718421	1
19555	68394.50300053792	5753.262148163233	1
19556	68394.98635245027	5753.100327668577	1
19557	68435.68410667201	5748.13044965132	1
19558	68435.69285553106	5748.128674681957	1
19559	68436.78821248328	5747.726021417673	1
19560	68435.67045363982	5748.133376229718	1
19561	68436.71349628712	5747.729128911185	1
19562	68436.78837104799	5747.726011002065	1
19563	68615.66576131369	5722.166746124149	1
19564	68615.66050096997	5722.167358932862	1
19565	68617.14059688471	5721.989351126051	1
19566	68615.60910645215	5722.170816926629	1
19567	68617.12418999412	5721.991163887349	1
19568	68617.14779692882	5721.988234120243	1
19569	68829.23874771915	5687.018422884699	1
19570	68829.24242447229	5687.016655664456	1
19571	68829.96930958627	5686.75764467001	1
19572	68829.97442270006	5686.75609173661	1
19573	68864.86899882392	5678.776576759521	1
19574	68864.84454415058	5678.779912878626	1
19575	68866.79579618125	5679.239458368245	1
19576	68864.76690199203	5678.754955236517	1
19577	68865.30648961733	5679.282822995532	1
19578	68866.79169172805	5679.239764491327	1
19579	69147.84138307924	5573.713565845752	1
19580	69147.36659543129	5573.587519979335	1
19581	70912.21236056043	5448.878416644028	1
19582	69147.85058203159	5573.713439762878	1
19583	68953.16822732129	5373.216403930547	1
19584	68953.16731562087	5373.218521986813	1
19585	68953.47867321974	5372.308252678029	1
19586	68953.14233313105	5373.216813693621	1
19587	68953.4659194508	5372.30383643711	1
19588	68953.47522867762	5372.301773516462	1
19589	68947.48234819353	5327.887411478141	1
19590	68947.48119311669	5327.889282628865	1
19591	68947.61341653042	5326.984678794254	1
19592	68947.23683256266	5327.562018363247	1
19593	68947.55820848641	5326.973604208052	1
19594	68947.61393160938	5326.983488405451	1
19595	69089.37938717863	5109.261693156506	1
19596	69089.36225222261	5109.12658494734	1
19597	69089.99195454433	5108.493605879903	1
19598	69089.3766879008	5109.25987121868	1
19599	69089.9941737242	5108.494709311432	1
19600	69089.99581143836	5108.492654143069	1
19601	69199.0709048502	5014.227050955472	1
19602	69199.07800984953	5014.225712420371	1
19603	69199.67279950442	5013.394720158131	1
19604	69199.07138213603	5014.226511108686	1
19605	69199.66949457763	5013.39450724129	1
19606	69199.67285522225	5013.394767790523	1
19607	69251.1144514631	4982.523756011788	1
19608	69251.11382339796	4982.523952538759	1
19609	69252.05248976458	4982.039810644547	1
19610	69251.10449690587	4982.519848501308	1
19611	69252.05170018791	4982.03997690202	1
19612	69252.05386543937	4982.039744629607	1
19613	69390.55996612308	4911.11062602278	1
19614	69390.57024895528	4911.107372999647	1
19615	69391.33345260663	4910.375155539512	1
19616	69390.55695583927	4911.11361204791	1
19617	69391.31671973807	4910.36045431225	1
19618	69391.32795218332	4910.374618696947	1
19619	69556.51201487635	4846.611168887003	1
19620	69556.5088322098	4846.611225717613	1
19621	69557.58623133937	4846.923301266059	1
19622	69556.49641939398	4846.600652420678	1
19623	69557.5803625299	4847.089626545544	1
19624	69557.57907516201	4847.089238850537	1
19625	69618.79126809729	4829.706593291679	1
19626	69618.79446895845	4829.704728023302	1
19627	69619.78081931721	4829.409265269047	1
19628	69618.79148443206	4829.706530334107	1
19629	69619.78080532735	4829.408860133433	1
19630	69618.76440962439	4829.510812502999	1
19631	69619.71967852919	4829.354978231466	1
19632	69619.77871104114	4829.408960511062	1
19633	69653.83727507206	4822.506477794317	1
19634	69653.83918404026	4822.505843858022	1
19635	69654.77581413067	4822.129649132111	1
19636	69653.42168335547	4822.20497348475	1
19637	69654.76841570711	4822.129471285736	1
19638	69654.77775518748	4822.12932644001	1
19639	69671.1412505497	4818.148903588011	1
19640	69671.11265683413	4818.01691478938	1
19641	69671.79378675914	4817.458899445753	1
19642	69671.14744733134	4818.149433276551	1
19643	69671.90006873256	4817.47202315188	1
19644	69671.89539442147	4817.471456594819	1
19645	69764.81889785052	4798.06858066193	1
19646	69764.8199974852	4798.071123226437	1
19647	69764.32642509084	4796.608259361813	1
19648	69765.01568636613	4798.245804249156	1
19649	69764.17760431784	4796.367344332146	1
19650	69764.32807629905	4796.611034857997	1
19651	69863.04633047461	4799.240795357483	1
19652	69148.70628179272	5573.723265846565	1
19653	70867.96067252493	5595.539820614962	1
19654	69863.04861999513	4799.239640328101	1
19655	69863.82562732534	4800.018901951978	1
19656	69862.12491184025	4796.9327615325	1
19657	69863.96758371411	4800.320868798146	1
19658	69863.82495941344	4800.018740750661	1
19659	69887.15937511896	4800.289442958799	1
19660	69886.59501292353	4799.853898804451	1
19661	70025.3582375652	4815.616356902919	1
19662	69887.15881338465	4800.289356414492	1
19663	69996.14057352691	4814.536837132215	1
19664	69996.14057352784	4814.53683713237	1
19665	69997.06852992682	4814.834010819829	1
19666	69996.16884241818	4814.529771108707	1
19667	69997.05230143684	4814.824634403284	1
19668	69997.07052969234	4814.834539784463	1
19669	70025.70201537904	4816.541422777261	1
19670	70025.70290033356	4816.54243033988	1
19671	70059.88410565502	4826.066082410549	1
19672	70059.88628219126	4826.066658962348	1
19673	70060.93545653392	4826.284102128652	1
19674	70059.79927544622	4826.012935895598	1
19675	70060.79054423858	4825.979363004753	1
19676	70060.93333658815	4826.283078988617	1
19677	70071.86422297935	4829.810539422739	1
19678	70071.86425762362	4829.810546021688	1
19679	70089.31389852142	4837.412785752123	1
19680	70071.87046845211	4829.764950227791	1
19681	70089.44815040502	4837.19093367056	1
19682	70089.31362039881	4837.412734010426	1
19683	70103.32146134222	4843.975458990419	1
19684	70103.32247067435	4843.979520948567	1
19685	70103.31563591614	4844.63350855823	1
19686	70103.13647203415	4842.982148426335	1
19687	70103.00471895887	4844.281219316996	1
19688	70103.31635061535	4844.633749046355	1
19689	70912.00332055887	5448.889016656124	1
19690	70912.00367896113	5448.888979441326	1
19691	70869.82505503041	5595.178707807465	1
19692	70869.82485210238	5595.17887192624	1
19693	70868.20865170209	5595.676381095472	1
19694	70868.21204123698	5595.676602696218	1
19695	70907.28488770791	5598.899923849885	1
19696	70907.26139110263	5598.900628325019	1
19697	70907.89140964736	5598.955874607875	1
19698	70907.92404353363	5598.954453235598	1
19699	70909.76233733958	5599.100999977585	1
19700	70909.39380124293	5599.14206785997	1
19701	70909.70945247787	5599.227337202027	1
19702	70909.75827420561	5599.100206987569	1
19703	70911.26312163559	5599.160106235234	1
19704	70911.27445081645	5599.158870573047	1
19705	70986.94915406825	5601.465080106213	1
19706	70987.63055651082	5601.831668942427	1
19707	70988.89393577393	5601.511484617853	1
19708	70986.94460585248	5601.466216459294	1
19709	70988.46539680171	5601.471508264332	1
19710	70988.4607491286	5601.472368799306	1
19711	71173.96013947256	5591.850516071416	1
19712	71173.94644621847	5591.794820576066	1
19713	71175.88412121544	5591.639035898928	1
19714	71174.00185955147	5591.849419608593	1
19715	71175.3216330366	5591.819005097972	1
19716	71175.32387950207	5591.819356727055	1
19717	71397.94920409383	5602.324149542441	1
19718	71397.94840105472	5602.324563660492	1
19719	71399.34196245437	5602.276388461565	1
19720	71397.88202259864	5602.52154631472	1
19721	71400.45143446664	5602.62759295964	1
19722	71399.34196245339	5602.276388461715	1
19723	71408.28039787535	5601.817281687097	1
19724	71408.27100315108	5601.817746135993	1
19725	71409.55307926593	5601.832197515931	1
19726	71409.57787371171	5601.83153274727	1
19727	71410.76091685629	5601.842398905756	1
19728	71409.58099934109	5601.832690400612	1
19729	71410.75453116803	5601.843011902898	1
19730	71410.75284752657	5601.842996106981	1
19731	71486.58685200848	5602.58209766921	1
19732	71486.58528660878	5602.580888832596	1
19733	71487.64264434867	5602.667151866238	1
19734	71486.5881655449	5602.582169528694	1
19735	71487.62570240931	5602.667194369029	1
19736	71487.62605175376	5602.667179965923	1
19737	71565.50415740424	5606.556680933028	1
19738	71565.53724690789	5606.605902667226	1
19739	71567.77712319838	5606.480713032171	1
19740	71565.5086831486	5606.556637447557	1
19741	71567.89330602769	5606.337523037504	1
19742	71567.89288802404	5606.337486715079	1
19743	71669.62469074386	5601.936119188244	1
19744	71668.91261541762	5602.228592095779	1
19745	71670.94792724744	5602.538010004819	1
19746	71669.62098307628	5601.936571041392	1
19747	71671.03350386681	5602.449332192889	1
19748	71671.05414858408	5602.448197628655	1
19749	71819.13869403675	5598.110251764292	1
19750	71819.14070237603	5598.110024142288	1
19751	71819.97588215768	5597.769517415652	1
19752	71819.19216907269	5598.233461732014	1
19753	71819.8343005302	5597.805205741382	1
19754	71819.98493342841	5597.768490276825	1
19755	72218.23008450266	5583.148037455932	1
19756	72218.25360375713	5583.148055747577	1
19757	72218.47157158557	5583.168323766938	1
19758	72218.48300001089	5583.167852851738	1
19759	72281.82110371068	5587.087134020074	1
19760	72281.82059561048	5587.086906606918	1
19761	72282.51880910801	5587.278803121883	1
19762	72281.67021825264	5587.699965959417	1
19763	72282.3234039002	5587.370052488969	1
19764	72282.51984421816	5587.278727375701	1
19765	72714.37270490511	5557.06598090946	1
19766	72714.39059272804	5557.066428995762	1
19767	72715.43523621862	5556.505422071312	1
19768	72714.44947510608	5557.101949935228	1
19769	72715.39746482059	5556.505140553889	1
19770	72715.42324184562	5556.506584094406	1
19771	72758.23932618939	5552.466883973759	1
19772	72758.24146219046	5552.466562901259	1
19773	72758.83531222964	5552.38757088053	1
19774	72758.84121931827	5552.387820526245	1
19775	73002.34392032266	5533.947703233391	1
19776	73002.34355763276	5533.948997044886	1
19777	73004.70130290702	5534.548323694572	1
19778	73004.70599193312	5534.546759159327	1
19779	73529.84747390036	5499.669208430118	1
19780	73529.85021870479	5499.669069068334	1
19781	73531.01261294301	5499.763283578788	1
19782	73529.8401100068	5499.67054890024	1
19783	73531.01686345483	5499.76324571413	1
19784	73531.01493018196	5499.762625003568	1
19785	73579.67030829302	5499.060675039332	1
19786	73579.7223787469	5498.845186124981	1
19787	73577.02256684465	5503.459034917971	1
19788	73579.66977729293	5499.057161949184	1
19789	73579.168679478	5500.757319094278	1
19790	73579.17859690636	5500.755937629687	1
19791	73734.32288900041	5477.990937658768	1
19792	73734.32205193903	5477.991026405792	1
19793	73741.69213259686	5475.085783682746	1
19794	73724.93899915315	5482.154165941025	1
19795	73743.301337777	5474.517950482311	1
19796	73741.7082377327	5475.084219172611	1
19797	73911.21839623805	5452.669772949389	1
19798	73910.72252179362	5452.706354081672	1
19799	73913.41765910876	5452.54976003018	1
19800	73911.21440191142	5452.669899568163	1
19801	73913.4737293534	5452.510550342564	1
19802	73913.47439804347	5452.510454936577	1
19803	74432.88971916673	5399.248625627383	1
19804	74432.93313254474	5399.24005399795	1
19805	74434.14910514042	5399.106593927461	1
19806	74432.87988508912	5399.250029713235	1
19807	74434.05337467277	5399.119880066161	1
19808	74434.13604622136	5399.104892568505	1
19809	74642.29071624251	5375.682553228978	1
19810	74642.29249793995	5375.682327748824	1
19811	74643.97606996307	5375.474368869495	1
19812	74643.96894648339	5375.473997089542	1
19813	75727.41506786214	5244.85672218133	1
19814	75727.44560432283	5244.846166968466	1
19815	75728.61872830556	5244.472261051481	1
19816	75727.42002322426	5244.85877772834	1
19817	75728.59802035306	5244.472402508227	1
19818	75728.60347388097	5244.474154265823	1
19819	75738.8091064422	5242.374912292074	1
19820	75738.81480879884	5242.373997816854	1
19821	75740.14130440442	5241.99115162557	1
19822	75738.49604533799	5242.418622355321	1
19823	75739.39604332787	5241.981815567136	1
19824	75740.13865891029	5241.991503358741	1
19825	76616.40111211379	5125.846500017623	1
19826	76615.98245321389	5125.942025027337	1
19827	76630.97838384041	5121.321375902149	1
19828	76616.38566452195	5125.853921463007	1
19829	76631.08104949596	5121.361611823805	1
19830	76631.09470311884	5121.359491491662	1
19831	77750.9178184995	4948.410675575152	1
19832	77750.88802438602	4948.42138973606	1
19833	77751.91570372554	4948.074280795459	1
19834	77741.5488340811	4950.531702514542	1
19835	77751.62148365728	4948.137858378002	1
19836	77751.95823795558	4948.066149812313	1
19837	77768.90656260221	4944.372001164282	1
19838	77768.90487362922	4944.373230579533	1
19839	77770.13051622087	4944.118857596251	1
19840	77768.93650951702	4944.363579964935	1
19841	77770.07361696078	4944.133074101607	1
19842	77770.11541551538	4944.120184263146	1
19843	78125.77841356507	4831.758189569508	1
19844	78125.79680674133	4831.760106102452	1
19845	78120.81229497865	4831.946682657404	1
19846	78120.26872810523	4830.650804179278	1
19847	78112.07171102642	4833.195074001221	1
19848	78120.77588040516	4831.933368772961	1
19849	78169.29789489461	4818.867718143733	1
19850	78169.21349995205	4818.871102321196	1
19851	78175.92721590679	4817.319641324617	1
19852	78175.89961417991	4817.333425732754	1
19853	80222.97851203516	4254.276559719142	1
19854	80222.94856512034	4254.284980918043	1
19855	77850.39124918432	4550.126062805931	1
19856	77850.37977603258	4550.111533909041	1
19857	77857.37580600072	4549.345459879222	1
19858	77844.88347488781	4550.800781913206	1
19859	77855.82256214635	4549.701175603312	1
19860	77857.38082594721	4549.346102209149	1
19861	77647.84173231322	4484.478580384727	1
19862	77647.88664313499	4484.473974240982	1
19863	77645.71262372565	4484.217976756105	1
19864	77647.83757103694	4484.478359965135	1
19865	77645.67372577527	4484.219739041262	1
19866	77645.71677648142	4484.21338568512	1
19867	77519.54471448209	4410.325732535783	1
19868	77519.56653972104	4410.331416481366	1
19869	77519.00556481408	4410.28883602916	1
19870	77519.03845511097	4410.285646873645	1
19871	77501.66073773452	4375.090261203381	1
19872	77499.1874178914	4374.624721324489	1
19873	77499.02180112596	4374.041260443322	1
19874	77501.66448695411	4375.090409616172	1
19875	77501.53922314197	4374.331841617774	1
19876	77501.52357957675	4374.332014943416	1
19877	77502.90274048573	4306.80945274335	1
19878	77500.8265813961	4306.740941258529	1
19879	77480.75409267028	4260.370041029221	1
19880	77502.88662123575	4306.807036881251	1
19881	77557.01671952469	4277.029510157583	1
19882	77557.13103387674	4277.034763909754	1
19883	77672.29075534601	4256.241628121987	1
19884	77664.51218961994	4254.724079148656	1
19885	77732.85318790172	4260.948090260961	1
19886	77672.14300337975	4256.238999682031	1
19887	77781.61610551825	4268.612299527863	1
19888	77782.18411887367	4268.613240699752	1
19889	79195.68238405022	4269.025892087799	1
19890	79194.12556057883	4269.034635650606	1
19891	77979.46502349892	4194.831287383227	1
19892	77979.46427993983	4194.831084538625	1
19893	77980.30363653169	4194.598073099176	1
19894	77980.34672908811	4194.600597939608	1
19895	78463.05985718657	4223.766350179211	1
19896	79375.87177055556	4459.285710946516	1
19897	81099.58816351113	4496.825028382715	1
19898	78463.04381011665	4223.762688183545	1
19899	78464.70167080301	4224.229688789484	1
19900	78463.08864202403	4223.772974402366	1
19901	78464.72659580602	4224.231651209423	1
19902	78464.73477161553	4224.235066161341	1
19903	79092.65531619458	4320.642053247086	1
19904	78612.18247006962	4563.335686149098	1
19905	81379.30689245672	4486.457565977905	1
19906	79092.58079018764	4320.58389137236	1
19907	79092.80202266929	4320.909504493809	1
19908	79092.65035602159	4320.640687750721	1
19909	79092.79688203649	4320.815030925849	1
19910	79092.84746707109	4320.833572800377	1
19911	80072.46590947261	4387.737243508551	1
19912	80072.40741908032	4387.726769984883	1
19913	79389.50517216889	3912.942171704237	1
19914	79389.50375654356	3912.9013181358	1
19915	79398.40427029401	2986.841772910861	1
19916	79398.40904095996	2986.839562398929	1
19917	79397.89285558893	2986.153570909747	1
19918	79398.41378812416	2986.821460577382	1
19919	79397.89391573262	2986.163268576473	1
19920	79397.89404677687	2986.130438249033	1
19921	79544.34771093482	2871.577137947539	1
19922	79544.87559610826	2871.883329374132	1
19923	79544.13126246957	2870.179202431716	1
19924	79544.35827436973	2871.568627999303	1
19925	79544.28033878596	2870.369058038527	1
19926	79544.28819391289	2870.366425892115	1
19927	79683.81300757115	2823.283582750223	1
19928	79683.81948152132	2823.281077207337	1
19929	79684.92976352165	2823.335274778812	1
19930	79683.81148253742	2823.282796812299	1
19931	79684.93562547839	2823.327563292126	1
19932	79684.92912001611	2823.331477963598	1
19933	80028.58448235644	2715.413393698789	1
19934	80028.55408531846	2715.432212606491	1
19935	80029.50421350088	2715.018562417677	1
19936	80028.48319769383	2715.47523319996	1
19937	80029.44546480401	2714.989257214621	1
19938	80028.58485252719	2715.414137950519	1
19939	80029.50510843738	2715.020820454733	1
19940	80029.5079643185	2715.019409403436	1
19941	80118.65029461513	2698.609410092592	1
19942	80118.6516445888	2698.612518133804	1
19943	80118.66337726556	2698.588015881764	1
19944	80118.66028110427	2698.587913937582	1
19945	80328.37809594767	2692.018833370742	1
19946	80328.37757862109	2692.018805645489	1
19947	80329.41533679841	2691.988480993111	1
19948	80328.38610450149	2692.013992509605	1
19949	80329.41995074076	2691.986187139644	1
19950	80329.4213850525	2691.98735147686	1
19951	80347.28887861769	2692.222660463133	1
19952	80347.28891570918	2692.222707647878	1
19953	80348.29512900749	2692.178355788727	1
19954	80347.28575493075	2692.226860971892	1
19955	80348.26898575301	2692.25514892359	1
19956	80348.29524059908	2692.177967397056	1
19957	80407.1592768812	2687.354274276398	1
19958	80407.16061866208	2687.35138063995	1
19959	80407.79665933567	2686.69481687351	1
19960	80407.16109775077	2687.35294653404	1
19961	80407.77845548547	2686.694682454339	1
19962	80407.7811989105	2686.694873498448	1
19963	80518.87003675901	2689.100611016219	1
19964	80518.87156970426	2689.100632149353	1
19965	80519.9586494122	2689.028996799278	1
19966	80518.8706340387	2689.100813363048	1
19967	80519.95096104319	2689.03786338611	1
19968	80519.95666142681	2689.024133479085	1
19969	80699.07458537683	2701.77258551684	1
19970	80699.0748383489	2701.772888450609	1
19971	80699.89225527836	2702.388400866434	1
19972	80699.06971937639	2701.77752505788	1
19973	80699.89249684633	2702.386990365082	1
19974	80699.90400090825	2702.386903396254	1
19975	80806.75794425915	2717.213521000725	1
19976	80806.76208918577	2717.216003986277	1
19977	80807.1892057751	2717.24549998089	1
19978	80804.29056142026	2716.99366369097	1
19979	80806.51953203755	2717.142379950269	1
19980	80807.19113317743	2717.24591410979	1
19981	80955.42302531563	2761.332946373874	1
19982	80955.42139643815	2761.332291928123	1
19983	80956.44336447766	2761.481119368353	1
19984	80955.4187340755	2761.336312371131	1
19985	80956.44652631797	2761.482262118044	1
19986	80956.44729859108	2761.481159421506	1
19987	80992.07094127761	2769.007320215765	1
19988	80992.07545931125	2769.010371260953	1
19989	80993.05075793125	2769.432082938895	1
19990	80992.06627604092	2769.007053890562	1
19991	80993.03268694715	2769.428971438068	1
19992	80993.05199061072	2769.437806798661	1
19993	80999.12239996745	2771.795395455457	1
19994	80999.12265248224	2771.795632080791	1
19995	81000.16661257052	2771.918422599269	1
19996	80999.12307536887	2771.796203922099	1
19997	81000.16136104788	2771.914694962876	1
19998	81000.1675035329	2771.916468975644	1
19999	81002.16289410408	2772.681576645135	1
20000	81002.1641923149	2772.681793330819	1
20001	81003.15798634628	2773.13756332128	1
20002	81002.1270001551	2772.693027372585	1
20003	81003.14311075601	2773.145259057605	1
20004	81003.15761488682	2773.137848699657	1
20005	81020.21167349431	2780.18333201798	1
20006	81020.20877614926	2780.183698237781	1
20007	81021.12514193176	2780.678220706694	1
20008	81020.20634344028	2780.17905542493	1
20009	81021.11789237941	2780.680016672929	1
20010	81021.13548259903	2780.677933772503	1
20011	81084.94258858025	2804.038852384951	1
20012	81084.94183520047	2804.040490653403	1
20013	81085.96849978052	2804.285685247231	1
20014	81084.95104442333	2804.034004685546	1
20015	81085.97042115382	2804.285226687683	1
20016	81085.97623414733	2804.287980966565	1
20017	81090.89930187922	2806.791087147749	1
20018	81090.89748716151	2806.790655695372	1
20019	81091.85670493945	2807.33549398661	1
20020	81090.90054258762	2806.791611167125	1
20021	81091.85946285893	2807.33713948057	1
20022	81091.85917142034	2807.336647163908	1
20023	81117.69828551851	2820.254140647455	1
20024	81117.69769888441	2820.253767199394	1
20025	81118.7037014626	2820.743841272848	1
20026	81117.69849337498	2820.257114395797	1
20027	81118.70364639966	2820.743235148598	1
20028	81118.70095017651	2820.740964889143	1
20029	81141.42221026774	2832.877118241579	1
20030	81141.42290075228	2832.875243217931	1
20031	81142.433466402	2833.334143906029	1
20032	81141.42317136156	2832.884178549227	1
20033	81142.42504476249	2833.327272774938	1
20034	81142.44163065613	2833.339905273363	1
20035	81623.16032969544	3117.81377550087	1
20036	81623.16032969463	3117.813775500254	1
20037	81624.26350851968	3118.224996675038	1
20038	81623.13778544503	3117.763155419598	1
20039	81624.26597916149	3118.213614321633	1
20040	81624.27143707912	3118.22812914411	1
20041	81676.82044554449	3171.323439121324	1
20042	81676.82586986315	3171.330362526738	1
20043	81677.63813957159	3172.242049274745	1
20044	81676.82323592075	3171.312859364295	1
20045	81677.6606709825	3172.196365359848	1
20046	81677.64838298247	3172.258265135207	1
20047	81679.22612641763	3174.326333487448	1
20048	81679.22548823734	3174.326140620836	1
20049	81680.01214959251	3175.419298174156	1
20050	81679.25230686046	3174.240178030085	1
20051	81680.02384604688	3175.399728555327	1
20052	81680.00958321564	3175.41689578334	1
20053	81681.60156796011	3177.554608968924	1
20054	81681.60401641985	3177.560495791952	1
20055	81682.3733906722	3178.599371768863	1
20056	81681.60682215757	3177.523315655269	1
20057	81682.37564980355	3178.585375698298	1
20058	81682.37500984606	3178.586360331782	1
20059	81922.36215014121	3603.206640306091	1
20060	81922.38392308931	3603.215265530762	1
20061	81921.3215347958	3604.905561035544	1
20062	81922.73201546143	3602.98365835637	1
20063	81921.09204541746	3605.071298580149	1
20064	81921.74085347902	3604.710379677281	1
20065	81448.07369764225	3917.762149957673	1
20066	81448.0761989301	3917.754811828035	1
20067	82169.13500638481	3272.447697089098	1
20068	82169.16105217102	3272.419346155584	1
20069	82171.10080465209	3269.080884614722	1
20070	82169.22366474831	3272.412305703618	1
20071	82171.49476327532	3268.480070947287	1
20072	82171.12256163318	3269.085190995801	1
20073	82367.38912647287	3126.599097762904	1
20074	82367.47202072496	3126.399944765178	1
20075	82462.36347774998	3002.207242291494	1
20076	82367.38791429112	3126.599351217466	1
20077	82565.31434174319	3111.986313610361	1
20078	82459.30918195908	3002.754350260619	1
20079	82477.7734184658	2998.865053814468	1
20080	82462.39508906036	3002.193089040336	1
20081	82553.53268157953	3007.883834514477	1
20082	82553.57080673822	3007.848548545387	1
20083	82588.86376866768	3037.67706957154	1
20084	82588.84642741358	3037.667778998886	1
20085	82566.41147463862	3111.86465772937	1
20086	82565.31252306595	3111.99005281844	1
20087	82562.08293455822	3099.262570783264	1
20088	82562.08956055139	3099.261188236228	1
20089	82563.05530400062	3098.965910184521	1
20090	82562.29117145744	3098.848440263609	1
20091	82563.13990823925	3098.74949742942	1
20092	82563.05953508563	3098.966096572112	1
20093	82587.38840696373	3095.878665765737	1
20094	82587.43241819681	3095.804427318602	1
20095	82588.28564466705	3095.616135437175	1
20096	82587.38840696448	3095.878665765144	1
20097	82588.38348239468	3095.999288398009	1
20098	82588.38257033995	3096.000136815168	1
20099	82601.03615600115	3094.937394966207	1
20100	82600.99931693234	3094.221259703415	1
20101	82843.09719546017	3209.966666967211	1
20102	82601.03550273809	3094.937489862972	1
20103	82660.49385045993	3120.000596568524	1
20104	82660.49372247467	3120.000686869123	1
20105	82691.99706284789	3126.557301655474	1
20106	82691.968566361	3126.205981332684	1
20107	82705.3021964659	3133.289452880816	1
20108	82691.99775860755	3126.557684683316	1
20109	82705.1894699207	3133.820719893262	1
20110	82705.19365500752	3133.822270979264	1
20111	82714.64078268508	3137.720030257339	1
20112	82714.77071345341	3137.553802901827	1
20113	82715.18621826539	3136.155495015392	1
20114	82714.64199568721	3137.71999760869	1
20115	82715.31775245722	3138.588221093839	1
20116	82715.31830033992	3138.588513429655	1
20117	82786.52715472667	3176.776248040717	1
20118	82786.63081880828	3176.728837253977	1
20119	82799.15031092655	3181.368769401947	1
20120	82786.52970638138	3176.777715667045	1
20121	82798.64345569094	3182.450337534967	1
20122	82798.64570399158	3182.451482669333	1
20123	82843.05239644425	3210.086644364754	1
20124	82843.05165448826	3210.08598417756	1
20125	82890.96609730489	3251.23503794327	1
20126	82890.98264604935	3251.214249690298	1
20127	82892.16510539851	3250.595159933844	1
20128	82890.96478428441	3251.236314631531	1
20129	82891.96026135015	3251.798907517556	1
20130	82891.95955765428	3251.797955964832	1
20131	82986.18402358115	3338.255512571798	1
20132	82986.18767935375	3338.258677544593	1
20133	82987.14099691348	3338.725646021841	1
20134	82986.31183888373	3338.259738040503	1
20135	82987.19869289716	3338.651444424264	1
20136	82987.14081207832	3338.725301722999	1
20137	83005.79457251565	3360.816959338869	1
20138	83005.79483487306	3360.815427691798	1
20139	83006.632880427	3363.873878967791	1
20140	83007.75662454701	3359.286395015578	1
20141	83006.62726426363	3363.712157740356	1
20142	83006.63420313626	3363.875487969153	1
20143	83018.87945674203	3376.72647778182	1
20144	83019.09626932297	3373.177873308429	1
20145	83019.51715796231	3377.416158913465	1
20146	83018.88715581811	3376.731398770351	1
20147	83018.40079333086	3377.608713417223	1
20148	83018.40020958317	3377.607808490766	1
20149	83022.25300029106	3383.784152263316	1
20150	83021.96067192417	3379.56123649609	1
20151	83040.5576646644	3408.202785106413	1
20152	83022.25220808259	3383.783637106085	1
20153	83022.57957203931	3384.85758421262	1
20154	83022.5599345736	3383.480701894248	1
20155	83022.59567137953	3384.856800930525	1
20156	83022.58497952903	3384.861310805581	1
20157	83041.73461635795	3411.022895715649	1
20158	83041.7367315368	3411.024715959437	1
20159	83097.85921937868	3487.98675888295	1
20160	83097.85976222117	3487.986669174596	1
20161	83098.29827586142	3488.866835124508	1
20162	83098.26601724874	3487.798016067152	1
20163	83098.31782397674	3488.693996521288	1
20164	83098.29820163012	3488.871885677833	1
20165	83134.03305344941	3565.174290446932	1
20166	83134.13446144306	3565.165624655277	1
20167	83135.8941246972	3570.288003196362	1
20168	83134.03217071528	3565.1719928619	1
20169	83135.86161602003	3570.436161605228	1
20170	83135.86331127858	3570.436925681091	1
20171	83194.17991818115	3734.543952158483	1
20172	83194.21187605587	3734.509712327535	1
20173	83195.14922672877	3735.02243234399	1
20174	83194.1827653044	3734.544811724948	1
20175	83194.95448567183	3735.226642904882	1
20176	83195.14927496162	3735.026215222232	1
20177	83203.06194969465	3762.624385110024	1
20178	83204.55841707496	3761.550828549343	1
20179	83205.54537593544	3760.738941552524	1
20180	83203.06203580089	3762.624114806042	1
20181	83203.76784881507	3762.759997996751	1
20182	83203.77155788057	3762.767139245381	1
20183	83221.91100520833	3876.245028396045	1
20184	83221.90051147074	3876.248200829234	1
20185	83223.32146041637	3876.532769231989	1
20186	83221.9516648018	3876.2208339589	1
20187	83224.73809249839	3875.634816363702	1
20188	83223.32114726934	3876.532231008182	1
20189	83218.48726307816	3925.60897019525	1
20190	83218.48675702728	3925.612311700525	1
20191	83218.4695852251	3926.701548423493	1
20192	83218.48285166	3925.605381666485	1
20193	83218.46906201023	3926.698638400897	1
20194	83218.46958522411	3926.701548423797	1
20195	83217.22115176031	3975.25607607052	1
20196	83217.22253674461	3975.254079511427	1
20197	83217.23520262813	3976.316514057909	1
20198	83217.62460404879	3975.092813542135	1
20199	83217.78693241719	3976.096251274557	1
20200	83217.23497912753	3976.316564327366	1
20201	83216.69315615215	3979.87763891179	1
20202	83216.6739316337	3979.888344852166	1
20203	83217.63266336068	3980.220368233207	1
20204	83217.58686200733	3979.636124551286	1
20205	83219.21054680337	3979.379973951187	1
20206	83217.6325941495	3980.222564689928	1
20207	83216.64872893452	3984.387468174022	1
20208	83216.65060220368	3984.392895647934	1
20209	83216.75862690574	3985.410300226534	1
20210	83218.00492155179	3983.304333365656	1
20211	83217.14496861096	3985.171434330632	1
20212	83216.76138884877	3985.408515718594	1
20213	83172.10994694044	4125.118454331098	1
20214	83172.11852082639	4125.119417390792	1
20215	83171.87944831612	4126.3132757072	1
20216	83172.11508346861	4125.120917284844	1
20217	83171.88066644268	4126.3164968417	1
20218	83171.87895953248	4126.314238176967	1
20219	83148.74130677909	4179.875547452136	1
20220	83148.73580697662	4179.882329160361	1
20221	83148.83168544335	4180.878579363767	1
20222	83148.90756274789	4179.884230987833	1
20223	83149.01344733365	4180.802912526647	1
20224	83148.81545715139	4180.888372318662	1
20225	83117.43565497344	4237.139294685876	1
20226	83117.4788828204	4237.132976130559	1
20227	83115.74657549191	4238.057439190656	1
20228	83117.76312059682	4237.065267413001	1
20229	83116.8461084271	4238.174228176869	1
20230	83115.74175286957	4238.061618065673	1
20231	83060.12993902061	4299.35686173944	1
20232	83060.18500924075	4299.378675454276	1
20233	83059.74814377091	4300.534849824448	1
20234	83060.12855974288	4299.359130548009	1
20235	83059.68237032002	4300.53445410913	1
20236	83059.68409393402	4300.531226047653	1
20237	82976.22149459727	4375.152724854502	1
20238	82976.31753016193	4375.161717635995	1
20239	82975.20330262854	4375.939217609702	1
20240	82976.26102436671	4375.155557630243	1
20241	82975.18038996385	4375.924929031279	1
20242	82975.18875854556	4375.945023182363	1
20243	82908.18568423641	4417.098352054772	1
20244	82908.69964468706	4417.119630434409	1
20245	82907.38786094147	4417.938597774223	1
20246	82908.1840060089	4417.101491226729	1
20247	82907.06035436626	4417.967364146366	1
20248	82907.02042396332	4417.98424265839	1
20249	82720.7990626159	4525.85004425395	1
20250	82721.72751113924	4525.961856983648	1
20251	82715.90334538178	4526.203022654654	1
20252	82720.79559359641	4525.853210997841	1
20253	82717.17681613954	4525.489111577743	1
20254	82725.41441475088	4526.700990506014	1
20255	82726.59893948538	4525.229821871348	1
20256	82717.17681625573	4525.489111511815	1
20257	82198.9903542251	4586.727572414981	1
20258	82198.93299254467	4586.7088939129	1
20259	82190.73205347289	4585.835399419909	1
20260	82199.11052486004	4586.733859656683	1
20261	82191.60657477798	4585.962993024964	1
20262	82191.0951883581	4585.896580488319	1
20263	81195.31420288247	4434.376742713813	1
20264	81195.32541335333	4434.374988900669	1
20265	80474.10717114602	4303.100672168615	1
20266	80484.73615044873	4305.079245670298	1
20267	81860.67925388587	4633.349183292261	1
20268	81860.03958384675	4633.144270694403	1
20269	81858.03053858172	4632.657249389245	1
20270	81858.0877092235	4632.64429459866	1
20271	82731.62385562836	5014.651381945168	1
20272	82732.04791433126	5014.785171016411	1
20273	82733.83949966507	5015.760925523084	1
20274	82731.63004997035	5014.656167893455	1
20275	82731.74728831829	5015.597102068647	1
20276	82731.7804636003	5015.606496178642	1
20277	82793.4549259069	5042.387922511615	1
20278	82793.68125942553	5042.428030604754	1
20279	82817.91873904306	5048.240003002813	1
20280	82793.53276540502	5042.409064816134	1
20281	82793.49940081878	5043.620909546901	1
20282	82793.61307943059	5043.662212879166	1
20283	83198.10218154959	5257.955848477069	1
20284	83198.11127617909	5257.96209117472	1
20285	83199.69167497964	5258.857563120706	1
20286	83198.64281829871	5258.154303794332	1
20287	83210.94831470196	5263.403212180199	1
20288	83199.68506364949	5258.851043403012	1
20289	83218.76848456822	5268.596489102716	1
20290	83218.79543101334	5268.60369623599	1
20291	83222.70280554035	5269.749588983249	1
20292	83221.12519249885	5269.385423255665	1
20293	83223.62669255835	5269.843356518947	1
20294	83222.69807366346	5269.741849512888	1
20295	83254.00863100891	5285.287522797434	1
20296	83254.06178225303	5285.308562078055	1
20297	83255.23216673627	5285.882197757089	1
20298	83254.03018141852	5285.298352470851	1
20299	83255.23224870098	5285.879990608454	1
20300	83255.22816578788	5285.878119279289	1
20301	83266.84834953467	5291.040178777717	1
20302	83266.87335640477	5291.046144029294	1
20303	83267.99301723053	5291.728928449888	1
20304	83268.05070698884	5291.755430568426	1
20305	83268.49148092081	5292.126069079422	1
20306	83267.03241132852	5291.090139593272	1
20307	83268.58923296386	5291.772808295581	1
20308	83268.00707556552	5291.739546705585	1
20309	83268.52066617814	5292.137635521481	1
20310	83268.52284654783	5292.139012878385	1
20311	83274.88084553095	5295.028437985822	1
20312	83274.89051148138	5295.032332895003	1
20313	83275.46106725448	5295.300929663673	1
20314	83274.64597328554	5294.922697449922	1
20315	83275.71559672797	5295.415705794993	1
20316	83275.47300009453	5295.306660877879	1
20317	83487.86303811503	5397.572275536041	1
20318	83487.86117570841	5397.57105309652	1
20319	83488.23022426979	5397.748122974398	1
20320	83488.26627676957	5397.769740245944	1
20321	83489.80256462947	5398.6165376761	1
20322	83488.44870781281	5397.851551935234	1
20323	83489.83419822936	5398.628870254115	1
20324	83489.79829631007	5398.62087049674	1
20325	83631.10921865015	5461.898460207877	1
20326	83631.12225907517	5461.907325266443	1
20327	83632.10652575758	5462.498962977266	1
20328	83631.61947168945	5461.928711577638	1
20329	83632.28139406687	5462.475652119278	1
20330	83632.09932508157	5462.494005249048	1
20331	83663.72184952395	5477.736351673122	1
20332	83663.73170694301	5477.741062211134	1
20333	83664.14855316648	5477.939596400117	1
20334	83664.14855316549	5477.939596399896	1
20335	83753.62655578548	5516.52136790956	1
20336	83753.63242420292	5516.518935693151	1
20337	83789.62187530112	5538.824927417186	1
20338	83755.24179806199	5516.714951709649	1
20339	83791.40072682989	5539.171125690884	1
20340	83789.63414065196	5538.824888967591	1
20341	83845.72124466777	5564.33683808115	1
20342	83845.71399570635	5564.334198844073	1
20343	83846.7481990722	5565.01691976963	1
20344	83845.74090002972	5564.343957619796	1
20345	83846.80949799373	5565.03242753811	1
20346	83846.75345288048	5565.02101332965	1
20347	83860.4224205612	5571.332869557938	1
20348	83860.4239716726	5571.333311269274	1
20349	83861.56518760032	5571.954683423257	1
20350	83860.44106853183	5571.328033240099	1
20351	83861.59853461699	5571.965562639156	1
20352	83861.57033530314	5571.960001038356	1
20353	83950.13595407776	5612.225618087287	1
20354	83950.12856818223	5612.222762272001	1
20355	83951.31200735213	5612.738966118861	1
20356	83950.14186389395	5612.223845834154	1
20357	83951.3256314678	5612.741471073175	1
20358	83951.29515245173	5612.732909833173	1
20359	84000.24867082352	5634.053498592661	1
20360	84000.23596547532	5634.052446895821	1
20361	84001.1824219118	5634.698437309288	1
20362	84000.59867140127	5634.138694373569	1
20363	84001.20941523439	5634.714373847723	1
20364	84001.19697174995	5634.704715240679	1
20365	84006.8838391357	5637.026040098843	1
20366	84006.86572037474	5637.021439121516	1
20367	84008.03233392129	5637.690180934806	1
20368	84007.01345436054	5637.055745323007	1
20369	84008.06355226558	5637.705316620937	1
20370	84008.02121958835	5637.687502621253	1
20371	84044.88164048205	5652.793089995794	1
20372	84044.89163466421	5652.793481533559	1
20373	84045.97262480797	5653.457194449064	1
20374	84044.96893811249	5652.810803429863	1
20375	84046.18644556822	5653.527059102609	1
20376	84045.97420089995	5653.457899076915	1
20377	84084.56036107132	5669.366359588091	1
20378	84084.55405088118	5669.366351463918	1
20379	84085.46440856258	5669.776888945684	1
20380	84085.44365083909	5669.77136963543	1
20381	84209.40360096225	5722.010729767993	1
20382	84209.40388813982	5722.008832829818	1
20383	84210.39423308801	5722.748636497368	1
20384	84209.44355963945	5722.005873265434	1
20385	84210.42849132494	5722.774630608536	1
20386	84210.40436416899	5722.752772247601	1
20387	84329.27420152392	5769.096509726576	1
20388	84329.26911868062	5769.094271516587	1
20389	84330.45805460383	5769.380062834056	1
20390	84329.3333177712	5769.480586955575	1
20391	84330.93374171719	5769.456010993712	1
20392	84330.46039882529	5769.383058829941	1
20393	84408.32019147219	5803.353248515576	1
20394	84408.31632282404	5803.353069092347	1
20395	84408.40362854151	5803.406095076055	1
20396	84408.85098654352	5803.743102863449	1
20397	84411.83686135709	5804.565765538609	1
20398	84408.41423333343	5803.408369467714	1
20399	84411.45061052107	5804.425985053252	1
20400	84411.4501790136	5804.428376839776	1
20401	84493.31887811888	5835.979904818416	1
20402	84493.31784928124	5835.979843486228	1
20403	84494.58823496464	5836.275237729669	1
20404	84493.32754507905	5835.99345704396	1
20405	84494.62490098702	5836.28127674516	1
20406	84494.62721152528	5836.281032972042	1
20407	84559.23519681831	5860.336422116176	1
20408	84559.22777196561	5860.334958848169	1
20409	84560.30800992309	5860.900181737754	1
20410	84559.23210367194	5860.331701918285	1
20411	84560.32010648458	5860.902987018324	1
20412	84560.30547796912	5860.897334879735	1
20413	84612.79058893246	5881.692866642376	1
20414	84612.81568634958	5881.69824170301	1
20415	84613.86067650339	5882.214931234432	1
20416	84612.79251758906	5881.693718789342	1
20417	84613.86263277824	5882.217293424388	1
20418	84613.85878481774	5882.214498306012	1
20419	84740.28166098997	5925.489625435113	1
20420	84740.27933097584	5925.488715643001	1
20421	84741.42876721738	5925.919721226219	1
20422	84740.26805983577	5925.487900137436	1
20423	84741.44798620365	5925.918938401359	1
20424	84741.43142206653	5925.917290277122	1
20425	84750.3602462667	5929.159062949524	1
20426	84750.35797941824	5929.158126815495	1
20427	84751.43824365817	5929.646680964983	1
20428	84750.37178892177	5929.162062689763	1
20429	84751.43316394393	5929.645279267871	1
20430	84751.43835641415	5929.647160085172	1
20431	84773.80824745545	5937.190542939643	1
20432	84773.81321374315	5937.191162319255	1
20433	84774.92214510206	5937.737356350932	1
20434	84773.83035549597	5937.192175760341	1
20435	84774.92506631883	5937.751087816809	1
20436	84774.92737616354	5937.740052322722	1
20437	84840.79059387452	5957.640826709116	1
20438	84840.81190975814	5957.644574671693	1
20439	84841.02256213117	5957.714807778069	1
20440	84841.01454189862	5957.711951770119	1
20441	84845.74621205049	5959.487672492613	1
20442	84845.71683436417	5959.467762648804	1
20443	84847.69541921472	5960.208414320658	1
20444	84845.73573444219	5959.487175279146	1
20445	84847.18764105061	5960.010236803826	1
20446	84847.18457718747	5960.009578319345	1
20447	84847.56880265055	5960.156945801145	1
20448	84847.57858992874	5960.161396622902	1
20449	85144.18405214773	6074.096324375649	1
20450	85144.18784556398	6074.097050107616	1
20451	85144.67134172516	6074.496658433405	1
20452	85143.6851617049	6073.900099900546	1
20453	85144.68712230178	6074.428483246721	1
20454	85144.65779346391	6074.495720069716	1
20455	85145.23390512861	6074.594767867243	1
20456	85145.2371404834	6074.594572927411	1
20457	85163.25463133724	6082.346501203865	1
20458	85163.25948094623	6082.349473426615	1
20459	85164.33702753647	6082.802666050268	1
20460	85163.28210231103	6082.356307342435	1
20461	85164.34382660844	6082.80683402427	1
20462	85164.32801200205	6082.802503983397	1
20463	85192.84489419579	6093.225122497486	1
20464	85192.85032756662	6093.226727218455	1
20465	85193.6828467556	6093.97732132807	1
20466	85192.87639193353	6093.227106234927	1
20467	85193.69650005642	6093.98968044651	1
20468	85193.68284094735	6093.97741576278	1
20469	85308.99674064259	6132.300816050922	1
20470	85308.9967405558	6132.300816023462	1
20471	85323.76224489103	6139.272096031624	1
20472	85309.33443135832	6132.303742304677	1
20473	85323.76237815979	6139.274581564827	1
20474	85323.76009516022	6139.271569865692	1
20475	85518.19486873207	6212.669388876344	1
20476	85518.29028358823	6212.687835871448	1
20477	85529.20516289852	6218.004690373946	1
20478	85518.19672243152	6212.671294421218	1
20479	85529.02856481605	6217.954387238169	1
20480	85529.02967706649	6217.954852050635	1
20481	85530.99934727926	6218.928254391873	1
20482	85532.27153596305	6219.248382568725	1
20483	85532.07661755709	6219.426755720902	1
20484	85531.02342491405	6218.931898319479	1
20485	85532.05904500239	6219.385767051654	1
20486	85532.05904500338	6219.385767051836	1
20487	85537.57915036648	6221.550612043122	1
20488	85537.92426263925	6221.639178381456	1
20489	85552.22500185802	6226.411508227076	1
20490	85537.57937212428	6221.550779638201	1
20491	85551.98832287826	6226.44225692674	1
20492	85551.98652940127	6226.442223484021	1
20493	85577.24455613748	6237.914872388084	1
20494	85577.24721205415	6237.91782219032	1
20495	85578.35263894207	6238.245450031786	1
20496	85577.24964755395	6237.917186150453	1
20497	85578.39815479418	6238.256389778453	1
20498	85578.34920205094	6238.242420584911	1
20499	85676.77525209717	6273.640124392417	1
20500	85676.77173093421	6273.639380175115	1
20501	85678.68819674727	6274.326658448035	1
20502	85678.6881967482	6274.326658448241	1
20503	86063.64312987996	6411.645744619012	1
20504	85678.3159350715	6274.250424397209	1
20505	85694.91261251993	6281.972326487826	1
20506	85694.91953743919	6281.975530034014	1
20507	85695.92050959705	6282.392299560188	1
20508	85694.90526609845	6281.969265212922	1
20509	85695.92472024786	6282.390101321689	1
20510	85695.92380088929	6282.390457432616	1
20511	85746.07708813756	6301.529152360828	1
20512	85746.0754801752	6301.528469710681	1
20513	85747.17027129681	6301.94154470577	1
20514	85746.07929042052	6301.530174805588	1
20515	85747.16205481713	6301.941497660474	1
20516	85747.17127975449	6301.942538027835	1
20517	85758.86202340131	6306.238216244106	1
20518	85758.86160022102	6306.239215868439	1
20519	85759.86414924607	6306.565927920808	1
20520	85758.88214201841	6306.245728380896	1
20521	85759.85438101407	6306.56012525705	1
20522	85759.86464142299	6306.563376190495	1
20523	85848.49994948745	6338.44473393692	1
20524	85848.51095233619	6338.447378290263	1
20525	85849.58008272544	6338.613407829449	1
20526	85848.50653895293	6338.448225389157	1
20527	85849.55701155739	6338.597058511295	1
20528	85849.58008272637	6338.613407829727	1
20529	85897.92979792727	6354.192443237799	1
20530	85897.92737320252	6354.190295787937	1
20531	85898.47939576575	6354.419962188861	1
20532	85897.65083021199	6354.091520187347	1
20533	85898.71840119595	6354.528479477681	1
20534	85898.48745855625	6354.424620469179	1
20535	85909.41731722676	6358.420912836424	1
20536	85909.42121132714	6358.422441671048	1
20537	85910.43191716127	6358.740337346964	1
20538	85909.42915776453	6358.424982862965	1
20539	85910.42876071244	6358.739091326936	1
20540	85910.43231900805	6358.740228962166	1
20541	85952.49193667987	6373.29987633287	1
20542	85952.49664179463	6373.301641950547	1
20543	85953.54758837505	6373.711427440792	1
20544	85952.48732430686	6373.307756910147	1
20545	85953.54871888808	6373.727698742581	1
20546	85953.54961643356	6373.72814974299	1
20547	85985.20805126411	6384.029116357427	1
20548	85985.20790785633	6384.029096512964	1
20549	85986.38702779915	6384.247676789075	1
20550	85985.2016477565	6384.032314488979	1
20551	85986.29624697618	6384.233907896083	1
20552	85986.38427452592	6384.247604985998	1
20553	86040.1021727742	6402.467125542523	1
20554	86040.11138883571	6402.470565433141	1
20555	86041.30617622938	6402.490899171518	1
20556	86040.06665765762	6402.457880973111	1
20557	86041.19638188567	6402.439849337872	1
20558	86041.30378428678	6402.491068858411	1
20559	86063.15128501487	6411.423013498952	1
20560	86063.15235159075	6411.423458089934	1
20561	86590.88884727465	6546.157696665616	1
20562	86591.24595538795	6547.713592598972	1
20563	86657.34547953046	6563.379300180201	1
20564	86590.89317003114	6546.158991704649	1
20565	86657.35026602086	6563.375857115587	1
20566	86657.36083986994	6563.37607077607	1
20567	86667.22278498014	6566.448723956703	1
20568	86667.23548146675	6566.46022458251	1
20569	86733.29873471981	6582.825792191195	1
20570	86667.22332186985	6566.448873462107	1
20571	86733.30829901941	6582.826810477933	1
20572	86733.30790178495	6582.8266367096	1
20573	86734.404444655	6583.207981652251	1
20574	86734.40125667618	6583.21435677246	1
20575	86735.569414503	6583.556633852201	1
20576	86734.40444465564	6583.20798165144	1
20577	86735.51517974719	6583.502272699605	1
20578	86735.50814241346	6583.501745515374	1
20579	86828.42289245821	6607.208351506994	1
20580	86828.42771020177	6607.209310236468	1
20581	86829.41536197695	6607.605540875054	1
20582	86830.8752153659	6607.316465744513	1
20583	86830.65501251811	6608.88381266326	1
20584	86829.42835727392	6607.60750246009	1
20585	86964.86480269168	6640.372671346984	1
20586	86964.87152051181	6640.372898134374	1
20587	86965.99301224487	6640.509383417959	1
20588	86964.86527168885	6640.375560273153	1
20589	86965.96208771429	6640.489767045286	1
20590	86965.99765401875	6640.510922874774	1
20591	86995.26664961403	6649.58617103388	1
20592	86995.67394545529	6649.707396641022	1
20593	86996.00035820721	6649.218792886382	1
20594	86995.27784940629	6649.587212354143	1
20595	86996.13704333373	6649.26981748109	1
20596	86996.13376122387	6649.26923821987	1
20597	87107.07971220766	6680.391712201345	1
20598	87107.08121692255	6680.391623839258	1
20599	87108.09752238943	6680.807455783981	1
20600	87107.09794577624	6680.394142581203	1
20601	87108.10172874574	6680.809604839053	1
20602	87108.09874925722	6680.808969348866	1
20603	87145.88041352731	6692.925012262509	1
20604	87145.8775274122	6692.924587565351	1
20605	87146.90596372919	6693.333963257472	1
20606	87146.1403774778	6693.023365388517	1
20607	87147.03462265944	6693.376671952537	1
20608	87146.8957917777	6693.332195634966	1
20609	87153.1283051655	6695.112188180181	1
20610	87153.12871988188	6695.112730640375	1
20611	87154.17568439554	6695.438159855694	1
20612	87154.07990372996	6696.621816092835	1
20613	87154.38574209058	6695.684412970768	1
20614	87154.17475211952	6695.43794901042	1
20615	87155.18357702874	6695.820935805883	1
20616	87155.1866570866	6695.822695226876	1
20617	87156.3001581023	6696.342870811972	1
20618	87155.58303238935	6696.393585649699	1
20619	87156.35467340593	6696.433480512405	1
20620	87156.29694772977	6696.341948438452	1
20621	87216.03524455224	6715.008436053877	1
20622	87216.06481636415	6715.020796174555	1
20623	87216.78746734321	6715.867138703976	1
20624	87216.02900988766	6715.007716637099	1
20625	87216.70440358063	6715.771692163851	1
20626	87216.70943820849	6715.774163851094	1
20627	87311.07369247579	6741.309460410134	1
20628	87311.24760412978	6741.357450830019	1
20629	87312.08606982091	6741.049850997108	1
20630	87311.07876741327	6741.309570115376	1
20631	87312.11889949651	6741.099709384076	1
20632	87312.12087288784	6741.10120685931	1
20633	87471.35188115371	6789.340448192507	1
20634	87471.34985902376	6789.340471089732	1
20635	87472.33283505082	6789.496798784803	1
20636	87471.54762775468	6789.438897012149	1
20637	87472.33959630074	6789.528687622526	1
20638	87472.33565197419	6789.498141303031	1
20639	87477.80566426483	6790.456780096187	1
20640	87477.81261616875	6790.458734823234	1
20641	87478.57508421439	6790.761316761813	1
20642	87477.80509654811	6790.455605287827	1
20643	87478.57482886064	6790.762092780148	1
20644	87478.57464416098	6790.762068632366	1
20645	87480.88396198058	6791.633235736406	1
20646	87480.89325510006	6791.636243337893	1
20647	87481.80994950706	6791.988939966126	1
20648	87481.0135357182	6791.698670411104	1
20649	87481.81361836498	6791.995725833721	1
20650	87481.81498706917	6791.989860543072	1
20651	87525.23861045128	6805.507888242941	1
20652	87525.23887800798	6805.507974538219	1
20653	87526.04827079241	6805.477447129178	1
20654	87525.33456692367	6805.619564589155	1
20655	87526.01998119248	6805.476690283627	1
20656	87526.04320410686	6805.478902118829	1
20657	87528.16710302501	6806.422588299348	1
20658	87528.16787406651	6806.422782161211	1
20659	87529.15466067183	6806.627303722045	1
20660	87528.20974243979	6806.531942925869	1
20661	87529.14046147984	6806.630652136238	1
20662	87529.15182861086	6806.626819888555	1
20663	87531.30109878635	6806.999254502223	1
20664	87531.29888262087	6806.998636841687	1
20665	87532.368870607	6807.361800677245	1
20666	87531.26225573587	6807.094790436226	1
20667	87532.3276788154	6807.392678761693	1
20668	87532.36781817081	6807.361534653948	1
20669	87563.3902405019	6816.732173523686	1
20670	87563.38027535402	6816.737697350572	1
20671	87564.7633282048	6817.036997037583	1
20672	87563.38767491863	6816.731765345165	1
20673	87564.5475072905	6816.819366521042	1
20674	87564.54786798946	6816.819588825259	1
20675	87566.67192357953	6817.252523230381	1
20676	87566.67030184355	6817.252956268798	1
20677	87567.68544047355	6817.667807324106	1
20678	87566.67005144199	6817.252947055063	1
20679	87567.72807374579	6817.58506495389	1
20680	87567.72460403445	6817.58413408088	1
20681	87639.81233187695	6840.819740247716	1
20682	87639.79652067082	6840.81599988268	1
20683	87640.71981121792	6840.496468084836	1
20684	87640.08908168512	6841.004348203687	1
20685	87640.66159255436	6840.525164652862	1
20686	87640.72520566243	6840.497986324044	1
20687	87649.23145851068	6842.272917360745	1
20688	87649.23558864288	6842.256095842038	1
20689	87649.92192532646	6843.743643015061	1
20690	87649.23102209333	6842.272804516461	1
20691	87649.91105014505	6843.314262334334	1
20692	87649.90860686643	6843.308785605452	1
20693	87746.34146499273	6863.227359588229	1
20694	87746.34205766348	6863.227443117727	1
20695	87747.33396196947	6863.650393449949	1
20696	87746.3523730812	6863.228490788152	1
20697	87747.31972095749	6863.676340848291	1
20698	87747.34465747734	6863.652629437269	1
20699	87800.84831286687	6876.594803938084	1
20700	87800.84831286583	6876.594803938036	1
20701	87801.91139988916	6876.874235769254	1
20702	87800.85028956557	6876.598148405985	1
20703	87801.90708997543	6876.880307448277	1
20704	87801.90708997613	6876.880307447596	1
20705	87810.47789934982	6878.942902487269	1
20706	87810.47876413446	6878.943011784968	1
20707	87811.46970843821	6879.335280424057	1
20708	87810.46907715389	6878.939637573003	1
20709	87811.47964799131	6879.335250129825	1
20710	87811.48115663033	6879.335425067469	1
20711	87840.72537995363	6889.738985412759	1
20712	87840.10425466055	6894.799253982344	1
20713	87845.44412886392	6892.292497345714	1
20714	87840.72433519585	6889.739102873873	1
20715	87845.32474262558	6889.354762203484	1
20716	87845.3261973047	6889.355747542406	1
20717	87846.12843439629	6890.155341515243	1
20718	87845.33930945728	6889.330908620665	1
20719	87846.12535832374	6890.160033630607	1
20720	87846.13106288691	6890.155099167843	1
20721	87923.52326801699	6904.248375504177	1
20722	87923.53939877573	6904.250603987975	1
20723	87924.50620271557	6904.722474460166	1
20724	87923.5260045242	6904.248656087013	1
20725	87924.50798639149	6904.722561011409	1
20726	87924.51318928559	6904.723485038196	1
20727	87998.25681092084	6921.813953220175	1
20728	87998.24938511767	6921.812427189086	1
20729	87999.31293277344	6922.067462541781	1
20730	87998.29157927737	6921.862225418143	1
20731	87999.29971803032	6922.069434632615	1
20732	87999.31758528331	6922.06797946497	1
20733	88024.1484324109	6927.033979484018	1
20734	88024.14329877868	6927.032657780419	1
20735	88025.23858773912	6927.299190425139	1
20736	88024.14940934064	6927.034121513147	1
20737	88025.22640889691	6927.302354636193	1
20738	88025.23180721595	6927.299036989679	1
20739	88148.44111731683	6950.011039702338	1
20740	88148.44482217211	6950.0116264508	1
20741	88149.49220112705	6949.952406663404	1
20742	88148.45680695225	6950.017588628563	1
20743	88149.49168589379	6949.976147804839	1
20744	88149.49778385827	6949.953386086363	1
20745	88211.94617255806	6960.134614885177	1
20746	88211.95985585498	6960.136680495492	1
20747	88213.00355368317	6960.206943972567	1
20748	88211.96114989434	6960.13888265706	1
20749	88213.0125957891	6960.209502581124	1
20750	88213.00303277897	6960.206853908408	1
20751	88243.51021617034	6965.481536246766	1
20752	88243.51160634967	6965.481740978743	1
20753	88244.55429118336	6965.795035177004	1
20754	88243.50343943841	6965.480642018858	1
20755	88244.54491415102	6965.799137825705	1
20756	88244.55519728694	6965.795342319811	1
20757	88292.55529568257	6974.580044219259	1
20758	88292.55302808643	6974.579761541799	1
20759	88293.65243022412	6974.96197818652	1
20760	88292.554046673	6974.580700377192	1
20761	88293.64860592544	6974.963988163488	1
20762	88293.6525545218	6974.961661789483	1
20763	88368.88753219519	6987.034365182699	1
20764	88368.89600512182	6987.036312660209	1
20765	88369.98756909341	6987.20687419298	1
20766	88368.91439710668	6987.045140561217	1
20767	88369.99313725968	6987.209379960837	1
20768	88369.99500813696	6987.207456806176	1
20769	88412.52672403451	6996.177070060598	1
20770	88412.57833085075	6996.334766802712	1
20771	88413.62988972815	6996.606081247358	1
20772	88412.52634244086	6996.176500413361	1
20773	88413.57764880382	6996.539393007215	1
20774	88413.58141605835	6996.53992381798	1
20775	88548.98405437701	7014.138184429789	1
20776	88548.98779969348	7014.138870936657	1
20777	88550.0236991992	7014.517415721653	1
20778	88548.98605766788	7014.13840242625	1
20779	88550.03481814591	7014.519290050548	1
20780	88550.03711514431	7014.518238110519	1
20781	88593.95358994964	7021.443039398089	1
20782	88593.95477719948	7021.443361948215	1
20783	88595.05751279369	7021.334181927961	1
20784	88593.95440947631	7021.444094390294	1
20785	88595.06058627408	7021.336077786649	1
20786	88595.06226763083	7021.336335058269	1
20787	88779.94478847325	7049.653559173681	1
20788	88779.95587328088	7049.654509266549	1
20789	88781.05970034376	7049.744636127511	1
20790	88779.98476177861	7049.669077269618	1
20791	88781.04853979714	7049.757955721936	1
20792	88781.06345638778	7049.7444615231	1
20793	88821.10830503819	7056.413652836981	1
20794	88821.10766833386	7056.415130092654	1
20795	88822.28992029087	7056.052033452852	1
20796	88820.37138466816	7057.831709776902	1
20797	88822.26361534343	7056.24331233775	1
20798	88822.29413186084	7056.052625605787	1
20799	88923.52629372414	7067.622281540517	1
20800	88923.51074683928	7067.620315356661	1
20801	88924.61640195071	7067.893542897831	1
20802	88924.89227836503	7069.300490083708	1
20803	88924.4671052004	7068.290000319947	1
20804	88924.62386269175	7067.894013026858	1
20805	88943.71002659085	7068.95990950539	1
20806	88943.7095019382	7068.959972834553	1
20807	88945.65894569695	7069.187081588617	1
20808	88945.66021483031	7069.187503514864	1
20809	89176.48229623702	7107.480574853591	1
20810	89176.42634235311	7107.704029344155	1
20811	89199.15750654053	7108.507029841914	1
20812	89176.48159436305	7107.480464375749	1
20813	89199.22276561434	7108.473130878135	1
20814	89199.22388469341	7108.473681757752	1
20815	89250.11484931153	7110.785798500416	1
20816	89250.11569665076	7110.785928902971	1
20817	89251.19690093846	7111.121055406296	1
20818	89250.11426344066	7110.785871416681	1
20819	89251.19152442255	7111.11428687156	1
20820	89251.19332952	7111.114560712354	1
20821	89519.4706969352	7140.72081940786	1
20822	89519.47766005923	7140.721513139202	1
20823	89520.50914427044	7140.961929595042	1
20824	89519.47868269205	7140.730149032998	1
20825	89520.34475767025	7141.004218399672	1
20826	89520.51481024671	7140.962954205826	1
20827	89563.40058335121	7145.174896925767	1
20828	89563.3998125135	7145.174760642971	1
20829	89564.53708963457	7145.146714135219	1
20830	89563.39685767796	7145.176192267038	1
20831	89564.52396993886	7145.147944800991	1
20832	89564.5364346705	7145.146679531072	1
20833	89665.38556249149	7155.515791902359	1
20834	89665.40497097641	7155.533079362727	1
20835	89666.45056924806	7155.613432723998	1
20836	89665.38472092035	7155.515820223009	1
20837	89666.45535452478	7155.611837871031	1
20838	89666.4581165564	7155.61213758874	1
20839	89706.99511055666	7159.464897758125	1
20840	89707.00228235184	7159.466459611551	1
20841	89707.97465447668	7159.953058012356	1
20842	89706.99118216534	7159.463749597907	1
20843	89707.97903485142	7159.954544245633	1
20844	89707.97498907667	7159.951288572816	1
20845	90232.12715276616	7191.613105637471	1
20846	90232.13889556116	7191.614128540607	1
20847	90233.25921752467	7191.480737296857	1
20848	90232.1423400343	7191.625477742997	1
20849	90233.26197374344	7191.480684384114	1
20850	90233.26172625553	7191.481274756301	1
20851	90256.33188296267	7192.754150215251	1
20852	90256.33667213161	7192.75507520865	1
20853	90257.37857072853	7193.060120027103	1
20854	90256.34103219578	7192.757558714716	1
20855	90257.43236810563	7193.04675390032	1
20856	90257.42942814442	7193.046591405438	1
20857	90356.61728257179	7199.308476432403	1
20858	90356.6209203403	7199.30944799035	1
20859	90357.37475666148	7199.473368889496	1
20860	90356.61089009815	7199.309178512493	1
20861	90357.38524953829	7199.475894649428	1
20862	90357.38524953736	7199.475894649238	1
20863	90401.70697550697	7203.253860476902	1
20864	90401.70942684641	7203.25379558389	1
20865	90402.38578346238	7203.300179145601	1
20866	90401.79749122303	7203.260157483163	1
20867	90402.2159004556	7203.289537033665	1
20868	90402.22235102946	7203.289556926291	1
20869	90405.04497453175	7203.531884351969	1
20870	90405.05332429614	7203.532665641808	1
20871	90405.88314687926	7203.636460426234	1
20872	90405.04431181401	7203.531771622081	1
20873	90405.88243225927	7203.635951417547	1
20874	90405.87683670322	7203.635758972774	1
20875	90492.73252252804	7217.051881663781	1
20876	90492.73957420548	7217.052558192499	1
20877	90493.81463148794	7216.959909058602	1
20878	90492.70378136984	7217.083694145302	1
20879	90493.69818735856	7216.956516639482	1
20880	90493.82321224594	7216.960793761324	1
20881	90755.89134974679	7231.605068693856	1
20882	90755.89577439043	7231.605789142659	1
20883	90756.70047165448	7231.800829298341	1
20884	90755.89720265777	7231.62708558602	1
20885	90756.53670165234	7231.820290180167	1
20886	90756.68881774246	7231.799040893562	1
20887	90785.09184279945	7233.916522271182	1
20888	90785.07926617184	7233.911072609297	1
20889	90785.37730858847	7234.455514270651	1
20890	90785.08691244875	7233.916316618767	1
20891	90786.17726099206	7234.343946252356	1
20892	90786.17313383659	7234.343687490208	1
20893	90871.85537591204	7239.353375071594	1
20894	90871.74586821039	7239.367295001718	1
20895	90873.14970280189	7238.663947938992	1
20896	90871.8571339823	7239.353598782331	1
20897	90873.16321100417	7238.67490326537	1
20898	90873.1636974556	7238.674839541044	1
20899	90942.63614445867	7244.973061642515	1
20900	90942.66122424626	7244.974292659482	1
20901	90943.32217349997	7244.902093024318	1
20902	90942.6402268394	7244.973079237019	1
20903	90943.39132261841	7244.905586672123	1
20904	90943.34151901305	7244.903036024132	1
20905	91769.4047770708	7313.252590632273	1
20906	91769.41147089208	7313.252863666818	1
20907	91769.86466412805	7313.233830963059	1
20908	91769.42383704754	7313.253057326311	1
20909	91769.85552787385	7313.235696727162	1
20910	91769.88425197924	7313.233308629055	1
20911	92125.11305461026	7311.876399668074	1
20912	92125.15281857969	7311.877877130959	1
20913	92124.0673184651	7311.767451013646	1
20914	92104.12847335025	7310.648770196964	1
20915	92120.28359694825	7311.655896765738	1
20916	92124.06579296739	7311.768105670269	1
20917	92194.94113568129	7309.45352705075	1
20918	92194.87612594955	7309.453064971805	1
20919	92196.48268949793	7309.143344532774	1
20920	92190.37946012558	7309.130498097098	1
20921	92195.34322493518	7309.082840583298	1
20922	92196.51496633847	7309.144147817055	1
20923	92274.62895851256	7306.465625230249	1
20924	92274.90007960511	7306.47354859585	1
20925	92279.7987900094	7306.883634468415	1
20926	92273.02008960949	7306.252530564383	1
20927	92259.97759678611	7304.175724443919	1
20928	92279.69565570581	7306.877499030235	1
20929	92744.55586161517	7325.982788447928	1
20930	92745.00158387423	7326.008790450076	1
20931	92256.57837607112	7242.620615510999	1
20932	92256.57837607211	7242.620615511076	1
20933	92269.92832203128	7245.225910809857	1
20934	92269.38411921973	7245.115204990772	1
20935	92321.34154939716	7255.413935883275	1
20936	92321.10520910617	7255.369773429865	1
20937	92047.72714966681	7145.493216406087	1
20938	92044.37606546399	7144.23320971698	1
20939	92045.45038147777	7144.52685860919	1
20940	92047.69031504105	7145.475234445172	1
20941	92047.00748190103	7144.925266289934	1
20942	92046.98546691239	7144.915596921595	1
20943	92025.31200377928	7123.338708834513	1
20944	92024.90708922228	7123.196201455551	1
20945	92022.3541960743	7120.888901821973	1
20946	92025.2843413431	7123.316917394749	1
20947	92023.22042099095	7121.337307453417	1
20948	92023.2209499547	7121.328920930268	1
20949	92007.11647436023	7049.390621782208	1
20950	92007.23512885784	7049.755031671873	1
20951	92005.02762676298	7046.335033004329	1
20952	92007.12135249417	7049.422978412465	1
20953	92005.13842713746	7046.468845067614	1
20954	92005.13842713682	7046.468845066842	1
20955	92071.46112729603	6884.257420414029	1
20956	92465.15731155704	7289.78044002092	1
20957	92998.96358555643	7364.257232135964	1
20958	92071.46141684469	6884.256633341325	1
20959	92071.87389746291	6883.305338302507	1
20960	92070.23238929798	6883.068594401429	1
20961	92071.40259936563	6879.175894931988	1
20962	92071.87446394761	6883.304067690617	1
20963	92121.43464863539	6820.53162271004	1
20964	92121.30160987156	6819.580557093203	1
20965	92122.18132744561	6820.221956021468	1
20966	92121.4301311294	6820.527956603915	1
20967	92122.30852685403	6820.386847392477	1
20968	92122.31014075154	6820.385237706845	1
20969	92155.68714427867	6793.625853342525	1
20970	92155.68549196742	6793.622346733549	1
20971	92156.46616532729	6793.059688183359	1
20972	92155.72787004936	6793.522601585213	1
20973	92156.49390816066	6792.831765240983	1
20974	92156.46527872153	6793.059279390056	1
20975	92212.27486248739	6758.895236954626	1
20976	92212.65579369786	6758.763075122617	1
20977	92213.63984954648	6758.403017756034	1
20978	92212.27588933421	6758.895567853824	1
20979	92213.21125096537	6758.997549145997	1
20980	92213.21260682051	6758.998317837445	1
20981	92232.5318187084	6750.133963887436	1
20982	92233.04870515579	6749.764685656222	1
20983	92233.72579141025	6749.923962238753	1
20984	92232.5329841295	6750.132506621407	1
20985	92232.91379752546	6749.578063389932	1
20986	92232.91497141111	6749.580157149215	1
20987	92452.24760942865	6688.024000152892	1
20988	92452.2491457368	6688.023562358896	1
20989	92452.45174548309	6687.100656590141	1
20990	92452.40220690484	6688.142601512047	1
20991	92452.45575307339	6687.119426184926	1
20992	92452.45223147387	6687.100490777648	1
20993	92630.30779713084	6654.563276572499	1
20994	92630.3080762765	6654.563395668845	1
20995	92631.24715702375	6655.179957949904	1
20996	92630.30305275688	6654.565978318524	1
20997	92631.25368646206	6655.195615459313	1
20998	92631.245570675	6655.177999789111	1
20999	92715.58064883325	6660.05824371229	1
21000	92715.58032015886	6660.057950430222	1
21001	92716.7464000847	6658.116285920407	1
21002	92715.61379497848	6660.116698949371	1
21003	92716.70801188215	6658.06927669059	1
21004	92716.74631910387	6658.116550576427	1
21005	92748.26213513239	6655.807257746563	1
21006	92748.3326884277	6656.250675871144	1
21007	92749.25341994158	6656.219064266312	1
21008	92748.26116629801	6655.807789616995	1
21009	92749.27407900919	6655.928296764296	1
21010	92749.27234991651	6655.928235640335	1
21011	92886.7394338859	6667.424537475385	1
21012	92886.73943388532	6667.424537474535	1
21013	92887.67738546123	6667.091556088757	1
21014	92886.74237097002	6667.4268772301	1
21015	92887.74277604063	6667.629771646024	1
21016	92887.67883031012	6667.092014953282	1
21017	92893.96731210063	6667.144645261485	1
21018	92893.93596234114	6667.32396287521	1
21019	92894.85892989638	6667.951351741101	1
21020	92893.96816627943	6667.145053000753	1
21021	92894.92191035562	6667.642155129481	1
21022	92894.92961374472	6667.641483984202	1
21023	93363.62739041477	6770.488884294964	1
21024	93363.62939438177	6770.489352581182	1
21025	93364.60187899822	6770.636211718323	1
21026	93363.69681778684	6770.584004093917	1
21027	93364.5978986515	6770.650919742073	1
21028	93364.6030528578	6770.63641173661	1
21029	93490.02081331558	6814.478472177097	1
21030	93490.01930464298	6814.47760099818	1
21031	93491.06170475396	6814.936550930887	1
21032	93491.06875078462	6814.93991975843	1
21033	93531.08769549924	6831.910955958536	1
21034	93531.0813751439	6831.908664109796	1
21035	93531.95628584619	6832.556899960769	1
21036	93531.21055994258	6832.035611580161	1
21037	93531.9726929852	6832.62865428656	1
21038	93531.95995689061	6832.559419881696	1
21039	93549.76337480563	6842.690813332118	1
21040	93549.76608122996	6842.692200457259	1
21041	93550.38888697175	6843.35584428217	1
21042	93550.08545996668	6842.668694481681	1
21043	93550.38091151987	6843.357783129951	1
21044	93550.38988679677	6843.356699498449	1
21045	93606.17187891493	6875.692651526093	1
21046	93606.17547106236	6875.694605299305	1
21047	93606.91070809274	6876.431094907032	1
21048	93606.26911289821	6875.744695613659	1
21049	93606.85921466089	6876.365389632663	1
21050	93606.91155285214	6876.432049755107	1
21051	93735.33097528218	6988.346214408787	1
21052	93735.32957379124	6988.348378189548	1
21053	93736.24448762368	6988.887419961588	1
21054	93736.24213530548	6988.888498151761	1
21055	93771.87881037197	7029.93247255968	1
21056	93771.8823352537	7029.935209522266	1
21057	93772.43703384075	7030.823949765857	1
21058	93771.88292173197	7029.933769825815	1
21059	93772.44010189048	7030.826511984531	1
21060	93772.44010189082	7030.826511983587	1
21061	93799.22411303961	7077.188240698991	1
21062	93799.22430075146	7077.187800135838	1
21063	93799.5499548075	7078.219834005868	1
21064	93799.22249945404	7077.188796181887	1
21065	93799.55004800053	7078.214236295481	1
21066	93799.55114218022	7078.221310604184	1
21067	93853.05124658224	7236.859406400074	1
21068	93853.04600928113	7236.666214998711	1
21069	93853.05604256137	7237.292799972956	1
21070	93853.05181964196	7236.859552521591	1
21071	93853.05518213054	7237.397569357825	1
21072	93853.05537986051	7237.396731537414	1
21073	93832.32399232691	7325.239530929527	1
21074	93832.29259372631	7325.250438440398	1
21075	93826.20697346953	7327.685583174338	1
21076	93835.3758790702	7324.23360529952	1
21077	93825.86987486505	7327.920957129685	1
21078	93826.24286584731	7327.676009612038	1
21079	93816.85446547956	7338.914707650853	1
21080	93817.17306893441	7338.885961009117	1
21081	93818.26931842946	7338.91224507987	1
21082	93816.85510938644	7338.914916193181	1
21083	93760.55827769876	7361.063010283602	1
21084	93760.76504117018	7361.030808274816	1
21085	93760.71037503245	7361.069310860086	1
21086	93760.5588836596	7361.067111091377	1
21087	93758.64969878382	7362.041011283397	1
21088	93758.65806304524	7362.042921829416	1
21089	93729.18851258396	7369.56932932326	1
21090	93761.32073378708	7361.931415977659	1
21091	93734.50445601379	7369.559654124981	1
21092	93729.22032826097	7369.56933442272	1
21093	93647.16751045041	7375.41691963234	1
21094	93647.24269830849	7375.418562009223	1
21095	93715.98247542098	7371.675626530209	1
21096	93716.49605120259	7371.656658790098	1
21097	93720.26964745618	7372.260840797866	1
21098	93712.19202501164	7371.776564637414	1
21099	93716.23327805183	7372.336231588028	1
21100	93716.2233840081	7372.33445541436	1
21101	92943.04759580275	7347.840094870036	1
21102	92943.0556429968	7347.842505033621	1
21103	93641.28487955249	7552.823878535373	1
21104	93641.27461846056	7552.804251751436	1
21105	93643.61058509519	7555.205649198018	1
21106	93671.25132938765	7555.251403285473	1
21107	93650.6594206476	7556.092513784404	1
21108	93643.59865663247	7555.200285387831	1
21109	93742.00752480829	7596.26849527722	1
21110	93742.02076003229	7596.27170902542	1
21111	93742.89770368329	7596.73058534352	1
21112	93742.0774470428	7596.289016232632	1
21113	93742.8978021784	7596.725490401633	1
21114	93742.89745632972	7596.73088512144	1
21115	93743.64150698314	7596.837615301919	1
21116	93743.65971470036	7596.845291313846	1
21117	93766.24882074987	7605.180990882534	1
21118	93766.72077281936	7605.219877089787	1
21119	93768.73470157693	7606.028558150404	1
21120	93766.24394906929	7605.179956288685	1
21121	93768.41617906338	7605.953144323467	1
21122	93768.45076653763	7605.968797084534	1
21123	93820.97262943292	7625.486776630249	1
21124	93821.1190922478	7625.53802665585	1
21125	93822.63571486156	7626.133817109603	1
21126	93820.97419216629	7625.48782679142	1
21127	93822.43421339436	7626.074640583003	1
21128	93822.44100549951	7626.07721993505	1
21129	93918.57777156739	7659.8016698955	1
21130	93918.59523579775	7659.806014168309	1
21131	93920.15274467814	7660.416617166673	1
21132	93918.69752962119	7659.827022554293	1
21133	93920.50799528422	7660.508223177339	1
21134	93920.1414777704	7660.415474831989	1
21135	94022.15268679411	7695.589284903565	1
21136	94022.15602559259	7695.589867021662	1
21137	94023.4728325936	7696.209995578153	1
21138	94022.39013510908	7695.638295199381	1
21139	94023.53905374941	7696.242270337518	1
21140	94023.47259483603	7696.209965095161	1
21141	94092.0336775771	7717.539082429154	1
21142	94092.0033250128	7717.52654835407	1
21143	94093.43035521975	7717.948617967953	1
21144	94092.0181952432	7717.533475803833	1
21145	94093.46210895013	7717.963200457056	1
21146	94093.42314978346	7717.949188206938	1
21147	94600.35087049438	7855.112295395905	1
21148	94600.35426856083	7855.113427671809	1
21149	94601.45547035843	7855.532100789939	1
21150	94600.45048336918	7855.12136999774	1
21151	94601.46578421211	7855.535993926054	1
21152	94601.46506240312	7855.535281619694	1
21153	94633.07799829071	7864.299095022681	1
21154	94633.0812742401	7864.299332067789	1
21155	94633.96588666411	7864.761647596537	1
21156	94633.12109512952	7864.310969464159	1
21157	94633.98878317862	7864.773300149156	1
21158	94633.97385555075	7864.762274371544	1
21159	94781.29668647412	7905.752242656765	1
21160	94781.30310699565	7905.754216757523	1
21161	94782.40361238102	7906.166462380179	1
21162	94781.29500181886	7905.752255248026	1
21163	94782.44026071316	7906.187138342283	1
21164	94782.40741691773	7906.167527531721	1
21165	94804.98641570343	7912.945370042929	1
21166	94804.98813520052	7912.944843988344	1
21167	94806.0796775599	7913.386779098639	1
21168	94804.99626844883	7912.948963883827	1
21169	94806.06765986758	7913.390067917428	1
21170	94806.07657205983	7913.390230032845	1
21171	94903.64626868907	7940.886315950147	1
21172	94903.6430836604	7940.887372208986	1
21173	94904.66102338937	7941.325350631112	1
21174	94903.6716958622	7940.893216969826	1
21175	94904.67189213057	7941.346670998098	1
21176	94904.66700024472	7941.326970996827	1
21177	94961.45657302445	7956.337968552394	1
21178	94961.46959573193	7956.3412646793	1
21179	94962.40085110773	7956.940565615539	1
21180	94961.46639199369	7956.340302838153	1
21181	94962.38385163987	7956.940091156991	1
21182	94962.40660799324	7956.940744385647	1
21183	94971.36994441471	7959.265788868979	1
21184	94971.36648552073	7959.264537565334	1
21185	94972.53858030785	7959.58919738651	1
21186	94971.34704618301	7959.266897688341	1
21187	94972.52932135429	7959.609392587827	1
21188	94972.53803756292	7959.588936713861	1
21189	95081.91598942317	7990.115466534715	1
21190	95081.91836906242	7990.11684146892	1
21191	95082.94987767056	7990.597358113941	1
21192	95081.91730300453	7990.116666820947	1
21193	95082.95641293144	7990.611911520818	1
21194	95082.94297008857	7990.595644576644	1
21195	95122.86221755744	8001.203807189462	1
21196	95122.85833594715	8001.203054197372	1
21197	95123.87892526633	8001.545774532244	1
21198	95122.90029583185	8001.242141712595	1
21199	95123.90941889305	8001.563243764485	1
21200	95123.87810250209	8001.545566666859	1
21201	95151.11308908026	8009.304265948696	1
21202	95151.11578740622	8009.305196750912	1
21203	95152.24515394657	8009.56919413106	1
21204	95151.10753389448	8009.312974647131	1
21205	95152.24455974612	8009.57371430577	1
21206	95152.23631498206	8009.56890002896	1
21207	95213.30332712439	8024.687547075563	1
21208	95213.32123721117	8024.690025400941	1
21209	95213.57670847978	8025.636818713812	1
21210	95213.31474237645	8024.690262960852	1
21211	95213.57048904343	8025.636235779679	1
21212	95213.57911706343	8025.637354775625	1
21213	95412.25088820525	8071.844806935064	1
21214	95412.25066206307	8071.84476943755	1
21215	95413.35915008147	8072.040107551911	1
21216	95412.26063324435	8071.855596012369	1
21217	95413.28563058109	8072.091945333899	1
21218	95413.36618041905	8072.041400085531	1
21219	95414.44848465489	8072.37129675189	1
21220	95414.44690938032	8072.370929799034	1
21221	95415.55586465675	8072.547731647887	1
21222	95414.44614916184	8072.392722846313	1
21223	95415.50791156758	8072.554454533178	1
21224	95415.5554225524	8072.548125118033	1
21225	95428.92083339876	8075.513211178435	1
21226	95428.9200367232	8075.511611433663	1
21227	95430.10404919664	8075.831767984974	1
21228	95429.17426462111	8076.423138842554	1
21229	95430.10633114213	8075.834667398298	1
21230	95430.10950628889	8075.832760030758	1
21231	95471.924527689	8084.241378781036	1
21232	95471.92548791494	8084.241701619196	1
21233	95473.00928730285	8084.557900136987	1
21234	95471.92134962935	8084.242142125338	1
21235	95473.0177556352	8084.561361489643	1
21236	95473.01383550715	8084.558593894771	1
21237	95597.72966253938	8110.830278492996	1
21238	95597.73567193566	8110.825430064613	1
21239	95598.8560565068	8110.847501970646	1
21240	95597.72985335393	8110.830315511297	1
21241	95598.87611335347	8110.850120912128	1
21242	95598.87446057447	8110.851012699173	1
21243	95737.51868269307	8139.245316493175	1
21244	95737.51750669716	8139.245293679252	1
21245	95738.47520224412	8139.754682360423	1
21246	95737.52318673738	8139.249467705344	1
21247	95738.474686153	8139.764694740859	1
21248	95738.47904260713	8139.753942278941	1
21249	95817.90978393081	8153.042919249169	1
21250	95817.90935667383	8153.042982922881	1
21251	95818.85489150794	8153.624270131932	1
21252	95817.90978388803	8153.046072464069	1
21253	95818.79195961385	8153.781527394908	1
21254	95818.85391260189	8153.624277543338	1
21255	95925.17063604231	8168.575909610315	1
21256	95925.15856193606	8168.573414217155	1
21257	95926.21553885681	8169.007882701328	1
21258	95925.17281599256	8168.576099052156	1
21259	95926.21121518599	8169.005392883506	1
21260	95926.21692000638	8169.00556452736	1
21261	96054.11754868086	8187.051709209746	1
21262	96054.10246172867	8187.048677525851	1
21263	96055.1703402478	8187.322409003953	1
21264	96054.1146147814	8187.052078110712	1
21265	96055.18468720891	8187.327279188905	1
21266	96055.18170273188	8187.322898462922	1
21267	96388.06004831049	8231.539970275679	1
21268	96388.05763296457	8231.539551027707	1
21269	96389.04152291972	8231.97099529715	1
21270	96388.01457090245	8231.559799250699	1
21271	96389.04369689553	8231.972596154726	1
21272	96389.03742601938	8231.971099297676	1
21273	96600.44510272419	8259.447534033887	1
21274	96600.4483610891	8259.447865968685	1
21275	96601.36826495209	8259.965610224905	1
21276	96600.46669138852	8259.448687468386	1
21277	96601.36966230464	8259.976467373541	1
21278	96601.36378511466	8259.964746587611	1
21279	96731.62264309445	8277.90757910008	1
21280	96731.62623418955	8277.907290892615	1
21281	96732.74952736398	8278.152428052603	1
21282	96731.60900918086	8277.906264621395	1
21283	96732.75807480473	8278.153620442417	1
21284	96732.75935398717	8278.153955214417	1
21285	96737.13865412032	8278.97066653772	1
21286	96737.13740855438	8278.970655511799	1
21287	96738.21267930005	8279.277287567425	1
21288	96737.13488634222	8278.97184296259	1
21289	96738.21071617445	8279.277603599483	1
21290	96738.21144980704	8279.277720742679	1
21291	96769.64421588229	8285.554525247118	1
21292	96769.64398208371	8285.554507289777	1
21293	96771.86245351483	8285.838906832676	1
21294	96769.57868472463	8285.607364732519	1
21295	96771.83186801185	8285.870135020878	1
21296	96771.8676685734	8285.839824544291	1
21297	96772.97976354347	8286.00300410662	1
21298	96772.98054474621	8286.001109076289	1
21299	96774.08081849688	8286.247974456744	1
21300	96772.98221634654	8286.004095479881	1
21301	96774.08434817486	8286.253277535288	1
21302	96774.08654836909	8286.247956370142	1
21303	96877.43610282574	8302.224126796666	1
21304	96877.41206803126	8302.267851068227	1
21305	96878.34719817253	8302.527737000708	1
21306	96877.43173741869	8302.223491304307	1
21307	96878.51582863566	8302.404151728675	1
21308	96878.51528305735	8302.404113592966	1
21309	96889.40215540124	8303.473070112197	1
21310	96889.39923017431	8303.472960300929	1
21311	96890.13427157624	8303.57327076283	1
21312	96890.1389708143	8303.574198633873	1
21313	96940.85989474552	8311.106962643151	1
21314	96940.86632814701	8311.108126414974	1
21315	96941.94349137426	8311.454302042697	1
21316	96940.86954776896	8311.108496040997	1
21317	96941.9439271334	8311.455413373144	1
21318	96941.93817058997	8311.454104487952	1
21319	96957.31556565431	8313.740042824267	1
21320	96957.32189403119	8313.740143981193	1
21321	96957.83201894467	8313.836853068495	1
21322	96957.83120964118	8313.836913034187	1
21323	96997.60820744786	8322.725490742047	1
21324	96997.51555561979	8322.80675835422	1
21325	96998.54609436926	8323.344632234934	1
21326	96997.60751364159	8322.725407113257	1
21327	96998.6694153602	8323.194878918373	1
21328	96998.67004682467	8323.194311146201	1
21329	97089.81815758772	8335.801021302193	1
21330	97089.81956695154	8335.801469704529	1
21331	97090.99286274263	8336.067933392093	1
21332	97089.80692130158	8335.801391165316	1
21333	97090.79584500525	8336.102919695606	1
21334	97091.00286088663	8336.067757624696	1
21335	97194.49985920521	8351.072183717912	1
21336	97194.48044796725	8351.084250496197	1
21337	97195.14312222647	8351.697846517625	1
21338	97194.50230308616	8351.07177697165	1
21339	97195.36399907048	8351.653637398125	1
21340	97195.36882121948	8351.653699272012	1
21341	97352.58562631364	8379.122542502508	1
21342	97352.58707689418	8379.122903604239	1
21343	97353.399557064	8379.485208790511	1
21344	97352.48716978519	8379.149723992923	1
21345	97352.86041486548	8379.743037609105	1
21346	97353.40391334268	8379.485592280629	1
21347	97773.621126824	8412.977740025342	1
21348	97773.62473786413	8412.977584880482	1
21349	97774.77411889198	8413.043578977773	1
21350	97773.71392400196	8412.975165325624	1
21351	97771.87993179035	8415.020368468904	1
21352	97774.77695043734	8413.045598598514	1
21353	97776.7358589943	8413.968898685773	1
21354	97776.73484831949	8413.968486109343	1
21355	97777.9090462281	8413.958434151362	1
21356	97776.59334632085	8413.991961347872	1
21357	97775.90112587652	8414.49231002637	1
21358	97777.92015580065	8413.958824761143	1
21359	97818.78439311701	8415.940148897258	1
21360	97818.78684154816	8415.941553839119	1
21361	97819.88604911463	8416.128451797667	1
21362	97818.90984190052	8416.273511508647	1
21363	97819.69429200585	8416.15140782464	1
21364	97819.90439146262	8416.129828657973	1
21365	97853.20330860035	8418.704312808613	1
21366	97852.69476720755	8419.034861088267	1
21367	97853.31485621596	8419.766986791563	1
21368	97853.22227756109	8418.704234820989	1
21369	97853.51939856127	8419.687832853655	1
21370	97853.51856809191	8419.688013576644	1
21371	97999.13114675682	8425.678651392764	1
21372	97999.14953825303	8425.67900350717	1
21373	98000.25843833131	8425.894701839965	1
21374	97999.15613778547	8425.678866944476	1
21375	98000.26099611138	8425.895525641259	1
21376	98000.26208426	8425.89407436281	1
21377	98088.57910656591	8432.429025321106	1
21378	98088.57877554267	8432.428621127354	1
21379	98089.65672257193	8432.700732098045	1
21380	98088.50270064158	8432.422671030845	1
21381	98089.59904164419	8432.716284527043	1
21382	98089.67399643973	8432.701477666382	1
21383	98105.75933513383	8434.297309895141	1
21384	98105.75521638372	8434.297739421809	1
21385	98106.80177860102	8434.469695225744	1
21386	98105.73309563729	8434.304672661287	1
21387	98106.79608300084	8434.472078117808	1
21388	98106.80239559966	8434.469630190595	1
21389	98154.68572760466	8438.29461615796	1
21390	98154.69265140692	8438.295055084012	1
21391	98156.05439602205	8438.412507600699	1
21392	98154.64301846188	8438.307748103884	1
21393	98156.06751439883	8438.418063312633	1
21394	98156.05282115011	8438.412510575814	1
21395	98213.8989817879	8443.205415680082	1
21396	98213.89862171531	8443.205741147529	1
21397	98214.5579137677	8443.321346485982	1
21398	98213.90032660944	8443.205803845296	1
21399	98214.5467813391	8443.320882556567	1
21400	98214.5724938857	8443.321625574619	1
21401	98225.16521799756	8444.231831894027	1
21402	98225.17685150105	8444.233070046343	1
21403	98226.3290566082	8444.4608760554	1
21404	98225.04502464732	8444.237574800325	1
21405	98226.33084395342	8444.467530598071	1
21406	98226.33371110674	8444.46136188156	1
21407	98249.85513820511	8446.509217181105	1
21408	98249.85592536873	8446.509572974046	1
21409	98250.99340852437	8446.700774007988	1
21410	98249.85465711053	8446.509044917246	1
21411	98250.97755475237	8446.697322810884	1
21412	98250.98270675453	8446.697667183387	1
21413	98260.4415134365	8447.479066949774	1
21414	98260.40698336146	8447.47770174863	1
21415	98261.44131338724	8447.890839289696	1
21416	98260.43796159199	8447.479127720089	1
21417	98261.45417822798	8447.887775219442	1
21418	98261.4511472499	8447.887324030309	1
21419	98274.65015316801	8448.921229133519	1
21420	98274.62493900256	8448.967685240323	1
21421	98275.60195642267	8449.250570587219	1
21422	98274.64876369463	8448.92140997454	1
21423	98275.62813301763	8449.247607591833	1
21424	98275.62318449107	8449.247280533122	1
21425	98359.78521217877	8455.690000963343	1
21426	98359.78361604403	8455.689621682504	1
21427	98360.95626261539	8455.958943614896	1
21428	98359.74841099139	8455.690749590531	1
21429	98360.94858246151	8455.964213509153	1
21430	98360.95118013979	8455.964323930897	1
21431	98683.99848960462	8478.802541756888	1
21432	98683.32021893247	8478.949862462998	1
21433	98684.1720986116	8479.339636722274	1
21434	98683.99821782723	8478.802579108842	1
21435	98684.49676848802	8479.253763590492	1
21436	98684.49799331528	8479.253552287935	1
21437	98740.17080457439	8481.346066371108	1
21438	98740.17155237868	8481.346142113734	1
21439	98740.74263411091	8481.399100135948	1
21440	98740.74672638974	8481.399122919505	1
21441	98742.21455744572	8481.51353332136	1
21442	98740.75027862511	8481.398295818868	1
21443	98742.21829061286	8481.513548374001	1
21444	98742.22256938531	8481.513761656497	1
21445	98888.84384690208	8493.762259528419	1
21446	98888.82271088962	8493.738215573656	1
21447	98889.56615396804	8494.658479991986	1
21448	98888.84461988957	8493.761985227189	1
21449	98889.92147693445	8494.47902649654	1
21450	98889.91567985085	8494.477121370202	1
21451	99164.818536209	8512.825837190605	1
21452	99164.80996929517	8512.825939382661	1
21453	99165.67370737228	8513.155730460992	1
21454	99158.22160092642	8515.575187111264	1
21455	99164.91400459345	8513.245555807047	1
21456	99165.66234912327	8513.155343445611	1
21457	99250.19767596776	8513.68020813184	1
21458	99249.88664734078	8513.722501618533	1
21459	99251.25550606532	8513.809968331856	1
21460	99250.19468420406	8513.680392705901	1
21461	99252.13311605237	8513.544336288505	1
21462	99252.14036839339	8513.545450154101	1
21463	99271.84560460574	8513.372186581113	1
21464	99271.01612435497	8513.715362497529	1
21465	99272.24013960426	8513.484881957995	1
21466	99271.85128259135	8513.373675465906	1
21467	99272.87944724975	8513.332986674317	1
21468	99272.89104038483	8513.333523729449	1
21469	99402.82642422582	8528.681915501109	1
21470	99402.80867497454	8528.716403223614	1
21471	99414.3619775594	8521.238875737756	1
21472	99401.12071947142	8529.736754571588	1
21473	99415.37890178338	8520.188494855396	1
21474	99414.52919603331	8521.132071724158	1
21475	99568.72037395951	8523.700013804155	1
21476	99568.71769628418	8523.69973846641	1
21477	99569.48287808121	8523.79981262394	1
21478	99569.4732729462	8523.800774020294	1
21479	99755.01523248269	8545.316157720332	1
21480	99752.4403691974	8545.066706072224	1
21481	99745.2109593263	8544.225318664474	1
21482	99755.01905977569	8545.316126332753	1
21483	99756.66793547355	8545.511356468156	1
21484	99756.66757879779	8545.510945994538	1
21485	99761.56295387592	8548.653355384675	1
21486	99761.19303995796	8548.476381482084	1
21487	99757.98147092282	8552.174403712321	1
21488	99761.56477738993	8548.651395974597	1
21489	99761.38473571459	8550.792313977476	1
21490	99761.37980357843	8550.792148201208	1
21491	100293.4549339907	8568.711351757156	1
21492	100291.5650124924	8566.010667858707	1
21493	100284.9211329619	8572.05459167003	1
21494	100293.5953090386	8568.690050806959	1
21495	100290.2365846607	8571.086027770247	1
21496	100290.3970209579	8571.058911657641	1
21497	101188.9447219606	8600.446860195972	1
21498	101192.5988878763	8600.341526738897	1
21499	101245.5335515296	8601.061737004717	1
21500	101189.6377617562	8600.472892060207	1
21501	101549.5554487933	8606.009080618793	1
21502	101002.6422299133	8597.881145486585	1
21503	103163.77022217	8619.413013300715	1
21504	101549.7659169614	8606.014824512924	1
21505	101138.9353693292	8600.423586096713	1
21506	101037.2810322573	8599.39158606532	1
21507	100453.6656371263	8664.167352636472	1
21508	101134.7346788626	8600.363957137926	1
21509	101040.0633314458	8599.660738632625	1
21510	101034.5141815268	8599.584473634903	1
21511	101025.0381308874	8599.644396911124	1
21512	101040.063656495	8599.660705915005	1
21513	101028.2977722547	8599.685794139656	1
21514	101026.8858492041	8599.672402166296	1
21515	100819.0904329724	8601.581071447945	1
21516	100808.0247038283	8601.45498213895	1
21517	100798.9135531153	8601.71582061546	1
21518	100819.0380339446	8601.57962044291	1
21519	100815.4875934807	8601.874288769388	1
21520	100815.3158228546	8601.878720237057	1
21521	100461.661923135	8663.177165941046	1
21522	100461.594546648	8663.189599090094	1
21523	100305.9727372675	8854.863628038098	1
21524	100305.9556678954	8854.869164098727	1
21525	100304.8564147141	8855.566787724791	1
21526	100305.9725386454	8854.862377993952	1
21527	100304.8511643274	8855.572659131645	1
21528	100304.8264263309	8855.582498721622	1
21529	100425.4895782704	9324.624131898936	1
21530	100425.4880491231	9324.622894048209	1
21531	100430.9612227525	9336.365355387019	1
21532	100430.9484565478	9336.364906683264	1
21533	100430.9477562811	9336.382810118783	1
21534	100424.2340950377	9327.323248090708	1
21535	100675.9266188855	9497.163712911073	1
21536	100430.9536428117	9336.371257160657	1
21537	100461.746013311	9371.443821732832	1
21538	100461.6948254012	9371.568408767131	1
21539	100462.6668052634	9371.820903768359	1
21540	100461.7451812126	9371.447978264478	1
21541	100462.6752154175	9371.818072077893	1
21542	100462.6740292537	9371.81680357892	1
21543	100509.5999785865	9412.006326058008	1
21544	100509.6000178677	9412.006501073409	1
21545	100510.1865495327	9412.875887929124	1
21546	100509.6005756775	9412.018692191414	1
21547	100510.1867410743	9412.884819485236	1
21548	100510.1913792554	9412.882122554589	1
21549	100659.1040898498	9496.748583256856	1
21550	100659.1055375765	9496.748288503248	1
21551	100659.6384253731	9497.644589109386	1
21552	100659.1135192119	9496.740564039406	1
21553	100659.8007741082	9497.27381101737	1
21554	100659.6391550883	9497.643804204861	1
21555	100673.1743789722	9498.69062031833	1
21556	100673.2101720627	9498.73734385134	1
21557	100723.3903915811	9524.773764508163	1
21558	100673.1741977129	9498.691258909148	1
21559	100723.4089187094	9524.721896172636	1
21560	100723.3894505377	9524.77104449209	1
21561	100736.1613133046	9536.076728833334	1
21562	100736.1646949445	9536.079132496874	1
21563	100737.0855543556	9535.866160530857	1
21564	100736.1617222889	9536.076468240188	1
21565	100737.0994243267	9535.906587409403	1
21566	100737.0995266736	9535.906617938836	1
21567	100830.090388433	9571.52041169123	1
21568	100830.0938817594	9571.520300264841	1
21569	100830.8083010623	9572.224871149112	1
21570	100830.1196778498	9571.513167158841	1
21571	100830.8098977699	9572.221410886428	1
21572	100830.8082062557	9572.224837241143	1
21573	100933.2157398805	9613.175312145204	1
21574	100933.2133224862	9613.180801408649	1
21575	100934.2409213987	9613.041642210188	1
21576	100933.217708675	9613.159259786908	1
21577	100934.8019867621	9611.735583440246	1
21578	100934.2432050376	9613.039484416315	1
21579	100965.1300645351	9622.236325602978	1
21580	100965.1307560779	9622.237724746055	1
21581	100966.0281671721	9622.680076126626	1
21582	100965.1761617862	9622.184870407569	1
21583	100966.0788529065	9622.432629842331	1
21584	100966.0327126957	9622.68046192116	1
21585	100967.8911438195	9623.665159549282	1
21586	100967.6933389971	9622.782748999587	1
21587	100970.0251673686	9621.43697141942	1
21588	100967.8927798561	9623.665609704032	1
21589	100969.8958386552	9624.233825253759	1
21590	100969.8958802464	9624.233775184412	1
21591	100970.6884325505	9624.949221290653	1
21592	100969.9107114631	9624.073199644357	1
21593	100970.6851157632	9624.928575941878	1
21594	100970.6859273562	9624.948828092627	1
21595	100973.8462803279	9627.6551000619	1
21596	100973.4959016356	9627.418565036947	1
21597	100974.058130933	9627.797260546762	1
21598	100974.058858044	9627.797450865433	1
21599	101050.997690935	9648.35528151469	1
21600	101050.6420605588	9650.591039653751	1
21601	101051.0143912001	9648.313466062027	1
21602	101050.995148008	9648.357121047989	1
21603	101051.7031211456	9647.256422841649	1
21604	101051.7029812602	9647.256513408563	1
21605	101051.8118491635	9645.668468948008	1
21606	101051.7857687272	9647.270359803837	1
21607	101053.7596415168	9646.567810764975	1
21608	101053.772159314	9646.558543303981	1
21609	101094.1620419311	9668.331531132928	1
21610	101053.8177764403	9646.442618608293	1
21611	101059.6119211609	9646.456848424894	1
21612	101059.5720423398	9646.458129767534	1
21613	101077.5716122793	9649.095063751034	1
21614	101094.1680989292	9668.33433781888	1
21615	101095.0132796674	9667.84863143294	1
21616	101094.1621332951	9668.331489100714	1
21617	101095.0152710136	9667.849692788948	1
21618	101095.0134663662	9667.849135164528	1
21619	101147.8160338852	9689.561652994387	1
21620	101077.5703776891	9649.09477910625	1
21621	101078.2246543349	9648.862695064854	1
21622	101077.7745996024	9649.018584341336	1
21623	101183.5360471209	9704.410942538387	1
21624	101147.8149831608	9689.561317031079	1
21625	101184.6385330822	9704.815644716989	1
21626	101184.6628857796	9704.820041867853	1
21627	101210.2979848846	9711.435326841631	1
21628	101210.5512721776	9711.467502866501	1
21629	101211.1628860661	9711.570304452376	1
21630	101210.273308216	9711.428559430778	1
21631	101211.0261771319	9711.721950317627	1
21632	101211.0260892467	9711.72151139597	1
21633	101292.8333245669	9737.469197842676	1
21634	101292.8322630073	9737.469943480384	1
21635	101293.811757526	9736.848970509451	1
21636	101292.7950014043	9737.529656215585	1
21637	101293.8334237114	9736.829959637273	1
21638	101293.812528803	9736.848800454987	1
21639	101352.2861872992	9756.061610331468	1
21640	101352.2862972671	9756.061794651947	1
21641	101353.2948522858	9756.20206992893	1
21642	101352.2857347719	9756.060817483383	1
21643	101353.2952156466	9756.202511941801	1
21644	101353.2939441319	9756.202041164892	1
21645	101565.9150144139	9799.267600081452	1
21646	101565.9247114598	9799.241656553102	1
21647	101565.9315091369	9799.198403517925	1
21648	101565.9152654801	9799.267746787495	1
21649	101604.597116161	9816.970766653107	1
21650	101605.5866321599	9815.211986993332	1
21651	101604.6796218807	9818.094795005638	1
21652	101604.6006537646	9816.973596116884	1
21653	101604.5781885796	9818.204101103902	1
21654	101604.5796129101	9818.204426379254	1
21655	101636.1924085837	9827.880572213435	1
21656	101636.1935423792	9827.878598150388	1
21657	101637.0402653543	9828.419762461801	1
21658	101636.2016255283	9827.868288167219	1
21659	101637.0427975745	9828.413383452646	1
21660	101637.0417162123	9828.420745976649	1
21661	101675.1874349021	9836.719306757726	1
21662	101675.1899402455	9836.712594336326	1
21663	101676.2029383773	9836.816992073806	1
21664	101675.1861806125	9836.718807313657	1
21665	101676.2037379332	9836.828033073141	1
21666	101676.2020780645	9836.82468157722	1
21667	101787.7090624205	9855.793604689045	1
21668	101787.7111364008	9855.795508861627	1
21669	101788.6979977943	9856.104005250352	1
21670	101787.7141822054	9855.782906494678	1
21671	101788.7073803656	9856.091996204328	1
21672	101788.6970545639	9856.103868890117	1
21673	101790.7476856578	9856.348817173186	1
21674	101790.7479808145	9856.349671362852	1
21675	101791.719206069	9856.776123151192	1
21676	101790.7560391423	9856.34066216664	1
21677	101791.7194104131	9856.773925285728	1
21678	101791.7187386462	9856.776215010837	1
21679	101817.6299197226	9863.849615646086	1
21680	101817.6301000701	9863.849705021708	1
21681	101818.5871685522	9864.165875387836	1
21682	101817.6356754411	9863.839085066025	1
21683	101818.5916453562	9864.163406555268	1
21684	101818.5887437123	9864.168254998545	1
21685	101907.7661211002	9899.167811571613	1
21686	101904.4260881439	9902.445293127796	1
21687	102737.76517413	8624.271024178972	1
21688	101907.76609283	9899.167855003341	1
21689	102049.6641324896	9903.306468978228	1
21690	102049.666411362	9903.305795076607	1
21691	102050.6712931486	9903.463513107097	1
21692	102049.663132754	9903.315340296183	1
21693	102050.6619960311	9903.474490359184	1
21694	102050.6629150718	9903.473476095487	1
21695	102123.9263444208	9910.782351385404	1
21696	102123.9259687238	9910.782276028265	1
21697	102124.8750121578	9911.178582122486	1
21698	102123.9265117564	9910.779542847597	1
21699	102124.8667424961	9911.167326996154	1
21700	102124.8768702771	9911.17835310893	1
21701	102154.9809862436	9914.948714731028	1
21702	102154.98090978	9914.947840719862	1
21703	102155.971841013	9915.148142478341	1
21704	102154.9787108696	9914.94686106392	1
21705	102155.9688841833	9915.14189225189	1
21706	102155.971268688	9915.14867626625	1
21707	102347.3702055716	9936.672145423419	1
21708	102347.3734431706	9936.674571118225	1
21709	102336.8154424165	9930.514820477121	1
21710	102336.8427632285	9930.545053823855	1
21711	102337.4044912809	9929.754647408132	1
21712	102336.8092244434	9930.510933118512	1
21713	102337.3958771587	9929.746037961988	1
21714	102337.4042119675	9929.754659467606	1
21715	102349.7067451763	9937.337356417618	1
21716	102349.7046808853	9937.332188770884	1
21717	102488.995573302	9934.50662842462	1
21718	102488.9956281407	9934.50659828963	1
21719	102490.0591517845	9934.466210340579	1
21720	102488.9950727211	9934.506562413359	1
21721	102490.0600652318	9934.467120400588	1
21722	102490.059615616	9934.467101233531	1
21723	102546.0565258308	9936.365382461141	1
21724	102546.0593445533	9936.365119251032	1
21725	102547.1028712016	9936.598793355948	1
21726	102546.058490705	9936.360231527135	1
21727	102547.1018065725	9936.595800275985	1
21728	102547.0997267779	9936.5978664637	1
21729	102654.0124740977	9940.550399090625	1
21730	102654.0386807019	9940.469396307877	1
21731	102655.6327648193	9941.114622014686	1
21732	102654.0144657538	9940.55217149455	1
21733	102654.9912802979	9940.95203182791	1
21734	102654.9911492219	9940.951777591274	1
21735	102878.298558784	9920.277954441324	1
21736	102878.3001727025	9920.277675580577	1
21737	102879.3106164879	9920.065171136477	1
21738	102878.3005480353	9920.277457607757	1
21739	102879.3110841697	9920.065946721494	1
21740	102879.3107067308	9920.065954546784	1
21741	102912.5851052204	9916.571306101338	1
21742	102912.5868105048	9916.571057774874	1
21743	102913.565409356	9916.708052212489	1
21744	102912.6158180578	9916.512100324087	1
21745	102913.5458652484	9916.563916120205	1
21746	102913.5691711715	9916.708022179748	1
21747	102990.981160204	9907.285329377597	1
21748	102990.9782797879	9907.282873174008	1
21749	102991.82142569	9906.692512038486	1
21750	102990.9781388912	9907.283030544615	1
21751	102991.8227039153	9906.67911224821	1
21752	102991.8206053254	9906.692237796731	1
21753	103050.5340206576	9898.809633369021	1
21754	103050.5342699728	9898.809573020044	1
21755	103051.5647652718	9898.653864371297	1
21756	103050.5360719321	9898.794387003863	1
21757	103051.5615019694	9898.637893067315	1
21758	103051.5649939368	9898.653927950765	1
21759	103225.9763595143	9863.979447667558	1
21760	103225.9763148795	9863.979375934088	1
21761	103226.8786267793	9863.503726597704	1
21762	103226.0036983623	9863.966288452957	1
21763	103226.831676717	9863.121450958015	1
21764	103226.8777256631	9863.501684020655	1
21765	103258.7915130575	9858.155952802324	1
21766	103258.7978003384	9858.155506770227	1
21767	103259.5739377817	9857.550795177411	1
21768	103258.8486259541	9858.136225802175	1
21769	103259.6070968769	9857.536546597912	1
21770	103259.5733158003	9857.551575275724	1
21771	103396.5186427614	9817.561307419857	1
21772	103397.8325989833	9817.462468224299	1
21773	103397.3245648325	9816.789985624515	1
21774	103396.5182601935	9817.561680693276	1
21775	103397.3095358453	9816.786001303228	1
21776	103397.31166686	9816.78540219338	1
21777	103412.8007917841	9806.965566736848	1
21778	103412.8659433292	9806.984024562449	1
21779	103413.8593717702	9806.106890924215	1
21780	103412.8021149885	9806.966906477117	1
21781	103413.640047056	9806.237094664148	1
21782	103413.6430040435	9806.236199520759	1
21783	103658.7000665513	9680.296556946792	1
21784	103658.7012973247	9680.296341045554	1
21785	103658.561110569	9679.334302591042	1
21786	103658.8080065926	9680.310996220585	1
21787	103658.6577016404	9679.401771216424	1
21788	103658.5612577824	9679.334048072677	1
21789	103701.8725094885	9641.927878687593	1
21790	103701.8727063687	9641.927661235921	1
21791	103703.1180580148	9642.488577472848	1
21792	103701.836608047	9641.781148443699	1
21793	103703.3582679118	9642.695143379578	1
21794	103703.1163060044	9642.485473205063	1
21795	103851.9831064543	9499.510541462229	1
21796	103851.9876903831	9499.508916573288	1
21797	103850.8103599692	9498.466170024387	1
21798	103853.0195146154	9500.18616535507	1
21799	103850.8802172115	9498.6660180982	1
21800	103850.815201687	9498.466935974326	1
21801	104083.2960401608	8825.797555175544	1
21802	104083.3296089846	8825.804199023658	1
21803	104072.4639600061	8821.24212555948	1
21804	104085.2259336955	8826.575940621102	1
21805	104072.4160219218	8821.223786522041	1
21806	104072.5197727002	8821.265000215022	1
21807	103947.0129368154	8711.021278224207	1
21808	103947.0308697199	8711.022432545356	1
21809	103944.5688171039	8710.306618531073	1
21810	103949.7936901985	8711.365935365007	1
21811	103944.7195536302	8710.320131581349	1
21812	103944.5627963624	8710.306306600201	1
21813	103852.6217760673	8683.174479144438	1
21814	103853.1357667667	8683.218012054058	1
21815	103849.5108154902	8682.484741709306	1
21816	103852.5587718051	8683.184393937157	1
21817	103848.3341358294	8682.464364589245	1
21818	103848.0113849259	8682.428163189994	1
21819	103679.8899590557	8661.214193521382	1
21820	103679.7400894573	8661.210048834942	1
21821	103667.2748062421	8660.351807667352	1
21822	103687.34289035	8661.567380298457	1
21823	103670.99736014	8660.460761195129	1
21824	103667.3262444732	8660.350730691192	1
21825	103564.0006263237	8654.273849099398	1
21826	103564.2398019915	8654.286051764768	1
21827	103558.2602492039	8653.795996798912	1
21828	103569.8564419219	8654.501156121438	1
21829	103557.9173866236	8653.780152483101	1
21830	103558.332910488	8653.801476205961	1
21831	103277.8430222307	8641.329290022457	1
21832	103277.4310530623	8641.315689035528	1
21833	102341.4410945314	8617.721151094192	1
21834	102337.2812788033	8617.642720449488	1
21835	103766.6677154563	8512.33647900661	1
21836	103766.3071210281	8512.384932381468	1
21837	103778.7712911179	8510.10011120512	1
21838	103771.4116553653	8512.602405545749	1
21839	103784.3503480933	8509.640181965497	1
21840	103778.7877688556	8510.097118053702	1
21841	104015.1713205484	8474.658669988876	1
21842	104015.1070334776	8474.660700474531	1
21843	104020.8196642503	8474.746809573913	1
21844	104024.0277754597	8473.442169583941	1
21845	104021.9054761268	8474.83794075854	1
21846	104020.7462569309	8474.751062590558	1
21847	104243.0409891465	8410.52118730678	1
21848	104243.0536263006	8410.517820667827	1
21849	104245.8241258914	8410.066560440817	1
21850	104261.2259929762	8411.560558490895	1
21851	104247.822739221	8409.927335280339	1
21852	104245.8216468772	8410.064341901758	1
21853	104270.9785326225	8402.405600654543	1
21854	104270.9583917571	8402.384974893281	1
21855	104271.5377276113	8402.329584095169	1
21856	104270.9793905445	8402.406267480827	1
21857	104309.3050325899	8392.150871332522	1
21858	104309.3100435013	8392.154208315664	1
21859	104310.1203729546	8391.232006381391	1
21860	104311.1812116246	8392.086909664589	1
21861	104311.3833135842	8390.84946544973	1
21862	104310.1211843301	8391.232420356037	1
21863	104484.1293651606	8349.174444453114	1
21864	104484.1345719256	8349.173437251009	1
21865	104486.1059094108	8348.823648250456	1
21866	104495.7781092105	8349.949158036245	1
21867	104486.30828941	8348.798741653583	1
21868	104486.0882777981	8348.824670053615	1
21869	104559.0381389561	8329.080713664247	1
21870	104559.0361789685	8329.079403756063	1
21871	104569.3703264301	8327.303947182012	1
21872	104569.3703780865	8327.303940930409	1
21873	104570.9992289011	8326.497228430679	1
21874	104570.3033891729	8327.182912082586	1
21875	104571.2130370996	8326.423452688856	1
21876	104570.998602432	8326.49526024122	1
21877	104662.9613819446	8312.194483702548	1
21878	104560.4977666647	8328.371317188597	1
21879	104664.4701004887	8312.748592421247	1
21880	104662.9778138468	8312.191569279712	1
21881	104722.1823981837	8297.015156823367	1
21882	104722.1798941345	8297.014427094515	1
21883	104723.4000451125	8296.566091264898	1
21884	104722.1826167938	8297.015071113821	1
21885	104723.398323527	8296.566492631659	1
21886	104723.4091446321	8296.56443224374	1
21887	104768.1547613613	8288.0425030602	1
21888	104767.9602208864	8288.094794392418	1
21889	104768.6561081621	8287.897673493009	1
21890	104768.1544351648	8288.042273623871	1
21891	104768.543986409	8287.934086475125	1
21892	104768.5415941592	8287.933117870642	1
21893	104772.6445490916	8286.935886894267	1
21894	104773.0194659029	8285.667368285964	1
21895	104774.6862262012	8286.405070139708	1
21896	104772.6417994977	8286.936923936684	1
21897	104773.9063930635	8286.611827503399	1
21898	104773.9151363838	8286.610211552425	1
21899	104837.3193973202	8274.336495927391	1
21900	104837.3676247291	8274.32980422231	1
21901	104845.2993458777	8271.988401336219	1
21902	104837.3211766548	8274.337597470851	1
21903	104837.9166610963	8274.294831978943	1
21904	104837.9076158885	8274.296319227677	1
21905	105045.1480365507	8235.326614803651	1
21906	105045.1309949845	8235.333970705617	1
21907	105046.1684528961	8234.798899324123	1
21908	105045.1570319125	8235.325825713886	1
21909	105046.1727157958	8234.796483851802	1
21910	105046.1746724109	8234.797934998982	1
21911	105128.3528460616	8222.348913787118	1
21912	105128.3531148646	8222.348813101475	1
21913	105127.1020680845	8222.516684148686	1
21914	105128.6228726407	8222.293535384779	1
21915	105127.4920031842	8222.309722153994	1
21916	105127.1029180578	8222.516638214451	1
21917	105266.364010701	8201.671084000878	1
21918	105266.3948199838	8201.66827730763	1
21919	105266.7488583614	8201.73412072453	1
21920	105267.474072839	8201.53124117305	1
21921	105267.4335610865	8201.641140401103	1
21922	105266.7544097924	8201.734989199475	1
21923	105330.6494575437	8190.723206469569	1
21924	105330.6395065321	8190.723572118135	1
21925	105331.7506145146	8190.522699069873	1
21926	105330.7299900039	8190.707128287568	1
21927	105331.8676347302	8190.501794399585	1
21928	105331.7431781385	8190.523247880788	1
21929	105341.1930238412	8188.982703617294	1
21930	105341.1996820516	8188.982791095598	1
21931	105342.2354311973	8188.43978678096	1
21932	105341.7331659677	8188.956690889356	1
21933	105342.2499374959	8188.425137414783	1
21934	105342.2576706477	8188.439121734907	1
21935	105350.5509738887	8186.927616618919	1
21936	105350.5525402251	8186.927412419838	1
21937	105351.568697734	8186.813571480185	1
21938	105350.5779667015	8186.918531827637	1
21939	105351.7239013144	8186.785367598581	1
21940	105351.568697735	8186.813571480446	1
21941	105430.0283487206	8173.324215074046	1
21942	105430.033049283	8173.325896020881	1
21943	105430.6491638455	8173.69447229975	1
21944	105430.2009051169	8173.263597374937	1
21945	105430.7524691824	8173.60673464597	1
21946	105430.655261874	8173.695330735409	1
21947	105458.5160357382	8170.274590717821	1
21948	105459.4032439178	8170.047380108865	1
21949	105459.5880033278	8169.846984427366	1
21950	105458.5216138971	8170.27350914468	1
21951	105458.9649759926	8170.163950140355	1
21952	105458.9635398354	8170.164736456901	1
21953	105544.9579740503	8158.684987205823	1
21954	105544.9361495676	8158.687340667964	1
21955	105546.3136981999	8158.302805227529	1
21956	105545.0009557685	8158.669181128074	1
21957	105546.4538760561	8158.279818671335	1
21958	105546.3187374181	8158.303167119107	1
21959	105620.7852910354	8147.407888996853	1
21960	105620.7861605576	8147.407927077777	1
21961	105621.2615309218	8146.567207456374	1
21962	105620.9489269612	8147.426219489784	1
21963	105621.6755612807	8145.836873389626	1
21964	105621.2616152953	8146.56705829756	1
21965	105683.1480879321	8131.786043030803	1
21966	105683.1465680112	8131.787004881099	1
21967	105684.0795626172	8131.497349044523	1
21968	105684.078730621	8131.497483775638	1
21969	105769.9528421466	8113.889077898999	1
21970	105769.9581200726	8113.887986678993	1
21971	105770.8058362663	8113.437202425433	1
21972	105769.979363568	8113.876507693916	1
21973	105770.8413050844	8113.423069066896	1
21974	105770.8058362653	8113.437202425491	1
21975	105968.5581334599	8082.795239605808	1
21976	105968.55405898	8082.795769045524	1
21977	105969.5529953197	8082.273276463121	1
21978	105968.594414006	8082.792592420137	1
21979	105969.5711037615	8082.263747309269	1
21980	105969.556412975	8082.272790949376	1
21981	106077.4192499922	8067.5276563125	1
21982	106077.4152976508	8067.527112119431	1
21983	106078.5318732493	8067.63004584802	1
21984	106077.4056302322	8067.518801546529	1
21985	106078.5413895705	8067.625316029177	1
21986	106078.5193513121	8067.629806857108	1
21987	106120.592010732	8064.922049228423	1
21988	106120.56530122	8064.923985059339	1
21989	106120.5974122616	8064.921424269764	1
21990	106120.6010423045	8064.92098982957	1
21991	106745.1147710687	8014.747294628956	1
21992	106745.1117494559	8014.747328491936	1
21993	106822.4231639869	8016.359934862347	1
21994	106745.1152997825	8014.731110697663	1
21995	106822.4535056006	8016.365088734909	1
21996	106822.4247875524	8016.35985274975	1
21997	107056.9185152627	7987.876456623411	1
21998	107056.925133182	7987.875713954619	1
21999	107058.9185974523	7987.661096413773	1
22000	107058.9205539633	7987.660972419233	1
22001	107070.3831318878	7985.635798081399	1
22002	107070.4319685465	7985.618809315267	1
22003	107071.3526862639	7985.369387285386	1
22004	107070.3821300034	7985.635870993321	1
22005	107071.3589694541	7985.396420891713	1
22006	107071.3600526248	7985.396387444145	1
22007	107182.0731712861	7975.246965467879	1
22008	107182.0776435494	7975.246614970942	1
22009	107183.1425298157	7975.117287632667	1
22010	107182.0962990273	7975.23723328736	1
22011	107183.1615403558	7975.095526766884	1
22012	107183.1417453632	7975.117245166552	1
22013	107348.6106352786	7972.905235852551	1
22014	107348.6117141522	7972.905158582055	1
22015	107349.6643518781	7973.082628778853	1
22016	107348.6191904317	7972.898334585586	1
22017	107349.6597707303	7973.080817772583	1
22018	107349.6631661656	7973.082464169088	1
22019	107461.9138757974	7974.122503996296	1
22020	107461.9208900054	7974.121836227164	1
22021	107469.160602217	7973.603564149864	1
22022	107469.1572418763	7973.603999070947	1
22023	107473.2560570592	7972.610035731756	1
22024	107473.2294327767	7972.607302360288	1
22025	107475.8163044897	7972.624771473507	1
22026	107473.2553610403	7972.61017379953	1
22027	107542.6903779552	7973.259999369618	1
22028	107542.6874824938	7973.26050847497	1
22029	107543.7400049797	7973.553803127435	1
22030	107542.6909886008	7973.259536811945	1
22031	107543.7491237213	7973.553823531311	1
22032	107543.7505021818	7973.552883559658	1
22033	107559.2855951847	7973.445818508162	1
22034	107559.286681238	7973.445820628272	1
22035	107560.293636248	7973.749497910278	1
22036	107559.295514867	7973.443558409999	1
22037	107560.3170738528	7973.747769986724	1
22038	107560.297604908	7973.749669062938	1
22039	107656.6384931876	7974.751765373243	1
22040	107656.6395180152	7974.751734782142	1
22041	107672.9376091177	7975.207011906538	1
22042	107672.9349414473	7975.207036069656	1
22043	107677.4242950985	7975.104789476151	1
22044	107656.6995479359	7974.356082095533	1
22045	107672.784279517	7975.387496479188	1
22046	107672.785125369	7975.387481528434	1
22047	107677.2956738099	7975.504193562915	1
22048	107677.4291249653	7975.104668463808	1
22049	107681.7326347465	7974.981341022391	1
22050	107677.3034087594	7975.50412925109	1
22051	107681.7113407224	7974.981908577261	1
22052	107681.7326347475	7974.981341022359	1
22053	107685.003187951	7974.872945060835	1
22054	107684.9724639641	7974.748772013026	1
22055	107702.2917988524	7974.432438567634	1
22056	107685.0032436076	7974.872968912976	1
22057	107702.2235947168	7974.457340847443	1
22058	107702.2220715676	7974.457314797322	1
22059	107718.2435073643	7974.846759552294	1
22060	107718.0725072755	7975.287000751336	1
22061	107719.5262131111	7974.438807468591	1
22062	107718.2404619711	7974.847330935681	1
22063	107719.5001714446	7974.441007495197	1
22064	107719.5036082992	7974.440365142535	1
22065	107747.7156320332	7973.762183569523	1
22066	107747.6926375352	7973.790236331036	1
22067	107755.9635060593	7972.458444552401	1
22068	107747.7202179023	7973.762808448567	1
22069	107755.9880191199	7972.477870136938	1
22070	107755.985058214	7972.478010059958	1
22071	107925.2453659924	7964.537756907361	1
22072	107925.2486605119	7964.537585109538	1
22073	107926.3894759218	7964.431039523559	1
22074	107925.2238304637	7964.529033615923	1
22075	107926.3792232996	7964.415070205285	1
22076	107926.3893141323	7964.431299425185	1
22077	107966.9890135912	7961.280283588003	1
22078	107966.9960467868	7961.270613367133	1
22079	107968.0579152947	7961.539226634397	1
22080	107966.98478389	7961.279752886594	1
22081	107968.0627957212	7961.539416182652	1
22082	107968.0569522125	7961.539116259905	1
22083	108160.7326039011	7951.565218782119	1
22084	108160.734677535	7951.567824526199	1
22085	108160.4009226307	7950.043548661858	1
22086	108160.8037909425	7951.642837545484	1
22087	108160.2870573578	7949.869928074138	1
22088	108160.4070982893	7950.045969374125	1
22089	108255.8748868365	7948.721849664711	1
22090	108255.8716324194	7948.721759094102	1
22091	108256.7923124628	7948.428456196485	1
22092	108255.9476354443	7948.695460487304	1
22093	108256.6911895327	7948.369420822863	1
22094	108256.6912394418	7948.36936138638	1
22095	108301.3827083443	7946.562530851716	1
22096	108301.3802714826	7946.562020900476	1
22097	108302.4665278699	7946.503664808921	1
22098	108301.3847806285	7946.562333264385	1
22099	108302.4653938304	7946.504152750773	1
22100	108302.4667288195	7946.504246298165	1
22101	108317.7669208844	7945.919021723366	1
22102	108317.7664755802	7945.919028841266	1
22103	108318.8548201906	7945.901624355786	1
22104	108317.7724128026	7945.91587410395	1
22105	108318.855176892	7945.898785172694	1
22106	108318.8549632076	7945.901630226275	1
22107	108324.4760183285	7945.980358168026	1
22108	108324.4827539154	7945.97992824939	1
22109	108325.246873012	7945.70515386212	1
22110	108324.4822639314	7945.980054343269	1
22111	108325.2463113634	7945.704717503541	1
22112	108325.2491677185	7945.705128271331	1
22113	108367.8948763317	7945.056344611746	1
22114	108367.8963529309	7945.056372597133	1
22115	108368.9654711003	7944.876728535962	1
22116	108367.8843602396	7945.055340605103	1
22117	108368.9651136542	7944.87465545857	1
22118	108368.9631790185	7944.876646114406	1
22119	108386.4478521941	7945.109025379383	1
22120	108386.446842037	7945.108989033255	1
22121	108387.5437811359	7945.270673818459	1
22122	108386.4410351442	7945.1077062787	1
22123	108387.5423918664	7945.270383931699	1
22124	108387.5437811349	7945.270673818256	1
22125	108427.8394006205	7947.085347230797	1
22126	108427.8383779688	7947.085313597219	1
22127	108428.1872678086	7946.096330005515	1
22128	108428.1909321187	7946.093461914323	1
22129	108427.8161688546	7945.394263036598	1
22130	108427.8073311716	7945.391556260081	1
22131	108428.528556667	7945.737251135285	1
22132	108428.5287446658	7945.740299988205	1
22133	108428.2463214766	7946.04979070279	1
22134	108428.2494574213	7946.047820881837	1
22135	108428.0649722663	7947.133261911114	1
22136	108428.0650005193	7947.13097209827	1
22137	108605.3723131101	7956.426460962251	1
22138	108605.374155871	7956.426571336272	1
22139	108606.4489095351	7956.354048209996	1
22140	108605.3907033738	7956.425908621896	1
22141	108606.4581815506	7956.351403313797	1
22142	108606.4551039709	7956.354073188805	1
22143	108784.4787362314	7966.788939462645	1
22144	108784.4780130189	7966.78765785803	1
22145	108785.5561207656	7967.066462486625	1
22146	108784.4796630681	7966.78900737	1
22147	108785.557647383	7967.065494033336	1
22148	108785.5594390802	7967.065550534147	1
22149	108800.7017488226	7968.561239363363	1
22150	108800.7013151979	7968.561637015109	1
22151	108801.7725056367	7968.290647279366	1
22152	108800.7016269974	7968.56338084167	1
22153	108801.7806664188	7968.288850555841	1
22154	108801.7779846232	7968.289977504325	1
22155	108874.9332841307	7973.253990021837	1
22156	108874.9204994504	7973.253743471697	1
22157	108876.0187662531	7973.398008194512	1
22158	108874.934975539	7973.253803781754	1
22159	108876.0157113356	7973.399400656354	1
22160	108876.0173014846	7973.397980138013	1
22161	109173.509583123	7972.706627718402	1
22162	109173.5084657301	7972.706660811826	1
22163	109174.2801521238	7973.382079864835	1
22164	109173.48546035	7972.686074661133	1
22165	109174.2686915813	7973.383933560703	1
22166	109174.2810665037	7973.382099888009	1
22167	109428.823714394	7976.448862805187	1
22168	109428.8329980694	7976.449163107925	1
22169	109429.8653618288	7976.311367472475	1
22170	109428.7953268774	7976.445024193947	1
22171	109429.8625174749	7976.30895404392	1
22172	109429.8623231741	7976.308980505853	1
22173	109889.4614875506	8000.811621791954	1
22174	109889.4591375585	8000.811506176474	1
22175	109890.5265358245	8001.026511103714	1
22176	109889.4824292163	8000.810450960302	1
22177	109890.5276388693	8001.026516758436	1
22178	109890.5266476626	8001.026363942274	1
22179	109988.5077722298	8016.893733550388	1
22180	109988.5087078779	8016.89375448088	1
22181	110010.3860348688	8012.948286230966	1
22182	109988.4999489709	8016.898252378052	1
22183	110010.0535578879	8012.976930716693	1
22184	110010.0531025486	8012.976947246291	1
22185	110126.3889958091	8014.228665937583	1
22186	110126.4049783221	8014.228026102837	1
22187	110127.4736732512	8014.462845227214	1
22188	110126.4140783087	8014.214982182637	1
22189	110127.4727261748	8014.46520354898	1
22190	110127.4772406772	8014.462774691911	1
22191	110132.9283261022	8014.542579958641	1
22192	110132.9282358543	8014.542599508463	1
22193	110134.0616672192	8014.579458161287	1
22194	110132.9488429407	8014.545153193527	1
22195	110134.0686248294	8014.580239195132	1
22196	110134.0589878814	8014.579329155454	1
22197	110353.3409254433	8011.26621286283	1
22198	110353.3511967248	8011.26602481033	1
22199	110353.6493270692	8010.317964698173	1
22200	110353.3853654818	8011.262779499636	1
22201	110353.6223239619	8010.321948808468	1
22202	110353.6485751624	8010.317993379028	1
22203	110492.1824194415	8007.829442302134	1
22204	110492.1908230738	8007.82945368588	1
22205	110491.5460183788	8007.744381432115	1
22206	110491.9634259462	8007.820255394048	1
22207	110489.738897692	8007.81739933164	1
22208	110491.5426928274	8007.744470411236	1
22209	110539.8232437842	8006.797858640162	1
22210	110539.8268304004	8006.797610883888	1
22211	110541.1159806909	8006.893458585898	1
22212	110539.6087703823	8006.776736776883	1
22213	110540.1198286852	8006.893901624523	1
22214	110541.1140655402	8006.893215403991	1
22215	110561.1098030543	8006.253769201086	1
22216	110561.1135783796	8006.253974974827	1
22217	110562.067791181	8005.989220354166	1
22218	110561.1338434201	8006.240513093942	1
22219	110561.9862405212	8005.939612569529	1
22220	110562.0674912098	8005.989225543532	1
22221	110668.0209577749	8008.257708430187	1
22222	110667.974715517	8008.256403532165	1
22223	110668.0567118942	8008.258763983572	1
22224	110668.0643318204	8008.25906530589	1
22225	110675.4062443032	8007.961864909081	1
22226	110675.2038062821	8007.959696889906	1
22227	110675.9210619409	8008.026658812066	1
22228	110674.7252744439	8007.938691346915	1
22229	110676.9416319191	8007.954793465623	1
22230	110675.4055389134	8007.961860476637	1
22231	110675.9168237377	8008.026270237514	1
22232	110675.9210619417	8008.026658812661	1
22233	110676.9585515802	8007.963144996844	1
22234	110676.9585515812	8007.963144996843	1
22235	110677.3796693179	8008.001738812241	1
22236	110677.3757173946	8008.001392798045	1
22237	110697.6841529554	8008.144864054651	1
22238	110697.0291145665	8008.018198703761	1
22239	110699.1747093796	8007.543902815555	1
22240	110697.6808517213	8008.144816209116	1
22241	110699.721293574	8007.718045701947	1
22242	110699.7213438226	8007.71788328832	1
22243	110750.3448625153	8008.537925172463	1
22244	110749.6566299032	8008.233606698499	1
22245	110751.1883733316	8008.156435379757	1
22246	110750.3389758163	8008.53856568851	1
22247	110751.6752054213	8008.262655157523	1
22248	110751.6693846454	8008.263494518655	1
22249	110920.9688555998	8017.171848545558	1
22250	110920.9762694014	8017.171474606206	1
22251	110921.7117601349	8017.237880066532	1
22252	110921.7216293114	8017.237886563405	1
22253	110922.9696153364	8017.340188018278	1
22254	110921.7087894644	8017.237243249279	1
22255	110922.9686970007	8017.34023407949	1
22256	110922.9673736884	8017.340111571887	1
22257	111006.201961773	8021.545871680575	1
22258	111006.2049736591	8021.546116446598	1
22259	111007.1818287805	8021.361993450464	1
22260	111006.2055419606	8021.54556306604	1
22261	111007.1864604852	8021.361289914762	1
22262	111007.2058315696	8021.360947392198	1
22263	111056.4870234575	8024.400671079368	1
22264	111056.4806925029	8024.400775891067	1
22265	111057.5901279003	8024.416211271013	1
22266	111056.4776606577	8024.401241122994	1
22267	111057.5777068131	8024.417704099324	1
22268	111057.5917723286	8024.416240157694	1
22269	111132.7847246185	8027.945758860125	1
22270	111132.7990021011	8027.945879139393	1
22271	111133.7309608679	8028.296643338537	1
22272	111132.7849463362	8027.94577069864	1
22273	111133.7169983697	8028.298472162795	1
22274	111133.7315760437	8028.296610811655	1
22275	111152.1742629319	8028.802898977588	1
22276	111152.1985060158	8028.804061526153	1
22277	111154.1141926273	8028.918593357452	1
22278	111154.1212276209	8028.919266367626	1
22279	111180.1657440123	8031.794190292338	1
22280	111180.162615095	8031.793808942783	1
22281	111180.9944271164	8031.206362379095	1
22282	111180.114788452	8031.80055955295	1
22283	111180.987210457	8031.206415011701	1
22284	111180.9947347631	8031.206463800561	1
22285	111232.799787573	8034.867347183533	1
22286	111232.7950166066	8034.867314229494	1
22287	111233.2600888087	8034.919406202222	1
22288	111232.7989307488	8034.867297155779	1
22289	111233.2591719377	8034.920214298867	1
22290	111233.2836768578	8034.922614147832	1
22291	111235.635316791	8035.302059023344	1
22292	111235.6356474802	8035.30183072466	1
22293	111236.8128529736	8035.339883799643	1
22294	111235.5634066862	8035.316314545284	1
22295	111236.8073031759	8035.340763917019	1
22296	111236.8125363502	8035.339835729963	1
22297	111283.5576550779	8036.573042127134	1
22298	111283.5527787445	8036.573001261581	1
22299	111284.7294441905	8036.603147322716	1
22300	111283.5360562209	8036.576089155594	1
22301	111284.7266693395	8036.605209025172	1
22302	111284.7284866092	8036.603124094401	1
22303	111334.1480632139	8038.374583360155	1
22304	111334.1522726032	8038.374362195258	1
22305	111336.3810149635	8038.824523912852	1
22306	111334.1317575161	8038.372954002451	1
22307	111336.3908704777	8038.829753127132	1
22308	111336.3896471873	8038.829577260211	1
22309	111363.6032348326	8039.37452051495	1
22310	111363.6046810359	8039.374574616088	1
22311	111364.7722604469	8039.49858086627	1
22312	111363.5930064296	8039.373051214123	1
22313	111364.7813763694	8039.49958489452	1
22314	111364.7858277148	8039.498970091243	1
22315	111367.0527676091	8039.636772277029	1
22316	111367.0491707304	8039.637421060028	1
22317	111368.1690415425	8039.895614553258	1
22318	111367.0549715973	8039.637158411337	1
22319	111368.1740371801	8039.903211277951	1
22320	111368.1711801091	8039.895706488329	1
22321	111391.1125185228	8040.220379684863	1
22322	111391.1180513161	8040.220007649852	1
22323	111392.3631252732	8040.287711477715	1
22324	111391.1220406035	8040.221355174592	1
22325	111392.3651767173	8040.288230574089	1
22326	111392.3631252722	8040.287711477646	1
22327	111459.464541072	8042.824752269315	1
22328	111458.0324301096	8042.997656353006	1
22329	111500.1099105998	8045.752150169566	1
22330	111459.4583849176	8042.824755983767	1
22331	111500.432235498	8045.701715168262	1
22332	111500.4359840365	8045.701308597546	1
22333	111584.0481847327	8044.387619261295	1
22334	111584.0530991843	8044.388781738612	1
22335	111585.0873327281	8044.159302149606	1
22336	111584.062797875	8044.387718782884	1
22337	111585.1121032885	8044.159243674729	1
22338	111585.1195042865	8044.159312479274	1
22339	111652.4162875465	8044.690681655838	1
22340	111652.4143668089	8044.689527131452	1
22341	111653.6072821863	8045.063984932085	1
22342	111652.3231814241	8044.713765409401	1
22343	111653.6048800556	8045.069622071547	1
22344	111653.6108938051	8045.063392892662	1
22345	112043.1329249804	8041.060335076856	1
22346	112043.1501303672	8041.059903713149	1
22347	112044.3086283927	8041.129990593902	1
22348	112043.1335007104	8041.060396286724	1
22349	112044.2708145245	8041.132587264349	1
22350	112044.3040693906	8041.129989472145	1
22351	112059.8627725004	8041.492652857232	1
22352	112059.8653132335	8041.493020551385	1
22353	112064.8467411057	8040.708665206073	1
22354	112064.8474720133	8040.708486695044	1
22355	112065.9552317444	8040.875540381279	1
22356	112064.8232659937	8040.710759079802	1
22357	112065.9368734052	8040.878549990781	1
22358	112065.9551213111	8040.875224547382	1
22359	112082.7143314109	8039.53922827081	1
22360	112052.2717731495	8043.904685371223	1
22361	112134.1886381493	8458.58901087386	1
22362	112082.7273136926	8039.537675832482	1
22363	112083.7191081152	8039.499676789505	1
22364	112083.7202711934	8039.499628680547	1
22365	112149.4448840393	8037.413791036994	1
22366	112149.4448840383	8037.413791036979	1
22367	112150.82879981	8037.385693792167	1
22368	112149.4140723479	8037.421226008446	1
22369	112150.7456447772	8037.396127065367	1
22370	112150.8486537869	8037.384631663296	1
22371	112242.339872835	8034.105571385662	1
22372	112242.3410829362	8034.105597640773	1
22373	112243.6207986558	8034.059540642187	1
22374	112242.3005173758	8034.113164008299	1
22375	112243.6101839686	8034.066896228678	1
22376	112243.6402142742	8034.058095818878	1
22377	112272.7904905477	8033.318791812308	1
22378	112272.793267526	8033.318809803752	1
22379	112274.1075373479	8033.31889855058	1
22380	112272.7611676565	8033.323815840326	1
22381	112274.080595288	8033.32592855785	1
22382	112274.1095764839	8033.319092186592	1
22383	112278.2090904898	8033.144451659378	1
22384	112278.2129184254	8033.144259825922	1
22385	112279.1505608748	8033.141724837935	1
22386	112279.1572198509	8033.141694446373	1
22387	112280.5512772114	8033.133380717321	1
22388	112279.15755192	8033.141557327426	1
22389	112280.5525894263	8033.13288460339	1
22390	112280.5682229012	8033.132409463047	1
22391	112411.2315576446	8039.236866496897	1
22392	112411.2349417442	8039.239471498506	1
22393	113002.4666101437	8657.639615038686	1
22394	112411.293087198	8039.217777094133	1
22395	112491.6655342847	8026.68970128588	1
22396	112491.6687381809	8026.688433904037	1
22397	112492.9460873979	8026.541687285825	1
22398	112491.6762868426	8026.689711774043	1
22399	112492.9402531288	8026.544593271877	1
22400	112492.9401451201	8026.544536787286	1
22401	112494.1197302794	8026.523739963534	1
22402	112493.8401031268	8026.57121723997	1
22403	112494.7686150044	8026.757461611773	1
22404	112494.1155187026	8026.522975963378	1
22405	112495.2595066994	8026.710866535137	1
22406	112495.2604188182	8026.710743369626	1
22407	112665.2541423701	8018.377017850646	1
22408	112665.2520848179	8018.377096857649	1
22409	112666.58838135	8018.385453467933	1
22410	112665.2446015813	8018.374694075684	1
22411	112666.4881491633	8018.392917406215	1
22412	112666.5602084107	8018.388289989688	1
22413	112743.016400604	8015.39982176574	1
22414	112743.0375706582	8015.399709191358	1
22415	112744.2533611668	8015.34355858374	1
22416	112743.0251431767	8015.399897665829	1
22417	112744.224215386	8015.343398398551	1
22418	112744.216271928	8015.343237018134	1
22419	112932.6857184723	8022.640219547012	1
22420	112923.0482152462	8026.794096737677	1
22421	112441.8379570868	8519.822471086729	1
22422	112134.1801290039	8458.584864240573	1
22423	112435.1132889277	8520.967431800496	1
22424	112435.1211721419	8520.963059095586	1
22425	112544.575751406	8670.013231889314	1
22426	112544.5709685512	8670.02379449311	1
22427	112559.3463208564	8684.691066228623	1
22428	112932.7301379528	8022.621105586608	1
22429	112948.6278199619	8016.676060015965	1
22430	112558.3352887674	8683.377040410618	1
22431	112933.2766906217	8707.38228463929	1
22432	112948.50992623	8016.694581276765	1
22433	112949.0376769748	8015.898162289618	1
22434	112949.0979649747	8015.887566074568	1
22435	112949.0148865324	8016.597735307519	1
22436	112948.6479962578	8016.673437119179	1
22437	112955.7804262746	8015.40516462261	1
22438	112955.7816181396	8015.406124171341	1
22439	112958.1555286548	8014.986035833537	1
22440	112958.2109478279	8014.979926175876	1
22441	112958.7171812685	8014.897924764041	1
22442	112958.7195666052	8014.898718307835	1
22443	113062.1299597461	8010.064049834261	1
22444	113062.1735917336	8010.060704048587	1
22445	113063.7172736588	8009.893529083514	1
22446	113062.127323013	8010.064112467191	1
22447	113063.6739804422	8009.890277887152	1
22448	113063.725746333	8009.893775489427	1
22449	113068.9805830947	8009.936117812072	1
22450	113068.9000412757	8009.930061425289	1
22451	113070.4149761565	8009.98208988214	1
22452	113068.974750306	8009.935918704272	1
22453	113070.4865648952	8009.983173792377	1
22454	113070.4917943744	8009.983230303844	1
22455	113100.5020309057	8010.338116441739	1
22456	113100.5247427363	8010.33645180762	1
22457	113102.0547010977	8010.406239608539	1
22458	113100.036218319	8010.340743030165	1
22459	113102.0284223449	8010.407768315324	1
22460	113102.0590977497	8010.405598302483	1
22461	113122.8520957134	8010.793221998461	1
22462	113122.8733178591	8010.797352694629	1
22463	113124.2956840479	8010.931257464353	1
22464	113122.8596595795	8010.794508294569	1
22465	113124.410422664	8010.925268727887	1
22466	113124.4265646061	8010.929827129097	1
22467	113130.3776007844	8011.058720029206	1
22468	113130.3759825277	8011.057261407118	1
22469	113132.2938231585	8011.232346688999	1
22470	113130.349624594	8011.060097517317	1
22471	113132.0073069999	8011.259978237344	1
22472	113132.2211834904	8011.239017249353	1
22473	113142.9942296763	8011.722018382656	1
22474	113142.9919340788	8011.725864014265	1
22475	113144.7403739871	8011.821133455102	1
22476	113142.9479595257	8011.73370196406	1
22477	113144.7144229666	8011.823314264774	1
22478	113144.7520569096	8011.822143291925	1
22479	113206.4604332134	8015.112158953071	1
22480	112905.6241782063	8723.02206287121	1
22481	112938.6623489666	8704.322556812069	1
22482	112933.2675660165	8707.389631518896	1
22483	112999.5418622902	8662.776902104919	1
22484	112984.1066940387	8662.624023806626	1
22485	113233.6428347479	8306.834376622319	1
22486	113206.4837803649	8015.114388158645	1
22487	113208.7635770781	8015.200418155271	1
22488	113206.37530728	8015.120592291447	1
22489	113208.582686846	8015.201372961101	1
22490	113208.7750296677	8015.200975434771	1
22491	113282.1061578577	8018.969064045979	1
22492	112999.544600893	8662.773513424112	1
22493	113242.4434942665	8477.51316964521	1
22494	113282.3459119489	8018.967551788236	1
22495	113284.2003595936	8019.15915230612	1
22496	113282.1126641529	8018.966452454992	1
22497	113283.8167296743	8019.168214157789	1
22498	113284.1763970053	8019.160496521249	1
22499	113455.1276104495	8030.709059976597	1
22500	113455.071747283	8030.698318675853	1
22501	113457.88567236	8030.907267994166	1
22502	113454.6267156166	8030.741032693505	1
22503	113457.8220417271	8030.929871861794	1
22504	113458.1339215357	8030.928549023371	1
22505	113543.7966033654	8036.059170044546	1
22506	113543.7405099801	8036.053740309625	1
22507	113548.2184957633	8036.179428491854	1
22508	113548.4655708965	8036.175038094552	1
22509	113747.4111631571	8044.338299144272	1
22510	113745.7261681799	8043.923428769649	1
22511	113748.5346728799	8045.926749963303	1
22512	113748.0081523681	8044.306851818539	1
22513	113750.8506366088	8046.147450669818	1
22514	113750.8375092588	8046.127254159547	1
22515	113866.5985966497	8053.00724792523	1
22516	113866.3300763897	8053.09966828428	1
22517	114133.823546521	8012.854253420643	1
22518	114129.3243521739	8013.441345438567	1
22519	114052.3331911223	8158.543355681989	1
22520	114050.7505148595	8157.56978194969	1
22521	113695.5174173404	8079.152321149105	1
22522	113693.5694027587	8078.612497348773	1
22523	113687.1548435249	8079.49911450931	1
22524	113695.7305805274	8079.19480875285	1
22525	113688.095654103	8079.748520487279	1
22526	113687.879572778	8079.64105762734	1
22527	113618.3935014604	8088.032535215238	1
22528	113617.1366564226	8087.87178430991	1
22529	113608.6570867364	8088.330527771197	1
22530	113618.3375593209	8088.041244311115	1
22531	113611.9836534768	8088.469221481173	1
22532	113611.91003441	8088.475587737862	1
22533	113461.0836531064	8142.342490121244	1
22534	113461.0836531054	8142.342490121353	1
22535	113459.3370771697	8143.418290194667	1
22536	113461.2281178898	8142.356085347532	1
22537	113459.5579553978	8143.400461184478	1
22538	113459.4888636374	8143.430051159634	1
22539	113398.2972608196	8176.524158953322	1
22540	113398.2711316012	8176.523657114196	1
22541	113397.3631621165	8177.032792306789	1
22542	113397.3613842643	8177.032244752074	1
22543	113365.6127851688	8194.487579342249	1
22544	113364.9638060405	8194.642459539991	1
22545	113364.0783167426	8195.499222401555	1
22546	113365.6124169647	8194.487747108184	1
22547	113364.2727264265	8195.452904138485	1
22548	113364.2423497406	8195.459080374272	1
22549	113292.2039247116	8253.361759346075	1
22550	113292.1578831517	8253.37986785123	1
22551	113290.9260870967	8254.492356676443	1
22552	113292.2046187467	8253.368998609252	1
22553	113290.9752644289	8254.510322147478	1
22554	113290.9683953628	8254.520194436811	1
22555	113288.3904692889	8256.848884277861	1
22556	113288.3364301196	8256.862121445783	1
22557	113285.6689607375	8259.261637612375	1
22558	113288.393048707	8256.846397614256	1
22559	113285.8362967883	8259.248716095781	1
22560	113285.8488216441	8259.237950523106	1
22561	113253.7927714562	8290.202463638312	1
22562	113253.7984966084	8290.206620498404	1
22563	113250.9388449269	8301.712844612652	1
22564	113250.8352727047	8301.75390762578	1
22565	113249.9480354707	8302.964567815972	1
22566	113250.9097976805	8301.73905677207	1
22567	113249.9964724102	8302.933205010246	1
22568	113249.9592434044	8302.9637404649	1
22569	113216.94469544	8396.616404942875	1
22570	113216.9361029944	8396.609768116157	1
22571	113216.8861804337	8397.993664013682	1
22572	113216.9214704457	8396.632803538047	1
22573	113216.8809807862	8397.988937855345	1
22574	113216.9060766245	8398.004758477397	1
22575	113217.1298891122	8421.104593130929	1
22576	113216.6214847289	8420.422205637304	1
22577	113216.9477969971	8422.27785489794	1
22578	113217.1010063877	8421.032458857815	1
22579	113217.6700111711	8423.249427450764	1
22580	113217.5749041575	8423.062722328597	1
22581	113237.3968061265	8466.423387357623	1
22582	113237.5263383947	8466.71597007984	1
22583	113205.0920220053	8443.958163037711	1
22584	113205.091630311	8443.958181866023	1
22585	113204.9923499891	8444.957448461526	1
22586	113203.960936369	8444.224714375594	1
22587	113204.9338641294	8444.94455836512	1
22588	113204.9942606845	8444.94835090065	1
22589	113221.4952649584	8523.981388985998	1
22590	113221.3829357915	8524.103272866965	1
22591	113221.8421034466	8524.969753307423	1
22592	113221.4926100697	8523.983319923564	1
22593	113221.9302359329	8524.887490933867	1
22594	113221.8439393719	8524.974208239817	1
22595	113233.9532287017	8555.387186063594	1
22596	113233.9589750182	8555.37838705899	1
22597	113234.511122062	8556.107584124242	1
22598	113233.9577920485	8555.38967317057	1
22599	113234.5105707585	8556.10620170557	1
22600	113234.5111220619	8556.107584123256	1
22601	113236.387133624	8560.092531073884	1
22602	113236.3868444538	8560.096867364449	1
22603	113237.1130034413	8560.884904811366	1
22604	113236.3767284701	8560.103530989441	1
22605	113237.1012727275	8560.899205119709	1
22606	113237.1056168401	8560.886911405842	1
22607	113279.8612369685	8623.08306272924	1
22608	113279.8604832061	8623.08388944312	1
22609	113280.379077697	8623.984841431258	1
22610	113279.8592434661	8623.09342921234	1
22611	113280.3772674537	8623.990781508173	1
22612	113280.3783032866	8623.983147241659	1
22613	113281.173426491	8624.619901693306	1
22614	113281.1745418315	8624.620974930906	1
22615	113282.011071899	8625.176851880606	1
22616	113281.1747561917	8624.625849344076	1
22617	113281.9924981287	8625.219462027606	1
22618	113281.9955422886	8625.219868699802	1
22619	113283.0038566456	8625.344292226335	1
22620	113283.0047988604	8625.350531928634	1
22621	113283.9762748545	8625.412918021615	1
22622	113283.0000135131	8625.360259629508	1
22623	113283.9369820543	8625.524531386925	1
22624	113283.9781089369	8625.416594382714	1
22625	113287.4686305493	8575.972851847346	1
22626	113287.4690486651	8575.970647076318	1
22627	113429.3449071526	8719.648601115397	1
22628	113429.3536812083	8719.655073607648	1
22629	113429.4918588714	8719.698737979081	1
22630	113429.4998348225	8719.705557619096	1
22631	113546.6866209857	8769.992670560057	1
22632	113546.6645473873	8769.993699938295	1
22633	113546.7145755724	8769.994477716242	1
22634	113546.6861624199	8769.992451720396	1
22635	113547.5875165797	8770.692690455671	1
22636	113547.5889061206	8770.691707987609	1
22637	113626.4585953333	8791.409880854742	1
22638	113626.4607984517	8791.410689404609	1
22639	113627.3843622621	8791.890572464734	1
22640	113626.4788153438	8791.396118032208	1
22641	113627.3908390154	8791.866902305708	1
22642	113627.3844929187	8791.89058282029	1
22643	113628.3907475033	8792.279334064928	1
22644	113628.3916115789	8792.280314326983	1
22645	113629.4463951926	8792.386109014416	1
22646	113628.4154725497	8792.246551094519	1
22647	113629.4486174285	8792.377315111467	1
22648	113629.4468589869	8792.386401944688	1
22649	113664.388270474	8801.193581682768	1
22650	113664.3858203575	8801.199826084259	1
22651	113665.3800834582	8801.52048719352	1
22652	113664.3898491171	8801.19294951413	1
22653	113665.3836766037	8801.509107635917	1
22654	113665.3837256738	8801.520354198899	1
22655	113668.4552979234	8802.311950557607	1
22656	113668.4564113697	8802.312397063144	1
22657	113669.4742055116	8802.558660707406	1
22658	113668.4548615998	8802.309241197625	1
22659	113669.4764170537	8802.549620850712	1
22660	113669.4727011534	8802.555746020629	1
22661	113689.1145954799	8804.404837649578	1
22662	113689.0467071843	8804.293430053694	1
22663	113689.1461551745	8804.397577947961	1
22664	113689.1164380022	8804.404577859314	1
22665	113706.4439570492	8815.575272805729	1
22666	113706.2693356509	8815.616906313449	1
22667	113706.534963944	8815.54993472879	1
22668	113706.5389512199	8815.548476035117	1
22669	113780.959021389	8831.306367865811	1
22670	113780.9605584849	8831.306386944614	1
22671	113781.9635476922	8831.527796177312	1
22672	113780.9687356683	8831.297456014183	1
22673	113781.9655505285	8831.520849328845	1
22674	113781.9638236336	8831.526604080038	1
22675	113843.399586547	8834.012309372103	1
22676	113844.5372757306	8831.656817663166	1
22677	113844.3053570447	8834.239985307831	1
22678	113843.4014692112	8834.0100584674	1
22679	113844.3493952953	8834.318256867135	1
22680	113844.3462012006	8834.310868422874	1
22681	114017.3001280308	8869.535181662797	1
22682	114017.2982471701	8869.532808270937	1
22683	114018.3380913016	8869.706722908444	1
22684	114017.3006607242	8869.533701236041	1
22685	114018.3371079717	8869.705963779135	1
22686	114018.335627723	8869.707440995047	1
22687	114186.5399169064	8891.47985974883	1
22688	114186.540484134	8891.478233612299	1
22689	114187.5288602168	8891.75882268342	1
22690	114186.5416057677	8891.47185303932	1
22691	114187.4549735053	8891.559479276144	1
22692	114187.5282389336	8891.758586842472	1
22693	114189.4796300886	8892.538944301428	1
22694	114189.4796300892	8892.53894430065	1
22695	114190.5058712956	8892.369008312289	1
22696	114189.5357462857	8890.944671420761	1
22697	114190.4817789735	8892.209258356555	1
22698	114190.5021046886	8892.365258169055	1
22699	114217.039325012	8897.600778144595	1
22700	114217.0221357223	8897.629521635232	1
22701	114217.87643603	8898.118686604063	1
22702	114217.0407440576	8897.601595372378	1
22703	114217.8548119271	8898.056353287053	1
22704	114217.8745980188	8898.118229516231	1
22705	114219.9762540422	8898.207223197203	1
22706	114219.9766058979	8898.207255874438	1
22707	114220.9325710526	8898.605182173564	1
22708	114219.9825618505	8898.166243023385	1
22709	114220.8789222941	8898.425225908695	1
22710	114220.9329665192	8898.606434510239	1
22711	114246.8854593812	8902.491618197124	1
22712	114246.8590760785	8902.441765952251	1
22713	114246.8934074941	8902.49525629826	1
22714	114246.8838938625	8902.490663005594	1
22715	114252.6680745991	8905.969594793014	1
22716	114252.6718225737	8905.971933117209	1
22717	114252.9564231739	8906.043303962117	1
22718	114252.7944690985	8905.995449533089	1
22719	114259.0990397616	8906.301171857654	1
22720	114259.1007430243	8906.300572852015	1
22721	114259.8083960119	8906.217872097232	1
22722	114259.8141796743	8906.217724333072	1
22723	114265.2066610946	8902.606933238723	1
22724	114265.1908382383	8901.889082242145	1
22725	114338.0056957239	8899.170390682777	1
22726	114265.2055662088	8902.607817540111	1
22727	114288.0660049286	8903.002337644362	1
22728	114288.0673118676	8903.002215558674	1
22729	114289.0076160284	8902.592362268448	1
22730	114288.0668758483	8902.981373942535	1
22731	114289.0085594569	8902.587171063484	1
22732	114289.0060343426	8902.591962703873	1
22733	114335.8177692625	8904.09095812783	1
22734	114335.8180338339	8904.092029095324	1
22735	114336.7571759552	8903.553058727221	1
22736	114335.7338902663	8904.181847321233	1
22737	114336.7275263059	8903.617466265667	1
22738	114336.7573213549	8903.552930065202	1
22739	114337.5958472288	8901.823951919419	1
22740	114337.5973456792	8901.824629244227	1
22741	114415.2403298278	8901.742925168224	1
22742	114415.2430949513	8901.742868254694	1
22743	114416.1962636667	8901.669851235592	1
22744	114415.2425948452	8901.739379841236	1
22745	114416.1754280672	8901.65379091692	1
22746	114416.1957349768	8901.669862162236	1
22747	114455.2126223066	8895.480306920266	1
22748	114455.2115974247	8895.48044556586	1
22749	114456.1771183072	8895.148359799568	1
22750	114455.2094825199	8895.458664833894	1
22751	114456.1634560498	8895.126933829648	1
22752	114456.1773343701	8895.147590866287	1
22753	114471.7118295812	8892.800411621582	1
22754	114471.6124092413	8892.739858767387	1
22755	114471.7498515216	8892.780874325264	1
22756	114471.7197214951	8892.80239994984	1
22757	114492.6447481045	8891.763791928324	1
22758	114492.6431310032	8891.763569930261	1
22759	114493.6152623623	8892.115435527036	1
22760	114492.6470886347	8891.761133936816	1
22761	114493.6133551447	8892.103817653047	1
22762	114493.6157196552	8892.115391462903	1
22763	114520.2969057256	8887.478566019568	1
22764	114520.3022311115	8887.473360104932	1
22765	114521.3097181732	8887.546127198078	1
22766	114520.298398077	8887.479729544668	1
22767	114521.310828269	8887.565209408554	1
22768	114521.3132726307	8887.563141423101	1
22769	114529.4436421388	8885.820319938413	1
22770	114529.4430112084	8885.814339202456	1
22771	114530.3916988584	8885.414386215676	1
22772	114529.4482306455	8885.818370025629	1
22773	114530.3918308191	8885.41613088299	1
22774	114530.3918308184	8885.41613088228	1
22775	114579.4788870927	8870.630024275797	1
22776	114579.4821914317	8870.629134622384	1
22777	114580.4440659398	8870.43760613982	1
22778	114579.4856611725	8870.617516023687	1
22779	114580.4396800977	8870.435707079601	1
22780	114580.4425173444	8870.438068983074	1
22781	114610.2425403265	8860.01734797714	1
22782	114610.2431667447	8860.016930407695	1
22783	114611.2600785553	8859.762224694277	1
22784	114610.2296845283	8860.007373104707	1
22785	114611.2642067865	8859.761479387353	1
22786	114611.2640020073	8859.761316985636	1
22787	114714.1543487968	8807.927905726692	1
22788	114714.157967914	8807.932059197796	1
22789	114715.1771471966	8807.735488825547	1
22790	114714.1741028163	8807.951995371977	1
22791	114715.2250874384	8807.869909246438	1
22792	114715.1803521725	8807.734806721779	1
22793	114738.5028089873	8790.278031871079	1
22794	114738.5031171064	8790.271662182691	1
22795	114738.9581813216	8789.353056949994	1
22796	114738.5159208157	8790.279037447677	1
22797	114738.9644509986	8789.364343606831	1
22798	114738.9593716901	8789.354345897786	1
22799	114753.4518708925	8773.420429435271	1
22800	114753.4526614596	8773.420255985495	1
22801	114754.1235783906	8772.562473616454	1
22802	114753.4670569603	8773.436580617165	1
22803	114754.1263168931	8772.563987911193	1
22804	114754.1258768758	8772.562834753828	1
22805	114756.8166090102	8767.814170606925	1
22806	114756.8283038803	8767.822127943902	1
22807	114757.4974221769	8767.038480001598	1
22808	114756.8168165908	8767.814158044777	1
22809	114757.4896617128	8767.001029034873	1
22810	114757.4895806927	8767.001446810124	1
22811	114842.61852941	8586.363062809884	1
22812	114842.625183434	8586.371010926145	1
22813	114843.0778406487	8585.307834007566	1
22814	114842.6165455328	8586.362099090644	1
22815	114843.0572796467	8585.292078249822	1
22816	114843.0566987122	8585.289674962758	1
22817	114832.8571664972	8539.577563436151	1
22818	114832.8572527934	8539.577095235123	1
22819	114832.0838226002	8538.386744642234	1
22820	114832.8068340476	8539.548457595747	1
22821	114831.8822321861	8538.308683491467	1
22822	114831.8851749136	8538.308346607726	1
22823	114829.7475309992	8529.778416498137	1
22824	114829.7610147385	8529.779269854453	1
22825	114828.2852124207	8528.811438928773	1
22826	114830.2000737362	8530.012309768967	1
22827	114828.7459734942	8529.087285444588	1
22828	114828.286217542	8528.811423426103	1
22829	114213.3981607258	8209.806713408512	1
22830	114213.4751019729	8209.828040441298	1
22831	114947.9158241139	8315.357867259641	1
22832	114947.8991280406	8315.3545203415	1
22833	114949.6932888432	8315.356943412156	1
22834	114948.2248290097	8315.451739795331	1
22835	114949.9001283752	8315.408552935585	1
22836	114949.7471136905	8315.368551635962	1
22837	114996.1034345143	8311.24675648734	1
22838	114996.1278877798	8311.267057849338	1
22839	114998.1248768131	8311.314440248312	1
22840	115000.237290761	8313.943239208489	1
22841	114998.212285058	8311.325531303675	1
22842	114998.1766229874	8311.320184864881	1
22843	115191.9407239418	8294.030833125193	1
22844	115191.9321060171	8294.031795422134	1
22845	115193.1190208226	8293.955219690903	1
22846	115193.0405464596	8293.874143927986	1
22847	115193.8655028171	8294.196793534707	1
22848	115193.128515629	8293.9542022149	1
22849	115213.4695819367	8292.327561638665	1
22850	115213.4838461934	8292.328210952193	1
22851	115214.7024915959	8292.073768577862	1
22852	115214.7463609747	8292.663899007621	1
22853	115214.8260109841	8292.063132366373	1
22854	115214.8189721886	8292.064376881886	1
22855	115217.118424868	8291.738694799516	1
22856	115217.1188293445	8291.738007683063	1
22857	115218.1904173887	8291.652030386911	1
22858	115217.2797796459	8291.68751786875	1
22859	115218.2608016942	8291.65919577195	1
22860	115218.1899986322	8291.650373812961	1
22861	115278.1883365933	8284.855850865852	1
22862	114410.6649236829	7968.594518192587	1
22863	116114.3252309768	7733.320736731815	1
22864	115278.2638350144	8284.808761146207	1
22865	115329.1367501538	8280.487480006121	1
22866	115278.1875563766	8284.855989202932	1
22867	115326.8718257209	8280.500534724752	1
22868	115326.8760762796	8280.498674979981	1
22869	115328.2184349714	8280.436861399063	1
22870	115326.8695335781	8280.499695581884	1
22871	115328.2247648678	8280.436706079036	1
22872	115328.2196725874	8280.436323646942	1
22873	115343.3792898132	8279.131958677892	1
22874	115343.3789114132	8279.131955633446	1
22875	115344.3791468042	8278.876227043946	1
22876	115343.4211728103	8279.132025567655	1
22877	115344.3678919083	8278.876647188352	1
22878	115344.3798279047	8278.876178566015	1
22879	115346.5701157962	8278.401719437186	1
22880	115346.5120592506	8278.411376396483	1
22881	115347.623880957	8278.214805174266	1
22882	115346.5776530937	8278.402132597013	1
22883	115347.6856916158	8278.201243833861	1
22884	115347.629754207	8278.214763352849	1
22885	115355.257897803	8277.498944897337	1
22886	115355.3559670117	8277.45224501914	1
22887	115403.8730088933	8274.685313510774	1
22888	115355.2512634574	8277.499404242119	1
22889	115403.6032989083	8274.816303846515	1
22890	115403.6036297278	8274.816219138267	1
22891	115441.1586912993	8270.743776041671	1
22892	115441.5241720217	8270.802543183932	1
22893	115442.2826383061	8270.280623436458	1
22894	115441.1621713814	8270.743641632991	1
22895	115442.1757224377	8270.335842939618	1
22896	115442.1681507989	8270.335403720757	1
22897	115658.2193075792	8263.644052546084	1
22898	115658.2158987331	8263.644000965764	1
22899	115659.0880717679	8263.959453608464	1
22900	115658.4394955129	8263.4878821522	1
22901	115659.1057229338	8263.962616348144	1
22902	115659.0917208969	8263.959146011042	1
22903	115688.1579119287	8263.064123095597	1
22904	115688.1579761144	8263.063407359114	1
22905	115688.9805215002	8262.39870404974	1
22906	115688.2321616024	8263.103401324988	1
22907	115689.280548705	8262.272143366152	1
22908	115689.2802784113	8262.272004267634	1
22909	115696.8415192296	8261.576958732438	1
22910	115696.860396229	8261.574729000613	1
22911	115697.9914996452	8261.763381714227	1
22912	115696.8440534364	8261.576667994614	1
22913	115697.6934175724	8261.851493570763	1
22914	115697.6925555348	8261.851809700256	1
22915	115733.7644772965	8259.627537213913	1
22916	115733.8488791622	8259.601767886883	1
22917	115734.4946968615	8259.112964793601	1
22918	115733.7662737739	8259.627411623294	1
22919	115734.4960025576	8259.11573221943	1
22920	115734.4963210573	8259.115773172964	1
22921	115806.3165004947	8246.875601118179	1
22922	115806.3160812127	8246.83751183628	1
22923	115806.8371210213	8247.24501071644	1
22924	115806.3170365911	8246.877008438198	1
22925	115806.7993834157	8247.234651842487	1
22926	115806.798573579	8247.235001358076	1
22927	115970.7756149265	8226.893896138643	1
22928	115970.759914896	8226.905865663377	1
22929	115971.7585923597	8227.036874141544	1
22930	115970.7763552458	8226.893800472897	1
22931	115971.7624753446	8227.033959801818	1
22932	115970.7383139129	8226.924160943878	1
22933	115971.7578556385	8227.037986518506	1
22934	115971.7590704138	8227.036902397118	1
22935	115973.8414885147	8226.938542803307	1
22936	115973.8417748078	8226.93871327693	1
22937	115974.8182558132	8227.421955249203	1
22938	115974.0637030983	8226.802856732278	1
22939	115974.9206597207	8227.419140263166	1
22940	115974.8186475393	8227.422417476248	1
22941	116008.5863639186	8224.850096190996	1
22942	116008.5850883881	8224.849565018892	1
22943	116009.5188121817	8225.23750597204	1
22944	116008.6784310126	8224.78652686313	1
22945	116009.5219782377	8225.227464079711	1
22946	116009.5171065608	8225.234985970541	1
22947	116045.1147638942	8222.761322009364	1
22948	116045.1156901208	8222.759028423092	1
22949	116045.9786344675	8222.531567927475	1
22950	116045.9843970391	8222.526814106484	1
22951	116046.9017676626	8221.975156336755	1
22952	116045.977408438	8222.531793056307	1
22953	116046.9038465077	8221.976258482446	1
22954	116046.9050179785	8221.976157816811	1
22955	116278.7593875004	8191.468113375916	1
22956	116278.7552154407	8191.470106393626	1
22957	116280.0027362823	8191.241909949366	1
22958	116280.0056593627	8191.238251831155	1
22959	116286.9058104792	8189.949393389668	1
22960	116286.9049306846	8189.949793786423	1
22961	116287.4377368714	8189.814878548367	1
22962	116287.4419981485	8189.811908762274	1
22963	116387.9511470242	8151.277293546117	1
22964	116387.8982908364	8151.252845925885	1
22965	116387.6724705604	8151.152656985972	1
22966	116387.9556210879	8151.278776760431	1
22967	116388.1390915435	8151.326279827887	1
22968	116388.1356624577	8151.324904910093	1
22969	116395.7389767652	8146.815314031008	1
22970	116395.7414251951	8146.814062660331	1
22971	116396.9219315267	8146.480914954191	1
22972	116388.0637243674	8151.235120882511	1
22973	116397.587195093	8146.357384824721	1
22974	116396.9214760475	8146.481063842037	1
22975	116401.6088306296	8143.505127484328	1
22976	116401.608809608	8143.507512417937	1
22977	116402.3758980064	8143.108878267196	1
22978	116402.152632153	8143.231220424528	1
22979	116402.4063626454	8143.095558664266	1
22980	116402.3870012832	8143.099623558437	1
22981	116409.3697664657	8138.66413149835	1
22982	116409.3070038562	8138.733492382207	1
22983	116409.1242078877	8138.744843144349	1
22984	116409.2993013685	8138.584814765378	1
22985	116409.5235623881	8138.436431359834	1
22986	116409.3554126382	8138.673570436772	1
22987	116413.1742435786	8135.906013049767	1
22988	116413.171265035	8135.914311049286	1
22989	116416.0576755684	8133.728090778389	1
22990	116416.0603939525	8133.726488631233	1
22991	116417.014559929	8132.083513382394	1
22992	116417.0201367756	8132.071537949854	1
22993	116417.0793194895	8132.083861974546	1
22994	116417.0375711117	8132.076807669474	1
22995	116415.1331168867	8134.299463117198	1
22996	116415.9897053766	8133.964413069008	1
22997	116417.8188403185	8132.829638013854	1
22998	116415.1338232546	8134.305013233801	1
22999	116422.3851183682	8125.753501968493	1
23000	116422.3816669674	8125.756230957768	1
23001	116422.5716706046	8125.551217383332	1
23002	116422.5894434485	8125.544950640564	1
23003	116493.6499962034	7722.513342166739	1
23004	116493.6399460036	7722.499034704722	1
23005	116998.3212508542	8115.03208881089	1
23006	116998.318183931	8115.027356930796	1
23007	116999.5077317982	8115.344559660247	1
23008	116998.4276026441	8115.171782679453	1
23009	116999.5105361004	8115.350178031716	1
23010	116999.5153023975	8115.35017150765	1
23011	117000.7079819959	8115.980768108631	1
23012	117001.0347025399	8116.342788059965	1
23013	117002.2105528925	8116.793877519525	1
23014	117000.7098489407	8115.984444196982	1
23015	117002.1586928557	8116.749016761246	1
23016	117002.159649735	8116.749457301273	1
23017	117005.2696775637	8117.217927364241	1
23018	117005.2694720092	8117.217953828578	1
23019	117006.353433858	8117.293772085311	1
23020	117005.2765136687	8117.223076768816	1
23021	117006.3779806228	8117.308953572927	1
23022	117006.3614424908	8117.300394147896	1
23023	117008.7032750159	8117.316756817077	1
23024	117008.7031766439	8117.316780393901	1
23025	117009.7342920369	8117.086316129151	1
23026	117008.8086708549	8117.442938607562	1
23027	117009.7458540072	8117.100092879333	1
23028	117009.7330313515	8117.085749616213	1
23029	117052.2206847674	8097.483017055061	1
23030	117052.2203163619	8097.482871076892	1
23031	117053.0109707643	8096.704891357161	1
23032	117052.2295109178	8097.489138078801	1
23033	117053.0264738573	8096.710882768069	1
23034	117053.0236718361	8096.702788139539	1
23035	117160.7910488496	7989.323847755951	1
23036	117160.7959234872	7989.323823897311	1
23037	117161.3912550427	7988.43615069936	1
23038	117160.8194848754	7989.338473159013	1
23039	117161.4178481735	7988.457599695575	1
23040	117161.3985488488	7988.438068658147	1
23041	117180.5756856559	7950.202004484231	1
23042	117180.5705728089	7950.199731381274	1
23043	117180.6760615319	7949.077511980044	1
23044	117180.5965725692	7950.211207751112	1
23045	117180.7223879052	7949.115664784623	1
23046	117180.7199151266	7949.115828194826	1
23047	117189.2315219722	7906.562962154469	1
23048	117189.2323432461	7906.562984510106	1
23049	117189.2844355733	7905.418928286511	1
23050	117189.2414726423	7906.575388456423	1
23051	117189.2945982716	7905.424276853279	1
23052	117189.2844462512	7905.418925325937	1
23053	117188.6484469638	7857.15388944792	1
23054	117188.6502686843	7857.156632654607	1
23055	117188.7026935109	7856.048825591707	1
23056	117188.7132169913	7857.183390105906	1
23057	117188.7530958366	7856.07499160186	1
23058	117188.702550987	7856.051482746018	1
23059	117175.6636649001	7815.8844730236	1
23060	117175.6721134715	7815.874013941756	1
23061	117175.8017542466	7814.789104253763	1
23062	117175.6870120938	7815.886589321755	1
23063	117175.8497702323	7814.801517006892	1
23064	117175.7944653081	7814.791374724501	1
23065	117171.7273352565	7810.128368483814	1
23066	117171.7218411036	7810.113130128533	1
23067	117171.494895567	7809.769768163032	1
23068	117171.5017222591	7809.767597880038	1
23069	117170.3273367039	7807.967147315247	1
23070	117170.3120610986	7807.944626981971	1
23071	117169.9448182801	7807.483564224718	1
23072	117169.9493811948	7807.489610811156	1
23073	117157.274773069	7786.314378229839	1
23074	117157.2741730449	7786.313375707218	1
23075	117156.4673467499	7785.448172943115	1
23076	117157.5304267807	7786.332771706592	1
23077	117156.517085962	7785.451193356291	1
23078	117156.4711323554	7785.439190344083	1
23079	117114.4692044432	7743.590651610287	1
23080	117114.4651519267	7743.587917183444	1
23081	117113.6667352854	7742.698708710066	1
23082	117114.6357810712	7743.618813230571	1
23083	117113.8279896895	7742.74009642379	1
23084	117113.6968893938	7742.695297623576	1
23085	117093.5563748648	7729.848894335443	1
23086	117093.5380001316	7729.854276880224	1
23087	117092.3028452324	7728.924729079638	1
23088	117093.8905668397	7729.86801133785	1
23089	117092.6167019766	7728.942435785742	1
23090	117092.2794414103	7728.924412517325	1
23091	117023.4848960863	7700.387947141987	1
23092	117023.4047453802	7700.384139300971	1
23093	117020.6465939814	7699.848698251175	1
23094	117024.179723614	7700.380588639435	1
23095	117020.9491855909	7699.855978326349	1
23096	117020.6226833565	7699.841375709289	1
23097	117013.2838704955	7698.811718476932	1
23098	117013.305867966	7698.816443234255	1
23099	117010.0968922945	7698.318694660848	1
23100	117014.9389653532	7698.794341260331	1
23101	117011.1593560709	7698.308012970743	1
23102	117010.0077045842	7698.296990459245	1
23103	116663.684149322	7688.241783213198	1
23104	116663.6248668098	7688.242730607049	1
23105	116942.0770665921	7680.180786060195	1
23106	116942.0770494412	7680.180787134664	1
23107	116945.696733673	7679.853885358892	1
23108	116945.621054101	7679.858067965765	1
23109	116949.0438831067	7679.31342023182	1
23110	116947.8474018876	7679.727842502954	1
23111	116950.7464009037	7679.177251950279	1
23112	116949.1287210898	7679.312847777592	1
23113	116763.2572742969	7648.433175243605	1
23114	116763.2744392483	7648.434689439979	1
23115	116760.4264504017	7648.525135858827	1
23116	116763.4951738745	7648.364622172897	1
23117	116760.914028176	7648.402601241224	1
23118	116760.9140281751	7648.402601241465	1
23119	116128.1978904795	7731.725822397741	1
23120	116128.1139364854	7731.74727047076	1
23121	116455.6432876285	7707.060286565408	1
23122	116447.8751186876	7707.731320740741	1
23123	116560.9360299609	7691.806195498647	1
23124	116560.0315452158	7691.740920196531	1
23125	116548.9489678696	7649.569111709521	1
23126	116548.9073398481	7649.593066176702	1
23127	116555.5761841048	7647.694713735705	1
23128	116549.450221122	7649.2245961834	1
23129	116556.3873051623	7647.0058930554	1
23130	116556.0558123266	7647.149660707274	1
23131	116647.7031711749	7607.896893127479	1
23132	116647.6676127956	7607.898464696286	1
23133	116650.6479751226	7606.596464896604	1
23134	116648.0458457299	7607.691356792766	1
23135	116650.6348097065	7606.580311393126	1
23136	116650.6839809885	7606.581151888247	1
23137	116877.2336396359	7514.131357310873	1
23138	116877.1687939772	7514.143648346321	1
23139	116879.9464060017	7513.077087421663	1
23140	116877.2692286856	7514.119278643362	1
23141	116880.1962565533	7512.968846624581	1
23142	116879.9583917508	7513.072199080205	1
23143	116926.1664122273	7495.597400108529	1
23144	116926.2944735464	7495.567962877271	1
23145	116929.2349513461	7494.527600022657	1
23146	116926.018528796	7495.634388064118	1
23147	116928.8623523484	7494.595473474334	1
23148	116928.8501571224	7494.597972961973	1
23149	117175.0791336893	7406.733735142034	1
23150	117175.0270327147	7406.756855507752	1
23151	117176.9229766369	7406.117654840909	1
23152	117175.0770116706	7406.733182587727	1
23153	117177.2577511481	7406.046177238106	1
23154	117176.9276772512	7406.116027619569	1
23155	117192.1180543065	7400.819755673092	1
23156	117192.1370096167	7400.813142101634	1
23157	117193.9011601739	7400.226882244608	1
23158	117192.2489551433	7400.775131166349	1
23159	117193.9177398431	7400.218523576233	1
23160	117193.9150829525	7400.221922349887	1
23161	117264.804711497	7377.783420698142	1
23162	117264.809313223	7377.78287646982	1
23163	117266.5389783042	7377.196621565365	1
23164	117264.8234387066	7377.778851651714	1
23165	117266.6254784596	7377.176546127452	1
23166	117266.489232283	7377.205544182778	1
23167	117273.2480324538	7374.945609110429	1
23168	117273.2372269038	7374.950446921117	1
23169	117274.6731923894	7374.475234405463	1
23170	117273.2808209522	7374.932595197192	1
23171	117274.6789877061	7374.483246704449	1
23172	117274.6708907689	7374.47601873526	1
23173	117276.4350407165	7373.875778552318	1
23174	117276.5204202964	7373.852853004336	1
23175	117278.09175484	7373.381269887257	1
23176	117276.4904330509	7373.85967106407	1
23177	117278.0558544422	7373.390162675781	1
23178	117278.0776763099	7373.38583176206	1
23179	117283.2532729924	7371.828531843583	1
23180	117283.1921942949	7371.840670833908	1
23181	117284.9147155861	7371.311607353516	1
23182	117283.4319999952	7371.777930092184	1
23183	117284.9350834425	7371.306258300615	1
23184	117284.914715587	7371.31160735323	1
23185	117358.7373520579	7349.642935126218	1
23186	117358.7270594267	7349.64656179672	1
23187	117360.0689867602	7349.228055546018	1
23188	117358.7320140683	7349.649839851936	1
23189	117360.0756075139	7349.228056454676	1
23190	117360.0855805002	7349.221862115897	1
23191	117363.1202593274	7348.252583341971	1
23192	117363.0969487622	7348.257628069611	1
23193	117364.6863668829	7347.883834117843	1
23194	117363.2207477328	7348.216549139966	1
23195	117365.0359302178	7347.796725498809	1
23196	117364.6607661478	7347.886624507225	1
23197	117405.5419440594	7336.805144933554	1
23198	117405.5419440603	7336.805144933393	1
23199	117406.9461412107	7336.278819708406	1
23200	117405.5432427906	7336.806510134735	1
23201	117407.0135379513	7336.257930391861	1
23202	117406.9476180644	7336.280085525386	1
23203	118101.9099163861	7165.958721034078	1
23204	118102.5151085276	7165.827906431714	1
23205	118101.6862179425	7165.985206682081	1
23206	118101.9295001799	7165.951470580827	1
23207	118294.3919180513	7115.193528232218	1
23208	118294.1666278795	7115.230074605661	1
23209	118297.6266109468	7114.287173970157	1
23210	118294.4262431006	7115.184243311506	1
23211	118297.0822002376	7114.455519581254	1
23212	118297.0365704502	7114.46818485378	1
23213	118508.5345098242	7061.34210999388	1
23214	118508.5288918937	7061.343699899227	1
23215	118509.7479318565	7061.285675789025	1
23216	118508.5744828873	7061.303552095955	1
23217	118509.7599055286	7061.288422044161	1
23218	118509.7464671293	7061.286041031135	1
23219	118572.9822592336	7044.483085626987	1
23220	118572.9830106041	7044.481377774202	1
23221	118574.3265937873	7044.081063759584	1
23222	118573.0087356533	7044.475980435829	1
23223	118574.482151949	7044.000890265324	1
23224	118574.3282920927	7044.080527834672	1
23225	118645.4576792124	7025.442921536136	1
23226	118645.4517835418	7025.444666591658	1
23227	118646.9039976408	7024.954189135277	1
23228	118645.5551845656	7025.406345280145	1
23229	118646.9503990033	7024.931724766617	1
23230	118646.9046357068	7024.953916737446	1
23231	118665.5385506647	7020.381542492929	1
23232	118665.5426863105	7020.380462136178	1
23233	118666.7422085565	7020.055637766055	1
23234	118665.6505488674	7020.328862470238	1
23235	118666.8008894567	7020.025138624491	1
23236	118666.7388434948	7020.056671568324	1
23237	118786.2911645446	6991.285325369514	1
23238	118786.2768669165	6991.288685359018	1
23239	118787.607103091	6991.053669751029	1
23240	118786.3015505543	6991.26390909377	1
23241	118787.6209452263	6991.04829136441	1
23242	118787.5960321535	6991.05468016447	1
23243	118808.5329886774	6986.793987408511	1
23244	118808.5410885472	6986.791038463867	1
23245	118809.6568874571	6986.962250610812	1
23246	118808.5750973492	6986.778362173786	1
23247	118809.7192512216	6986.950004733384	1
23248	118809.6594974074	6986.961410747868	1
23249	118966.6745102939	6946.260612972002	1
23250	118966.6862923689	6946.333013883919	1
23251	118966.7998370523	6946.180596005885	1
23252	118966.6757128572	6946.260417223418	1
23253	119137.9905018369	6918.891608838412	1
23254	119138.0139995023	6918.881875102221	1
23255	119139.0770111101	6918.952707951154	1
23256	119137.9896387123	6918.891795252019	1
23257	119139.0713801078	6918.967418922988	1
23258	119139.0698802389	6918.967003728665	1
23259	119175.385757308	6912.346607412858	1
23260	119175.3829839512	6912.336726519323	1
23261	119176.5298610797	6912.106128802073	1
23262	119175.3802331542	6912.347791309884	1
23263	119176.5059411607	6912.119474538315	1
23264	119176.5101737	6912.118680268753	1
23265	119177.6378087674	6912.233116915314	1
23266	119177.6361050207	6912.232938186665	1
23267	119178.7274832107	6912.103012960046	1
23268	119178.7218126826	6912.104216243546	1
23269	119179.9079359943	6911.861584857162	1
23270	119178.7284037397	6912.102775552758	1
23271	119179.9196313085	6911.85977014644	1
23272	119179.9179852756	6911.86009509523	1
23273	119284.9406772754	6890.82257312382	1
23274	119284.6166150194	6890.936539812483	1
23275	119285.4186811403	6891.355330948487	1
23276	119284.9406886733	6890.82104097811	1
23277	119285.3038561383	6891.346199593837	1
23278	119285.4184577979	6891.355594405834	1
23279	119388.7871740282	6871.971355356106	1
23280	119388.7900035226	6871.971228730983	1
23281	119389.8226770229	6871.737075833158	1
23282	119388.7935883843	6871.96976616659	1
23283	119389.8162171553	6871.73850326799	1
23284	119389.8253629802	6871.736692359337	1
23285	119390.9136700659	6871.509206992077	1
23286	119389.8025554968	6871.736412951275	1
23287	119390.9317725067	6871.5027954361	1
23288	119390.9325832094	6871.505589921841	1
23289	119600.8944267544	6832.216687450594	1
23290	119600.8976217974	6832.215972640179	1
23291	119601.9859132249	6832.151295742938	1
23292	119600.9335193233	6832.184361816304	1
23293	119602.1362032637	6831.715823192666	1
23294	119602.0132529072	6832.146904222502	1
23295	119658.9423330919	6821.843845862847	1
23296	119658.9451572291	6821.843340353817	1
23297	119660.1562673026	6822.017970982881	1
23298	119659.0387297912	6821.75749402644	1
23299	119660.1921072768	6821.961230328465	1
23300	119660.1544161317	6822.017863378906	1
23301	119818.0619622591	6794.703656498352	1
23302	119818.0830242658	6794.700929694137	1
23303	119819.3296784325	6794.37229275688	1
23304	119818.0502761457	6794.674254792842	1
23305	119819.4497137828	6793.826255817779	1
23306	119819.3295627479	6794.372353911305	1
23307	119954.9900744617	6774.604209096899	1
23308	119954.9875057537	6774.604613755794	1
23309	119956.2128737635	6774.488015653663	1
23310	119954.9974333344	6774.601833205233	1
23311	119956.2178977679	6774.484154425912	1
23312	119956.2167640912	6774.487285544239	1
23313	119993.5861171283	6769.691406899929	1
23314	119993.5986807506	6769.69400886467	1
23315	119994.749154789	6769.810546616438	1
23316	119993.5927759531	6769.69009729669	1
23317	119994.7547702412	6769.809856296386	1
23318	119994.7492687869	6769.810526622934	1
23319	120053.4842330708	6762.953577662738	1
23320	120053.4765296069	6762.955064877533	1
23321	120054.549418422	6762.696263871749	1
23322	120053.4301240786	6762.951226461744	1
23323	120054.5402858295	6762.69424802466	1
23324	120054.5687695828	6762.689326921151	1
23325	120099.2631105213	6760.120396938268	1
23326	120099.2615806046	6760.120848910321	1
23327	120100.5096540189	6759.850365624052	1
23328	120099.1958787686	6760.133943382061	1
23329	120100.026619531	6759.909133632122	1
23330	120100.028908707	6759.908917222439	1
23331	120660.3996142806	6688.417080309462	1
23332	120660.4642674045	6688.406726446394	1
23333	120546.8647642235	6710.203062494662	1
23334	120546.8138335352	6710.226480275379	1
23335	120546.5402312452	6710.07733562668	1
23336	120546.4822835811	6710.090293374507	1
23337	120620.4576479951	6851.624490022249	1
23338	120620.4512606616	6851.624778314661	1
23339	120621.3889441959	6851.783903821939	1
23340	120620.4836728332	6851.342425484889	1
23341	120621.3698325192	6851.693958661277	1
23342	120621.3913320483	6851.786296579032	1
23343	120650.6062987444	6853.201165175808	1
23344	120650.6080061831	6853.201070877307	1
23345	120651.4808358062	6852.652757469483	1
23346	120650.6087274896	6853.180685153498	1
23347	120651.4809304628	6852.63252752685	1
23348	120651.479710498	6852.652789172735	1
23349	120675.0499179263	6851.544566810402	1
23350	120675.0490743516	6851.537531703781	1
23351	120675.986025389	6851.346814479456	1
23352	120675.050456025	6851.544545625911	1
23353	120675.9967298671	6851.373430600592	1
23354	120675.9888249913	6851.348644542367	1
23355	120792.0373075334	6859.618566322565	1
23356	120792.0404075106	6859.618433182	1
23357	120792.9066515936	6859.54894697193	1
23358	120792.0510925347	6859.614556558911	1
23359	120792.8805495466	6859.521694616375	1
23360	120792.9066515946	6859.548946971798	1
23361	120841.409530841	6864.653626337784	1
23362	120841.4399586599	6864.485655458291	1
23363	120842.3664272979	6864.895505906057	1
23364	120841.4070939611	6864.65338685823	1
23365	120842.3652880318	6864.90532497905	1
23366	120842.366327309	6864.905380262822	1
23367	120916.3412900066	6869.234388825695	1
23368	120916.3470630577	6869.234468170337	1
23369	120917.2850392927	6869.005788351898	1
23370	120916.3454247881	6869.233988458518	1
23371	120917.3397487957	6869.021751546255	1
23372	120917.3394644624	6869.021803973636	1
23373	120944.4810716687	6870.277148068527	1
23374	120944.4836739626	6870.277352980382	1
23375	120945.5242422913	6870.216711635159	1
23376	120944.4810029212	6870.277178884204	1
23377	120945.5229420357	6870.218972823905	1
23378	120945.5251155861	6870.218537859892	1
23379	121208.1418657575	6875.561184460728	1
23380	121208.1410835774	6875.561265896458	1
23381	121209.1570796753	6875.753313462307	1
23382	121208.1536828991	6875.552348285091	1
23383	121209.1338865276	6875.767043095086	1
23384	121209.1586309428	6875.753170972808	1
23385	121443.964643209	6878.854654950856	1
23386	121443.9618062621	6878.854759633585	1
23387	121444.9757111857	6879.096144942358	1
23388	121443.9766563324	6878.856174450048	1
23389	121444.9729220864	6879.122362380123	1
23390	121444.975435493	6879.096236854122	1
23391	121450.2517184312	6878.904360991186	1
23392	121450.2524642366	6878.904074589457	1
23393	121451.2950900649	6878.921548108064	1
23394	121450.254282893	6878.908820420935	1
23395	121451.3011622046	6878.924523008891	1
23396	121451.2965167306	6878.921462186778	1
23397	121459.6577048149	6878.606200065261	1
23398	121459.6579480751	6878.606078010167	1
23399	121460.7295253396	6878.59327206202	1
23400	121459.6559947659	6878.608074994063	1
23401	121460.7279059314	6878.593837791388	1
23402	121460.72976335	6878.593224815685	1
23403	121604.1603411627	6871.909306716246	1
23404	121604.1593851958	6871.909048371364	1
23405	121605.2083053322	6871.988625769635	1
23406	121604.5255259202	6872.187642179944	1
23407	121605.2093497242	6871.990027365662	1
23408	121605.2077602597	6871.988697351349	1
23409	121683.0039789581	6861.208463387859	1
23410	121683.004365902	6861.208499439188	1
23411	121683.9963679228	6860.907175089863	1
23412	121683.0256609525	6861.219991309616	1
23413	121683.9930740191	6860.910214599689	1
23414	121683.9949298422	6860.907444334574	1
23415	121690.164414877	6859.891514389337	1
23416	121690.1612746405	6859.891756721468	1
23417	121691.2083261057	6859.765004221439	1
23418	121690.1691544451	6859.894930677545	1
23419	121691.2010999828	6859.77023167361	1
23420	121691.2067730899	6859.765148025352	1
23421	121697.4247428517	6858.824840077891	1
23422	121697.4258864227	6858.824688699626	1
23423	121698.4543873487	6858.660298416584	1
23424	121697.4261628293	6858.825403027815	1
23425	121698.4557964522	6858.660646100519	1
23426	121698.4544066206	6858.660413241846	1
23427	121815.0330515947	6842.181684240872	1
23428	121815.0330515957	6842.181684240712	1
23429	121816.0393073627	6841.844020490376	1
23430	121815.0400507693	6842.19048272125	1
23431	121816.0411952036	6841.847176606513	1
23432	121816.0285978615	6841.844525168235	1
23433	121833.4628125883	6838.467352895339	1
23434	121833.4662082636	6838.467130248128	1
23435	121834.5112763385	6838.305291548401	1
23436	121833.4752272523	6838.471299842829	1
23437	121834.5166219919	6838.313308087399	1
23438	121834.5121075544	6838.305141623121	1
23439	121847.6418462315	6834.886173416511	1
23440	121847.6419361714	6834.88612945113	1
23441	121848.5136292874	6834.697293089257	1
23442	121848.5148565328	6834.696864494314	1
23443	121851.6598528944	6834.210477382856	1
23444	121851.6595127888	6834.210449129567	1
23445	121852.6948068033	6833.979716099033	1
23446	121851.6611369838	6834.220473516896	1
23447	121852.6937387596	6833.981118275948	1
23448	121852.6948207038	6833.979706499193	1
23449	121897.6465912691	6825.744711996999	1
23450	121897.6471839905	6825.744534413454	1
23451	121898.4256155782	6825.156342920067	1
23452	121897.6474975816	6825.744458917945	1
23453	121898.426485406	6825.156076772215	1
23454	121898.4282084461	6825.155509028722	1
23455	121998.4698060043	6804.315079008728	1
23456	120669.4522652607	6686.890324503483	1
23457	122888.3484455373	6268.113247333591	1
23458	121998.4745916882	6804.314469110179	1
23459	121999.4584755246	6804.001536565066	1
23460	121998.4813941828	6804.353344082436	1
23461	121999.4621498481	6804.029368649302	1
23462	121999.4561146114	6804.001931053328	1
23463	122069.0638752785	6785.439533278932	1
23464	122069.0629850375	6785.439428325375	1
23465	122069.9334025591	6784.970522170733	1
23466	122069.0760764407	6785.443552640147	1
23467	122070.0382628188	6785.041726807301	1
23468	122070.0373081335	6785.041362176735	1
23469	122211.1298197578	6741.15833479193	1
23470	122211.1578412995	6741.163895997837	1
23471	122212.0108534796	6740.845151017044	1
23472	122211.1265726239	6741.157953122896	1
23473	122212.0301565439	6740.811389400656	1
23474	122212.0114167397	6740.844762228502	1
23475	122660.0224467416	6591.058061405153	1
23476	122660.0234581903	6591.057436949042	1
23477	122660.9693234126	6590.715953154674	1
23478	122660.0342846556	6591.059546034639	1
23479	122660.9719111311	6590.739690869878	1
23480	122660.966595817	6590.715908068936	1
23481	122701.4677459861	6569.384143922533	1
23482	122701.4690996082	6569.383581622856	1
23483	122702.3298900836	6568.87064912624	1
23484	122701.4640326399	6569.397056112353	1
23485	122702.3317762099	6568.915519688823	1
23486	122702.32866302	6568.870709895239	1
23487	122703.134443226	6568.194390083956	1
23488	122703.1344783612	6568.194473932141	1
23489	122704.0052412329	6567.626570024118	1
23490	122703.1321400547	6568.204409060269	1
23491	122704.0057607567	6567.629348881922	1
23492	122704.0044218658	6567.625965253326	1
23493	122764.784824189	6528.424568106731	1
23494	122764.7860276341	6528.424034917583	1
23495	122765.4296489151	6527.630648982347	1
23496	122764.785037951	6528.43329306048	1
23497	122765.4318273906	6527.630391976311	1
23498	122765.4301579423	6527.630312838108	1
23499	122800.9258066161	6503.422488188029	1
23500	122800.9292391693	6503.421049771228	1
23501	122801.6723278505	6502.673433239069	1
23502	122800.9319685529	6503.425795969304	1
23503	122801.6711208777	6502.680961486843	1
23504	122801.6714056652	6502.673305883663	1
23505	122810.4284958287	6493.603653107939	1
23506	122810.4274531147	6493.603366427306	1
23507	122811.1924662096	6492.916919820325	1
23508	122811.1922481445	6492.917625244695	1
23509	122811.9709639563	6492.221510257577	1
23510	122811.9731125719	6492.221882573385	1
23511	122812.6487455876	6491.408813613061	1
23512	122811.9839204567	6492.235408929349	1
23513	122812.6535407404	6491.406955469745	1
23514	122812.6490680415	6491.408269791513	1
23515	122859.0652506875	6443.478543032632	1
23516	122859.0644551963	6443.478787966112	1
23517	122859.2748942585	6442.436775026003	1
23518	122859.0661382356	6443.479387379192	1
23519	122859.2652702469	6442.438615663207	1
23520	122859.2749302232	6442.436132282821	1
23521	122880.6591902536	6419.289073537853	1
23522	122880.660351979	6419.289881571498	1
23523	122904.7183488947	6390.421063984391	1
23524	122904.7182717627	6390.421564685499	1
23525	122904.3248351176	6389.465388553297	1
23526	122904.7206304002	6390.425627048206	1
23527	122904.323472651	6389.466413551756	1
23528	122904.3254904338	6389.465679888703	1
23529	122903.0137880933	6387.83222666212	1
23530	122903.0154827106	6387.831161839817	1
23531	122905.495929946	6376.547760005963	1
23532	122905.4962484798	6376.548825573564	1
23533	122906.4999685742	6374.60565833223	1
23534	122905.4997852687	6376.532522565837	1
23535	122906.4536303785	6374.622455597217	1
23536	122906.4536929961	6374.622916474389	1
23537	122889.4731159754	6267.895010059747	1
23538	122889.4731981941	6267.894691356303	1
23539	122891.9311532784	6267.387527396673	1
23540	122889.4846977734	6267.894285748062	1
23541	122892.0365826454	6267.378321903165	1
23542	122891.9375616452	6267.384358537991	1
23543	122971.7962105736	6219.564014846907	1
23544	122971.7936953373	6219.566886879718	1
23545	122972.7569407083	6219.020901896632	1
23546	122971.8366604258	6219.550840615313	1
23547	122973.9606012277	6218.789543422308	1
23548	122972.7564979377	6219.021137581531	1
23549	122993.629037346	6208.22228376402	1
23550	122993.629037347	6208.222283763685	1
23551	122994.3906718919	6207.308222059055	1
23552	122993.6491397249	6208.220925889402	1
23553	122994.4377595524	6207.241854218561	1
23554	122994.3883813928	6207.31060209833	1
23555	123030.0038500514	6188.520647271869	1
23556	123030.0290256597	6188.5145281264	1
23557	123030.9108200857	6187.877055769124	1
23558	123029.9547245597	6188.426227812326	1
23559	123030.7939595885	6187.884766713207	1
23560	123030.9101399541	6187.876856144168	1
23561	123084.9283382319	6165.395313422878	1
23562	123084.9283382309	6165.395313423004	1
23563	123086.0149804626	6164.98836717855	1
23564	123084.9344745424	6165.390537875618	1
23565	123086.0141681215	6164.986585952633	1
23566	123086.0145231099	6164.988005648591	1
23567	123216.6486414425	6118.469286574193	1
23568	123216.6496469292	6118.468750391905	1
23569	123217.7975010371	6118.396465919421	1
23570	123216.6486002835	6118.465362440978	1
23571	123217.7901357369	6118.399257717244	1
23572	123217.8001380303	6118.395442677855	1
23573	123303.0204187213	6089.146436731182	1
23574	123303.0205364714	6089.146455759955	1
23575	123304.0030675841	6088.593297131394	1
23576	123303.0368530457	6089.1426851646	1
23577	123304.1810807424	6088.51576866432	1
23578	123304.0044224845	6088.592921762665	1
23579	123309.1935294975	6086.460916492844	1
23580	123309.1941395067	6086.460729352611	1
23581	123310.2314563443	6086.056353161595	1
23582	123309.1909855905	6086.460170852659	1
23583	123310.2231905677	6086.033264115524	1
23584	123310.2306506679	6086.056753696132	1
23585	123392.1457069202	6059.41816983382	1
23586	123392.1451238855	6059.418486766315	1
23587	123394.1506294422	6058.498434501326	1
23588	123392.1412763068	6059.418440297524	1
23589	123394.1237798113	6058.470295834543	1
23590	123394.1508999097	6058.497480273432	1
23591	123403.3095158314	6055.25727612559	1
23592	123403.3227435377	6055.253508078443	1
23593	123404.3480003912	6054.785472814963	1
23594	123403.237220561	6055.222750357157	1
23595	123404.360716606	6054.772151139556	1
23596	123404.3480158982	6054.785525287511	1
23597	123435.4333559275	6044.061151187685	1
23598	123435.4225171676	6044.040624370538	1
23599	123437.5423472206	6043.736707240805	1
23600	123435.4367507624	6044.060743939913	1
23601	123437.5563195057	6043.748694151256	1
23602	123437.5576539557	6043.748410891256	1
23603	123478.4903452479	6031.630886541538	1
23604	123478.4951309487	6031.629999429008	1
23605	123479.480136644	6031.219873913428	1
23606	123478.509865045	6031.623388862065	1
23607	123479.4551899566	6031.210183096544	1
23608	123479.4789952482	6031.219571618664	1
23609	123588.7593685995	6001.532236245588	1
23610	123588.7607651956	6001.531904904349	1
23611	123589.5818788393	6000.932767647933	1
23612	123588.7770214655	6001.520776559819	1
23613	123589.5711956724	6000.927259213484	1
23614	123589.5814698072	6000.933018857666	1
23615	123615.4433892248	5995.772235601135	1
23616	123615.4504036541	5995.764235775315	1
23617	123615.89842435	5995.434697840192	1
23618	123615.9072643599	5995.429750054042	1
23619	123692.7890002105	5970.439237493074	1
23620	123692.7868224523	5970.439460345098	1
23621	123693.8347658156	5970.216610256774	1
23622	123692.7706780767	5970.436763374871	1
23623	123693.8015276712	5970.213822418871	1
23624	123693.831201677	5970.21672719723	1
23625	123695.8681892558	5969.486416288877	1
23626	123695.869280777	5969.486071224521	1
23627	123696.8873941378	5969.146896076061	1
23628	123695.8633064714	5969.481348518705	1
23629	123696.8448149848	5969.097017723556	1
23630	123696.9033868487	5969.143106926225	1
23631	123726.5600336574	5961.221416446224	1
23632	123726.5585240161	5961.221499106339	1
23633	123727.6301874705	5961.003394990395	1
23634	123726.5585201849	5961.219930855469	1
23635	123727.6324898431	5961.001900011792	1
23636	123727.630984575	5961.003328936596	1
23637	123730.8075145198	5960.19291402998	1
23638	123730.806891899	5960.193081995008	1
23639	123731.7706054688	5959.740735309799	1
23640	123730.8065077246	5960.188569890779	1
23641	123731.7284425484	5959.715546920241	1
23642	123731.7695137052	5959.740490156036	1
23643	123738.140874688	5958.248052742474	1
23644	123738.1412164939	5958.247809121138	1
23645	123739.1558112507	5957.942262925257	1
23646	123738.1429770042	5958.247549676177	1
23647	123739.1558997851	5957.941796028581	1
23648	123739.1582227171	5957.941516292483	1
23649	123879.4398760998	5925.693098582426	1
23650	123879.4389393702	5925.693471415797	1
23651	123880.4719623047	5925.369071289495	1
23652	123879.4198971362	5925.679535525409	1
23653	123880.4524488556	5925.362862305424	1
23654	123880.4715134471	5925.369316939245	1
23655	123885.501987229	5923.691993553854	1
23656	123885.5036508454	5923.691509251823	1
23657	123886.5447319397	5923.441712214038	1
23658	123885.4954971389	5923.689641224884	1
23659	123886.5485429098	5923.436639436193	1
23660	123886.5426556675	5923.441961258463	1
23661	123930.2512691139	5911.7813778958	1
23662	123930.2512711716	5911.781771483282	1
23663	123931.3028473527	5911.71509085201	1
23664	123930.2249692887	5911.734972243414	1
23665	123931.3013465721	5911.707818937032	1
23666	123931.3145619332	5911.713083145707	1
23667	124032.9388000721	5893.88152077833	1
23668	124032.9419721472	5893.880314892771	1
23669	124033.939762107	5893.523106539031	1
23670	124032.9471874508	5893.875790654406	1
23671	124033.9417738931	5893.516805222751	1
23672	124033.9405299796	5893.522759412044	1
23673	124138.3118256887	5868.872493065943	1
23674	124138.3127737159	5868.872551690278	1
23675	124150.8756719063	5863.529868877594	1
23676	124138.2642985469	5868.847837446117	1
23677	124150.8121393258	5863.484008176367	1
23678	124150.8739234266	5863.530306442088	1
23679	124225.6899952375	5854.142605065816	1
23680	124225.6931953654	5854.142011491912	1
23681	124226.7613179618	5854.384080008183	1
23682	124225.6777350892	5854.118385749807	1
23683	124226.752437374	5854.386586058728	1
23684	124226.7618586252	5854.384301332732	1
23685	124245.6143871155	5849.603247931111	1
23686	124225.5963668238	5853.799963859845	1
23687	124245.1894838191	5849.22177588402	1
23688	124245.6208950888	5849.602837179802	1
23689	124313.6018957188	5840.849233795669	1
23690	124313.5996350814	5840.849181688689	1
23691	124314.2491580244	5839.945642731224	1
23692	124313.6050544764	5840.854050700977	1
23693	124314.236946054	5839.930573985245	1
23694	124314.2516351686	5839.94540208633	1
23695	124356.2132159454	5837.209529178725	1
23696	124356.2151453684	5837.20949840175	1
23697	124357.196845924	5836.900011931026	1
23698	124356.1195225512	5837.05965649539	1
23699	124357.1934482147	5836.890297068931	1
23700	124357.1949752579	5836.900313095223	1
23701	124380.0674760701	5834.40495289245	1
23702	124380.061639459	5834.40540442963	1
23703	124381.1470357156	5834.520111690555	1
23704	124380.0340686113	5834.27051466896	1
23705	124381.1504315587	5834.518824299754	1
23706	124381.1527820746	5834.519713036677	1
23707	124405.2291528474	5831.96409711382	1
23708	124405.2346588097	5831.9632604617	1
23709	124405.671367732	5831.899496607411	1
23710	124405.2325944794	5831.963455215528	1
23711	124405.6217314685	5831.907233840499	1
23712	124405.6303925552	5831.906225994459	1
23713	124443.9592858931	5826.858092916438	1
23714	124443.9597773366	5826.857984018423	1
23715	124444.4179041676	5826.648238466396	1
23716	124443.5356248742	5826.983608425815	1
23717	124444.4441738207	5826.628058496442	1
23718	124444.1341974993	5826.781975710104	1
23719	124499.0796150677	5819.783010096317	1
23720	124499.078222193	5819.782852653772	1
23721	124499.9676042513	5819.294846831689	1
23722	124499.0807414291	5819.782813284892	1
23723	124500.0527643852	5819.316634958578	1
23724	124500.0519721758	5819.31808777499	1
23725	124530.0209307941	5816.034120014109	1
23726	124530.0336203732	5816.012008155636	1
23727	124530.8876786459	5815.60535549882	1
23728	124530.0256285288	5816.033737354226	1
23729	124530.9988728132	5815.640230025965	1
23730	124530.9935344909	5815.641164053196	1
23731	124648.1494999549	5806.683517325481	1
23732	124648.1612699236	5806.681930661166	1
23733	124649.1768548465	5806.493859606402	1
23734	124648.1691369097	5806.675830682629	1
23735	124649.1643052439	5806.490178508828	1
23736	124649.1747767325	5806.494662861067	1
23737	124722.6262068898	5801.500000623445	1
23738	124722.6265185472	5801.499918441071	1
23739	124723.6949296285	5801.207718956039	1
23740	124722.6193863412	5801.500194871243	1
23741	124722.8804174968	5800.961518389132	1
23742	124723.6946050655	5801.207874018393	1
23743	124813.1542925827	5795.594268096216	1
23744	124813.1562015344	5795.594291289517	1
23745	124814.222313234	5795.413546957226	1
23746	124814.2218825743	5795.413585315622	1
23747	124829.5363332497	5794.010866749827	1
23748	124829.5407175051	5794.010292981068	1
23749	124830.2133954435	5793.864369620806	1
23750	124829.5473451277	5794.008716437089	1
23751	124830.2080076127	5793.864763480025	1
23752	124830.2206056023	5793.86286093425	1
23753	124904.2498247151	5786.571419134172	1
23754	124904.2349422033	5786.573306574465	1
23755	124905.1802045981	5786.057246232376	1
23756	124904.2289491974	5786.576594675048	1
23757	124905.109687584	5786.050115906291	1
23758	124905.1800747039	5786.057331468219	1
23759	124914.0494038392	5784.999506372054	1
23760	124914.0482492785	5784.999929868989	1
23761	124914.9948535012	5784.690268230228	1
23762	124914.046942599	5785.000109703426	1
23763	124915.0552817934	5784.691379620346	1
23764	124915.0568129022	5784.691035216452	1
23765	124917.3194830975	5784.329372194679	1
23766	124917.2706212165	5784.316160549247	1
23767	124918.2817350886	5783.848691312938	1
23768	124917.3143254993	5784.330074758163	1
23769	124918.3141611718	5783.860161702069	1
23770	124918.315694713	5783.860086424048	1
23771	125009.882637108	5774.774237029389	1
23772	125009.8885506494	5774.773572083001	1
23773	125010.8895744086	5774.637894180993	1
23774	125009.8878948874	5774.763158803188	1
23775	125010.8728713899	5774.636926064439	1
23776	125010.8896194975	5774.637887121928	1
23777	125133.8359343399	5759.634716613292	1
23778	125133.8402886078	5759.63473290717	1
23779	125135.0177125848	5759.765306057239	1
23780	125133.7275211727	5759.623388335995	1
23781	125134.9531894215	5759.771813412418	1
23782	125134.9910038767	5759.765557970158	1
23783	125249.8908832928	5756.369670011059	1
23784	125249.891167529	5756.369408962978	1
23785	125204.8939220666	5776.113893170762	1
23786	125204.8865057707	5776.117009164328	1
23787	125205.8192835455	5776.305330554211	1
23788	125204.8112060408	5776.171123612377	1
23789	125205.6942018479	5776.385956751994	1
23790	125205.8089412985	5776.308086182933	1
23791	125230.1106661751	5788.457876072345	1
23792	125230.1127614397	5788.457168302237	1
23793	125229.852361368	5789.300049194861	1
23794	125230.0602586353	5788.440201381754	1
23795	125229.8265938881	5789.21199382439	1
23796	125229.8529156965	5789.300695039623	1
23797	125287.3900080725	5777.645723348153	1
23798	125287.3882526783	5777.646006239985	1
23799	125287.7203809349	5776.705402724882	1
23800	125287.3338424152	5777.606705241942	1
23801	125287.7013885722	5776.701233705446	1
23802	125287.7219193893	5776.70532420426	1
23803	125357.6395745525	5772.224796223378	1
23804	125357.639446679	5772.225484585571	1
23805	125358.5136028059	5772.80154832083	1
23806	125357.6265874329	5772.222544592102	1
23807	125358.3157975989	5772.802467568054	1
23808	125358.5143544782	5772.801843549762	1
23809	125438.4364597576	5765.578267774779	1
23810	125438.4336541396	5765.578708420808	1
23811	125438.9436738792	5764.703324365783	1
23812	125438.3733604976	5765.543872343434	1
23813	125438.9203643999	5764.699738701954	1
23814	125438.9482827642	5764.702465175213	1
23815	125458.9663436832	5760.311492869399	1
23816	125458.9701470097	5760.311091564972	1
23817	125459.9290467103	5760.038399012074	1
23818	125458.9380299054	5760.308789622879	1
23819	125459.8886558135	5760.026394195325	1
23820	125459.928874141	5760.038288237422	1
23821	125516.903527378	5745.921068808802	1
23822	125516.9034267765	5745.921097938118	1
23823	125524.4855956666	5743.636741267126	1
23824	125516.8867681801	5745.919656747735	1
23825	125524.364980561	5743.632190786382	1
23826	125524.4850569766	5743.636471481244	1
23827	125592.0872911309	5740.583657035956	1
23828	125257.7081330031	5755.131734746087	1
23829	125688.4387441041	5696.818724258797	1
23830	125592.0939820485	5740.583660998399	1
23831	125592.8669464149	5740.542864218627	1
23832	125592.8670757758	5740.542852357505	1
23833	125679.7146162271	5738.160625779466	1
23834	125679.7208940181	5738.159017540351	1
23835	125680.6621152185	5738.112947764611	1
23836	125679.7172819823	5738.148099500242	1
23837	125680.6033224425	5737.991446148475	1
23838	125680.6617252591	5738.112592826392	1
23839	125690.4177309163	5696.524002886528	1
23840	125690.4198111203	5696.523493769555	1
23841	125691.2997808618	5696.933903882473	1
23842	125690.6743152424	5696.535662930253	1
23843	125691.0797542728	5696.962300110841	1
23844	125691.2850279118	5696.937332315621	1
23845	125814.2015194907	5698.209523511166	1
23846	125814.2001864056	5698.209587223592	1
23847	125815.4598750348	5698.373976577319	1
23848	125814.2404811791	5698.196359771411	1
23849	125815.5467891524	5698.374897736148	1
23850	125815.4608374094	5698.37406611302	1
23851	125838.8747744513	5698.074779013406	1
23852	125838.8705209298	5698.074882706633	1
23853	125840.1929127983	5698.088022554374	1
23854	125838.842065457	5698.072185820643	1
23855	125840.1003279592	5698.089667007911	1
23856	125840.1984595185	5698.087780421743	1
23857	125865.1663809122	5697.540889013961	1
23858	125865.2080350915	5697.540507601639	1
23859	125866.5993431843	5697.49238868121	1
23860	125865.0894507603	5697.541533009044	1
23861	125865.9284269212	5697.49589785543	1
23862	125866.626604834	5697.490762288372	1
23863	126011.1819392681	5695.743137119199	1
23864	126011.1701809304	5695.743990808689	1
23865	125948.3176636809	5689.332668595775	1
23866	125948.3490313377	5689.336613915281	1
23867	125948.619851878	5688.587000075249	1
23868	125948.1484587191	5689.290709135706	1
23869	125947.614774395	5688.542992118166	1
23870	125948.5761690769	5688.582249869802	1
23871	125988.3056310269	5680.922466330121	1
23872	125988.3144663178	5680.923236165284	1
23873	125989.2646672043	5681.124384294968	1
23874	125988.3827453818	5681.004058191897	1
23875	125989.2667548225	5681.129279054621	1
23876	125989.2666737326	5681.125973064964	1
23877	126028.3442736991	5673.339213387844	1
23878	126028.3653526214	5673.271230237518	1
23879	126029.2561814553	5672.703834236732	1
23880	126028.343749248	5673.338830999654	1
23881	126029.2435382429	5672.726659892474	1
23882	126029.25712757	5672.703790039303	1
23883	126024.3711386644	5696.405592098967	1
23884	126024.3492450883	5696.407719610217	1
23885	126147.3063093864	5684.884415109555	1
23886	126147.4221971702	5684.87010364679	1
23887	126148.8450747661	5684.856625985747	1
23888	126147.3065374354	5684.884396830374	1
23889	126148.5686209913	5684.879201207978	1
23890	126148.8451575172	5684.85661292208	1
23891	126214.4740992387	5678.739615680701	1
23892	126214.4760503164	5678.739286457123	1
23893	126215.6847985887	5678.751527755259	1
23894	126214.4896337278	5678.735151832889	1
23895	126215.6935246793	5678.750181394851	1
23896	126215.695555261	5678.750126466961	1
23897	126288.6293215141	5673.687360232139	1
23898	126288.6504804877	5673.670536574178	1
23899	126289.7190769344	5673.775037531372	1
23900	126288.6302348988	5673.686955649922	1
23901	126289.7216346499	5673.776399083439	1
23902	126289.7162906939	5673.775741683437	1
23903	126401.9102693095	5672.187807256809	1
23904	126401.9174204367	5672.187459895236	1
23905	126402.4149909153	5672.177210600005	1
23906	126402.4148684089	5672.177259791732	1
23907	126460.4701568268	5669.500177769577	1
23908	126460.4699777646	5669.500375970287	1
23909	126461.5499845874	5669.379217543243	1
23910	126460.4871117088	5669.49738633259	1
23911	126461.5470278419	5669.376955135987	1
23912	126461.5444714047	5669.380059408515	1
23913	126471.4476867062	5668.775756318442	1
23914	126471.4435797197	5668.775662493584	1
23915	126472.5566053486	5668.711541674626	1
23916	126471.4210255086	5668.76547583463	1
23917	126472.54520888	5668.707401577172	1
23918	126472.556700851	5668.711556090337	1
23919	126522.6453711416	5666.653607948365	1
23920	126522.6487115074	5666.653421627898	1
23921	126523.6711714819	5666.404236794596	1
23922	126522.6454526178	5666.653750198072	1
23923	126523.6532478115	5666.395563294255	1
23924	126523.6788097488	5666.403940885039	1
23925	126609.7989205283	5661.803508148274	1
23926	126609.797685276	5661.803543511935	1
23927	126610.8246811419	5661.513101037541	1
23928	126609.797228505	5661.803421407769	1
23929	126610.8004999051	5661.511300405266	1
23930	126610.8295901802	5661.51334783474	1
23931	126638.0258496222	5659.907168708324	1
23932	126638.0253676876	5659.90718501292	1
23933	126638.9964873043	5659.520242308206	1
23934	126638.027608732	5659.907357985128	1
23935	126638.9863778817	5659.519511964614	1
23936	126638.9960401958	5659.520382563534	1
23937	126669.5241527389	5650.69521847362	1
23938	126669.4161681067	5650.662311669828	1
23939	126788.7201290149	5645.988702860008	1
23940	126669.5267407284	5650.695320868945	1
23941	126770.5056005896	5650.204706710618	1
23942	126770.5033783056	5650.205198904801	1
23943	126770.9174189263	5650.15467915071	1
23944	126770.6461236319	5650.187581939021	1
23945	126788.8611104298	5646.051910837326	1
23946	126788.8599299114	5646.052179034677	1
23947	126800.0271192879	5645.37743043997	1
23948	126800.0896431927	5645.283227901005	1
23949	126800.8606267546	5645.014712143706	1
23950	126800.0308858257	5645.376550393878	1
23951	126800.8686907932	5645.015353829629	1
23952	126800.8720539731	5645.014479834412	1
23953	126942.734548686	5638.161739604036	1
23954	126942.732100412	5638.162125040522	1
23955	126943.796934163	5637.918189473716	1
23956	126942.7318891677	5638.161630748368	1
23957	126943.7812788683	5637.905429045667	1
23958	126943.8017912295	5637.917884944187	1
23959	127002.8387571075	5634.983982915294	1
23960	127002.8375309271	5634.983799723332	1
23961	127003.8786285599	5634.738779544568	1
23962	127002.8430777177	5634.982595557364	1
23963	127003.8703769787	5634.736077840907	1
23964	127003.8776684098	5634.738835478882	1
23965	127047.9323649574	5632.371962646728	1
23966	127047.9309769723	5632.371976009274	1
23967	127048.9874126508	5632.191460998503	1
23968	127047.9375552642	5632.369233657884	1
23969	127048.9899066828	5632.188743601941	1
23970	127048.9858118889	5632.191578362368	1
23971	127052.3049906023	5632.013016075384	1
23972	127052.3058492012	5632.008478736811	1
23973	127053.429493579	5631.884464915609	1
23974	127052.3073564336	5632.013071873612	1
23975	127053.4294183076	5631.890058184375	1
23976	127053.4306352694	5631.890009646524	1
23977	127153.0747456361	5628.259880517108	1
23978	127153.0665631365	5628.260369342817	1
23979	127154.1530128524	5628.017727061884	1
23980	127153.0582592128	5628.256925272076	1
23981	127154.1573881729	5628.013748739229	1
23982	127154.1757213006	5628.017556132332	1
23983	127186.1986133436	5626.908526475469	1
23984	127186.19595284	5626.908185945565	1
23985	127187.2613048131	5626.6568786934	1
23986	127186.1969463566	5626.908579099352	1
23987	127187.2680519616	5626.653265812985	1
23988	127187.2658166538	5626.656419371402	1
23989	127189.4179567706	5626.432497520585	1
23990	127189.428837725	5626.431453192781	1
23991	127190.5781062085	5626.258584093075	1
23992	127189.4172080632	5626.428833315344	1
23993	127190.5427388086	5626.234838565025	1
23994	127190.5770747838	5626.258696110913	1
23995	127218.1662817145	5623.973980498688	1
23996	127218.1984649266	5623.986429230112	1
23997	127218.7650744396	5624.019696290495	1
23998	127218.1692969302	5623.973625045649	1
23999	127218.7617413059	5624.019643861644	1
24000	127218.0285924934	5623.907491519076	1
24001	127218.9625529558	5624.000766544384	1
24002	127218.7713642757	5624.020333229088	1
24003	127283.5866187746	5624.287294681984	1
24004	127283.5931126982	5624.28725030913	1
24005	127284.0249939883	5624.284349702699	1
24006	127284.0243839641	5624.284024892548	1
24007	127285.2829578037	5624.374220530448	1
24008	127284.0218550143	5624.283940555089	1
24009	127285.2813810827	5624.373966221301	1
24010	127285.2815769779	5624.374001820284	1
24011	127301.5510847222	5623.80606374001	1
24012	127301.5510847212	5623.806063739903	1
24013	127302.5413517598	5623.571686895304	1
24014	127302.5179603838	5623.562246294377	1
24015	127303.1537386391	5623.202974693932	1
24016	127301.5643645312	5623.757882094909	1
24017	127302.589689031	5623.57859515058	1
24018	127302.5405947175	5623.571689448579	1
24019	127303.3804195735	5623.285637156221	1
24020	127303.3792055864	5623.285440985796	1
24021	127324.9640602712	5623.449901735904	1
24022	127324.9714812014	5623.44836643332	1
24023	127325.9402851842	5623.086621713653	1
24024	127324.9632171174	5623.449884132539	1
24025	127325.9675977638	5623.102071547111	1
24026	127325.9672841908	5623.102137268204	1
24027	127381.1366888137	5623.728176903428	1
24028	127381.13025183	5623.728234185483	1
24029	127382.1980576256	5623.580244299419	1
24030	127382.1935550006	5623.581203229236	1
24031	127383.334931073	5623.605395865778	1
24032	127381.1228443313	5623.71758679044	1
24033	127382.1521109943	5623.542518592856	1
24034	127382.1965482828	5623.580153030598	1
24035	127383.3428964356	5623.609331466921	1
24036	127383.3419870785	5623.609271588	1
24037	127400.8909454714	5623.655873160398	1
24038	127400.891749944	5623.656196626195	1
24039	127401.9722410038	5623.435143675083	1
24040	127400.7934472343	5623.648398797426	1
24041	127401.9565224405	5623.427399842943	1
24042	127401.9728053342	5623.435125547187	1
24043	127414.2054158495	5623.402870732152	1
24044	127414.2206686618	5623.392739633433	1
24045	127415.2515943556	5623.233452603568	1
24046	127414.2048353568	5623.402918929865	1
24047	127415.2595260844	5623.2374919635	1
24048	127415.2637791174	5623.237317285119	1
24049	127454.5383273797	5624.570046824786	1
24050	127454.393773891	5624.598172071997	1
24051	127454.9378018075	5624.495758726258	1
24052	127454.5461832786	5624.569870014142	1
24053	127454.8969372293	5624.503248070256	1
24054	127454.6686734792	5624.546857886124	1
24055	127534.6907087879	5626.018662022066	1
24056	127534.6915351372	5626.018579317169	1
24057	127535.7901646766	5625.839310615853	1
24058	127534.692528396	5626.01824888064	1
24059	127535.7870420037	5625.83741623501	1
24060	127535.7899496336	5625.839688316553	1
24061	127544.5207868278	5626.171520260594	1
24062	127544.5458083509	5626.136503508334	1
24063	127545.5811578672	5625.887356287848	1
24064	127544.5304529506	5626.171357981977	1
24065	127545.6037239421	5625.891805580741	1
24066	127545.5821282128	5625.887910322013	1
24067	127587.0807184289	5627.04372609073	1
24068	127587.053482299	5627.037072629604	1
24069	127588.2020907494	5627.055295512979	1
24070	127587.0803552849	5627.043713648229	1
24071	127588.2169153234	5627.057634230789	1
24072	127588.2142868722	5627.057723847347	1
24073	127597.0972147037	5627.455924569483	1
24074	127597.0919503507	5627.442022558918	1
24075	127598.0143657347	5627.210861900879	1
24076	127597.0975533502	5627.455895988478	1
24077	127598.1224897678	5627.270614075382	1
24078	127598.1276034986	5627.270763113469	1
24079	127759.0871520437	5633.992800958453	1
24080	127759.0910571947	5633.992908422039	1
24081	127760.1817574282	5633.954378298287	1
24082	127759.0828273878	5633.992016402317	1
24083	127760.1829386678	5633.953017301534	1
24084	127760.181390698	5633.954415740762	1
24085	127828.6304389617	5636.411465622666	1
24086	127828.6349759949	5636.411226932477	1
24087	127829.7227682236	5636.432526133711	1
24088	127828.6363844785	5636.410712238792	1
24089	127829.7094808731	5636.430275685922	1
24090	127829.7203006	5636.43253941193	1
24091	127835.4200456839	5636.776705380516	1
24092	127835.4147303544	5636.775579007577	1
24093	127836.4948353184	5636.838986107931	1
24094	127835.4047723607	5636.774885011753	1
24095	127836.4921563955	5636.838601725288	1
24096	127836.4996885472	5636.839240298194	1
24097	127910.4646647022	5639.47456654973	1
24098	127910.4638776837	5639.474553776885	1
24099	127911.5590060518	5639.469983876114	1
24100	127910.4606578413	5639.47408842354	1
24101	127911.567800471	5639.468390751269	1
24102	127911.5624829946	5639.470068766508	1
24103	127950.8633466645	5640.99417254574	1
24104	127950.8605769649	5640.994084247312	1
24105	127951.6932353918	5640.901158388242	1
24106	127950.8756570711	5640.991506890814	1
24107	127950.7970926068	5640.801365800972	1
24108	127951.6930014745	5640.901185137434	1
24109	128015.4496214995	5642.504799465165	1
24110	128015.4577965903	5642.505009589732	1
24111	128016.4227672025	5642.836577873663	1
24112	128015.4536508069	5642.502368367061	1
24113	128016.3270804537	5642.868017070803	1
24114	128016.4165662608	5642.836585174796	1
24115	128092.9476786903	5645.384948527048	1
24116	128092.9517167675	5645.384937639514	1
24117	128093.8631403971	5645.151359259158	1
24118	128092.9315710207	5645.378778930874	1
24119	128093.8578833122	5645.151441653559	1
24120	128093.8637648465	5645.151381701163	1
24121	128185.6802406952	5644.497908909782	1
24122	128185.1098236837	5644.139275797123	1
24123	128185.2048106805	5644.637276999473	1
24124	128185.6802406942	5644.497908909894	1
24125	128187.2973160361	5645.551554442911	1
24126	128187.1541624839	5645.727607898334	1
24127	128198.4403534285	5647.000029829545	1
24128	128187.2960925491	5645.551315915787	1
24129	128197.8052526691	5647.055276956281	1
24130	128197.8064331205	5647.055320287263	1
24131	128198.5975607656	5647.309455709312	1
24132	128198.5904874774	5647.308142828402	1
24133	128199.7878720871	5647.550900279408	1
24134	128198.5933086722	5647.308725414658	1
24135	128199.9463954368	5647.658814573584	1
24136	128199.7879580586	5647.550902189691	1
24137	128204.8374195097	5647.966026350303	1
24138	128204.8382895162	5647.966067331526	1
24139	128205.6373167601	5648.017691969881	1
24140	128205.6352711924	5648.017725138039	1
24141	128208.1832029156	5648.137073528337	1
24142	128208.2015699675	5648.136791024037	1
24143	128209.5281236853	5648.186978730742	1
24144	128208.1322523038	5648.078676607189	1
24145	128209.4970288383	5648.157489591594	1
24146	128209.5353305069	5648.186659126764	1
24147	128213.8030458587	5647.988994429656	1
24148	128213.8045281631	5647.9890684547	1
24149	128222.976440548	5648.442121664961	1
24150	128222.9718131245	5648.433557555341	1
24151	128223.1640603782	5649.149967443796	1
24152	128213.8544509334	5647.961562722663	1
24153	128232.6860295271	5648.664993161015	1
24154	128223.1434943447	5649.165285196329	1
24155	128223.2612418569	5649.165521205333	1
24156	128223.2468595043	5649.163607794771	1
24157	128227.2485579748	5649.106735862418	1
24158	128227.1772744443	5649.10634131324	1
24159	128228.144352956	5649.111227527816	1
24160	128228.1474158217	5649.111188324801	1
24161	128241.629938062	5649.040293173922	1
24162	128232.6820883872	5648.664869736353	1
24163	128243.3519493659	5649.040009048862	1
24164	128241.6254777978	5649.040663531116	1
24165	128254.3887865978	5650.423769524265	1
24166	128254.3879864531	5650.423741001449	1
24167	128255.2776264449	5649.874905748522	1
24168	128254.3707193367	5650.420872982751	1
24169	128255.2548857554	5649.87176051045	1
24170	128255.2788405743	5649.875174117526	1
24171	128272.9361458726	5651.367299488072	1
24172	128272.9318274363	5651.370037195302	1
24173	128275.1232990012	5651.176535165436	1
24174	128272.9638046213	5651.339951166879	1
24175	128275.1422278602	5651.143216020855	1
24176	128275.1299788677	5651.170931339691	1
24177	128279.3600820189	5648.464974012939	1
24178	128279.3451043122	5648.469159790738	1
24179	128338.4895622853	5652.171037587696	1
24180	128338.4988799901	5652.248521975909	1
24181	128373.4469410953	5651.885817262692	1
24182	128338.488200606	5652.17077241231	1
24183	128342.0750943662	5651.80794063082	1
24184	128341.3900882473	5651.790048483638	1
24185	128352.9268534287	5651.282038070442	1
24186	128342.0786513675	5651.80833563546	1
24187	128353.3768704787	5651.326866495845	1
24188	128353.3792961865	5651.326729088121	1
24189	128368.4045058644	5652.210102914723	1
24190	128368.4071288625	5652.210236862815	1
24191	128369.5565683889	5652.261042183392	1
24192	128368.5027186022	5652.212506785562	1
24193	128369.576983616	5652.264839378696	1
24194	128369.5574252459	5652.26112982252	1
24195	128373.6998598767	5651.916871245427	1
24196	128373.7020620692	5651.916616321723	1
24197	128410.8948123737	5653.248779315461	1
24198	128410.8916609523	5653.249184427757	1
24199	128411.3870716706	5653.257356296305	1
24200	128411.401340007	5653.25750074065	1
24201	128425.3936353173	5653.367923678461	1
24202	128425.0984211689	5653.359536178143	1
24203	128424.5025424726	5652.377136180607	1
24204	128425.401259833	5653.369250716354	1
24205	128426.4969347243	5653.409116464372	1
24206	128426.5017791699	5653.40921389394	1
24207	128432.877521397	5653.317323512565	1
24208	128432.6688729968	5653.26343069563	1
24209	128433.6491910886	5652.998132090655	1
24210	128432.8749169026	5653.317161796471	1
24211	128433.9347042675	5653.020439092037	1
24212	128433.936976841	5653.021173505559	1
24213	128481.9983806059	5654.326847247985	1
24214	128481.9985380797	5654.326997690303	1
24215	128483.1465762781	5654.43394763349	1
24216	128481.9992357193	5654.325693611544	1
24217	128483.127862555	5654.433839125933	1
24218	128483.1420387067	5654.433865162069	1
24219	128516.3552661606	5654.998959484135	1
24220	128516.3534198366	5654.998901079502	1
24221	128516.6740592997	5655.002565528477	1
24222	128516.6792560634	5655.002574697954	1
24223	128533.0183863663	5655.212302287937	1
24224	128533.0192211084	5655.212304638311	1
24225	128534.0730040724	5655.02665638438	1
24226	128533.0084864757	5655.213114607972	1
24227	128534.0647787061	5655.023847793189	1
24228	128534.0844035417	5655.026527692731	1
24229	128626.4865217217	5655.844263027673	1
24230	128626.4835105962	5655.844011261337	1
24231	128627.6761494484	5655.991186726076	1
24232	128626.4895190263	5655.842929163598	1
24233	128627.6335785782	5655.998508815734	1
24234	128627.632537598	5655.998409584181	1
24235	128773.2609502344	5656.787798662141	1
24236	128773.2767070285	5656.787659481233	1
24237	128774.3702814805	5656.828960848602	1
24238	128773.2607505799	5656.787330054765	1
24239	128774.3630472459	5656.829043251283	1
24240	128774.3726987119	5656.828979461048	1
24241	128841.915087872	5654.529601005466	1
24242	128841.9236588422	5654.530076132974	1
24243	128842.1051551188	5653.489454949342	1
24244	128841.8932311795	5654.524627149758	1
24245	128841.8503262196	5653.375246493855	1
24246	128842.1023931236	5653.489294346971	1
24247	128903.5078734689	5657.467278280727	1
24248	128903.5073364539	5657.46738157981	1
24249	128904.1574931595	5657.484060619976	1
24250	128904.1535333629	5657.483962502642	1
24251	129049.0090769743	5659.65217138011	1
24252	129049.0126980058	5659.651999231923	1
24253	129050.128929569	5659.440603921426	1
24254	129049.0150535562	5659.656582241284	1
24255	129050.1335188776	5659.434519769105	1
24256	129050.1382372308	5659.441317060086	1
24257	129069.0663503862	5659.66785748188	1
24258	129069.068194845	5659.667942676526	1
24259	129070.2381963753	5659.634727276238	1
24260	129069.0901741811	5659.665058201135	1
24261	129070.2086139401	5659.630373363589	1
24262	129070.2388022404	5659.635697214075	1
24263	129171.8594251803	5660.586430128324	1
24264	129171.8621207933	5660.586538835685	1
24265	129173.0336419081	5660.571441529064	1
24266	129171.8601875554	5660.585880752786	1
24267	129173.0163155877	5660.568959766353	1
24268	129173.0400533407	5660.571423948591	1
24269	129175.5245377626	5660.589560439676	1
24270	129175.5304965864	5660.589687516155	1
24271	129176.8175654333	5660.622523056194	1
24272	129175.4493149049	5660.580031935135	1
24273	129176.8163841271	5660.621542173491	1
24274	129176.8253857715	5660.622356402637	1
24275	129223.960121076	5661.404502955307	1
24276	129223.968722333	5661.404679134397	1
24277	129225.470270843	5661.435191310471	1
24278	129223.2781224808	5661.38419734395	1
24279	129225.3579568774	5661.432725396035	1
24280	129225.454988234	5661.434885254786	1
24281	129228.6152393909	5661.472597532784	1
24282	129228.5883332379	5661.472435243907	1
24283	129236.7287400799	5661.566560425463	1
24284	129236.7224735492	5661.566482347035	1
24285	129300.5196395245	5662.083078944832	1
24286	129300.4764155397	5662.095594454271	1
24287	129301.6112505188	5662.104954478664	1
24288	129300.5185589042	5662.083097829904	1
24289	129301.6213071953	5662.104995138383	1
24290	129301.6046196847	5662.104830073771	1
24291	129307.8046985599	5662.179226235919	1
24292	129307.7964358704	5662.177996004846	1
24293	129309.058727231	5662.181825806489	1
24294	129307.8129749158	5662.179264476086	1
24295	129309.0368978135	5662.187000421822	1
24296	129309.0381259858	5662.186907602673	1
24297	129325.8086217452	5662.403042339556	1
24298	129325.8043786451	5662.402703844347	1
24299	129327.0498104073	5662.441270445412	1
24300	129325.9633842057	5662.348030035571	1
24301	129327.0473165929	5662.441136373861	1
24302	129327.0519769461	5662.441220039424	1
24303	129380.2508209358	5663.35211513411	1
24304	129380.2784075888	5663.352282192553	1
24305	129381.2151774798	5663.361984119089	1
24306	129381.2150257477	5663.362085431215	1
24307	129382.5405454828	5663.367277382001	1
24308	129382.5360471956	5663.367410495759	1
24309	129383.7754771201	5663.372620763874	1
24310	129382.5263932869	5663.367236322059	1
24311	129383.7843025008	5663.37292625279	1
24312	129383.7961708159	5663.373151930604	1
24313	129604.1583470735	5665.160801304115	1
24314	129604.1535796088	5665.161039173268	1
24315	129605.3220860978	5665.148554638578	1
24316	129605.3212055538	5665.148529405837	1
24317	129606.5091516299	5665.139303893338	1
24318	129606.5091794502	5665.139216988327	1
24319	129607.7126482219	5665.123678280448	1
24320	129606.5111222952	5665.139290029292	1
24321	129607.7168742353	5665.123827891764	1
24322	129607.7198534899	5665.123660993994	1
24323	129623.7577348102	5664.595392607876	1
24324	129624.024703279	5664.658633107924	1
24325	129625.4545877293	5664.735155101502	1
24326	129623.7598765573	5664.595361807502	1
24327	129624.1166490506	5664.511947021618	1
24328	129625.4371326044	5664.735295944107	1
24329	129627.8533014044	5664.711068638617	1
24330	129627.8638196735	5664.711067916312	1
24331	129628.8827269748	5664.175525432227	1
24332	129626.711459704	5664.248361130198	1
24333	129627.7239617892	5664.015358752097	1
24334	129628.8893988051	5664.176376576857	1
24335	129667.6799038665	5664.405687720873	1
24336	129667.6868144575	5664.405881598726	1
24337	129668.8179119449	5664.189573197202	1
24338	129667.6606991069	5664.412883173856	1
24339	129668.7925146811	5664.179526366818	1
24340	129668.8197309641	5664.189475983632	1
24341	129691.9152242793	5663.954454907876	1
24342	129691.910881198	5663.954766501996	1
24343	129692.6595187861	5663.141826294946	1
24344	129691.8405738249	5664.080692157842	1
24345	129692.0000478143	5662.89813616901	1
24346	129692.6648658455	5663.141960706575	1
24347	129730.2861247577	5664.682528741991	1
24348	129730.2898648063	5664.682753168541	1
24349	129731.4551114675	5664.627709921304	1
24350	129728.0480460568	5664.429067801637	1
24351	129729.8445787794	5663.892462243482	1
24352	129731.4593704238	5664.627832131835	1
24353	129759.2533117668	5665.187374131168	1
24354	129759.2475709651	5665.187347459085	1
24355	129760.3286017269	5665.107162285623	1
24356	129757.6313584729	5665.141383293811	1
24357	129759.9290473624	5665.087516193536	1
24358	129760.3231093697	5665.107124401899	1
24359	129762.9378773269	5665.097142304285	1
24360	129762.9407442851	5665.097240236311	1
24361	129764.3302057796	5665.143802249006	1
24362	129762.9046291327	5665.090424405515	1
24363	129760.2549052853	5663.546355885509	1
24364	129764.3356480498	5665.144112262884	1
24365	129823.1244661636	5665.418429984316	1
24366	129823.1269630097	5665.41844415897	1
24367	129824.2611396812	5665.609041937791	1
24368	129823.0533930376	5665.384707937466	1
24369	129824.1266714776	5665.602220693543	1
24370	129824.2596796136	5665.608994511284	1
24371	129850.5935796167	5666.406532424418	1
24372	129850.5510200751	5666.353704921512	1
24373	130918.9633206287	5694.524302917668	1
24374	129850.6030839342	5666.406662495108	1
24375	129865.0098822564	5666.942857135818	1
24376	129865.086033435	5666.909083280892	1
24377	129865.6712061808	5666.918733475273	1
24378	129865.0145456466	5666.943026898193	1
24379	129866.1427806346	5666.956462167784	1
24380	129866.1431071379	5666.956445001587	1
24381	129867.3463322333	5666.942817158479	1
24382	129867.3301108334	5666.918859340072	1
24383	129867.6400291579	5666.340859175001	1
24384	129867.3685839387	5666.943438988428	1
24385	129868.3066367248	5666.427535365588	1
24386	129868.3181419212	5666.427726783714	1
24387	129936.9438624946	5669.083005659275	1
24388	129936.9482657857	5669.083324907093	1
24389	129938.2100663168	5669.269738961491	1
24390	129936.4916875031	5668.993055222343	1
24391	129938.1195322652	5669.327171688231	1
24392	129938.2078403026	5669.269594345744	1
24393	129963.9737948727	5669.464219759135	1
24394	129963.9680171548	5669.464257497231	1
24395	129964.9062360126	5669.783020785115	1
24396	129964.688486471	5669.772561135357	1
24397	129970.5335648696	5669.751123495314	1
24398	129963.9820599242	5669.460475576398	1
24399	129964.9918369143	5669.785542428106	1
24400	129964.912993459	5669.783116938993	1
24401	129970.4907974995	5669.770711198904	1
24402	129970.4938079799	5669.770825382454	1
24403	129993.5566028252	5669.744756788842	1
24404	129992.9342748343	5669.476966403001	1
24405	130193.1377610583	5676.638741449136	1
24406	129993.551590495	5669.744860468485	1
24407	130018.7902144589	5671.762075415942	1
24408	130018.771927601	5671.762742596875	1
24409	130020.088705381	5671.597775239599	1
24410	130018.9285457987	5671.477761840802	1
24411	130020.0525132694	5671.57563367906	1
24412	130020.0785874874	5671.598005832029	1
24413	130022.7574352799	5671.898833139878	1
24414	130022.5897902804	5671.91102354604	1
24415	130022.7633518222	5671.907548419686	1
24416	130022.7604998639	5671.898629289073	1
24417	130030.8125170933	5671.608377174201	1
24418	130030.740508399	5671.61142926026	1
24419	130031.6858132781	5672.580557807794	1
24420	130031.6772110962	5672.579332848311	1
24421	130031.763382617	5672.57644763116	1
24422	130031.6859388311	5672.580545246578	1
24423	130039.7414957397	5672.042605477482	1
24424	130039.7439877153	5672.042679687342	1
24425	130040.6310798519	5672.063887588265	1
24426	130039.7938359987	5671.999702184878	1
24427	130039.9003005502	5671.739329882921	1
24428	130040.6326347833	5672.063461559293	1
24429	130045.4535603633	5671.317305588327	1
24430	130031.7704616577	5671.701737805441	1
24431	130044.3822937087	5671.284703315682	1
24432	130045.3820599422	5671.318864002178	1
24433	130084.0938292049	5672.928920171298	1
24434	130082.580856641	5672.547316192694	1
24435	130083.6226516759	5673.057198117678	1
24436	130084.0736406754	5672.928699816146	1
24437	130133.1277301857	5675.096384825287	1
24438	130133.146885067	5675.097823246893	1
24439	130136.1591640303	5675.396723382664	1
24440	130132.9379857453	5675.063809782245	1
24441	130136.1308648858	5675.397430970712	1
24442	130136.1625416147	5675.396820377902	1
24443	130152.1547176621	5675.792424054211	1
24444	130152.1476346826	5675.791830969587	1
24445	130266.291039821	5677.714338672757	1
24446	130152.2276523833	5675.819418352369	1
24447	130172.9594877335	5676.93562288403	1
24448	130172.9623201807	5676.935716455679	1
24449	130174.364051551	5677.024098895601	1
24450	130172.6737816515	5676.886275203949	1
24451	130173.6638329343	5677.027978823979	1
24452	130174.3669554927	5677.024185308377	1
24453	130178.5075645741	5677.200551788997	1
24454	130178.5240784262	5677.200589716798	1
24455	130179.8262894289	5677.216077928701	1
24456	130178.1949565391	5677.187152990391	1
24457	130179.8162016453	5677.213401642744	1
24458	130179.8331303857	5677.216522488648	1
24459	130185.4804354575	5677.403320208388	1
24460	130185.5125563477	5677.403288796648	1
24461	130186.8269936431	5677.422353982452	1
24462	130185.5055557424	5677.404114558292	1
24463	130186.8160914711	5677.418913787824	1
24464	130186.817542097	5677.421107478776	1
24465	130191.9511046472	5677.62706711445	1
24466	130191.963874121	5677.626485909946	1
24467	130193.4834565079	5677.554438266743	1
24468	130191.9496052705	5677.615834236689	1
24469	130193.7266992006	5677.496792057114	1
24470	130193.5036840952	5677.555034811523	1
24471	130193.3161159516	5676.627427091782	1
24472	130193.3161159526	5676.62742709198	1
24473	130266.399086858	5677.730268200734	1
24474	130266.4174507813	5677.73069238469	1
24475	130402.6290114966	5685.269432437781	1
24476	130402.6676577443	5685.274834899994	1
24477	130415.5787130851	5683.872618395808	1
24478	130402.634394048	5685.269670960405	1
24479	130417.324201043	5684.216220134838	1
24480	130417.3393790966	5684.216567419598	1
24481	130467.4060133469	5685.147213623648	1
24482	130466.5726049852	5684.897858609943	1
24483	130475.3647298438	5686.232625913411	1
24484	130467.4096156117	5685.147139636843	1
24485	130475.6838238814	5686.209033732646	1
24486	130475.6850345829	5686.209459887752	1
24487	130554.021368956	5689.657751380415	1
24488	130553.4387692333	5689.549998642085	1
24489	130556.5133165611	5689.977100784898	1
24490	130553.9925368482	5689.654093582361	1
24491	130556.4571710972	5689.969300455896	1
24492	130556.4599416212	5689.968247101291	1
24493	130766.1400315925	5697.305846452482	1
24494	130766.1485091472	5697.304178706209	1
24495	130766.8985515563	5697.158066124226	1
24496	130757.9917792241	5696.224158750325	1
24497	130766.604246041	5697.139807588001	1
24498	130766.9113013778	5697.157418867055	1
24499	130829.4689563541	5699.156431045762	1
24500	130829.5235389207	5699.159552970514	1
24501	130830.9477299553	5699.234277348649	1
24502	130829.0927445422	5699.125045145393	1
24503	130830.8398815919	5699.190058321385	1
24504	130830.850318105	5699.191027671299	1
24505	130864.4784219833	5700.13421271245	1
24506	130864.486874815	5700.134472496282	1
24507	130865.8595022222	5700.154794090233	1
24508	130864.4941043731	5700.135409496908	1
24509	130865.7010796725	5700.145618690798	1
24510	130865.8594393075	5700.154503821937	1
24511	130882.9646741741	5700.706795557167	1
24512	130882.9804880095	5700.707603451578	1
24513	130884.4120189309	5700.430646207253	1
24514	130882.9457992362	5700.719707796987	1
24515	130884.2692850952	5700.325625085136	1
24516	130884.4181298403	5700.430861406643	1
24517	130923.406575808	5696.231939818403	1
24518	130922.97969394	5696.071742188371	1
24519	130963.0019555411	5690.89453524399	1
24520	130923.413950459	5696.233077304761	1
24521	130961.8069252554	5702.639762960676	1
24522	130961.8076473714	5702.639775714622	1
24523	130963.136478846	5702.696363697245	1
24524	130963.009339884	5690.894981571883	1
24525	130960.3197402218	5690.859918464703	1
24526	130961.4384377463	5690.813848994498	1
24527	130960.9077727823	5690.894217216814	1
24528	130960.3212383372	5690.857435311942	1
24529	131043.2600153042	5703.984477528986	1
24530	130961.7982949957	5702.639953458844	1
24531	130963.1396029231	5702.699281403111	1
24532	130963.1376400511	5702.699885770071	1
24533	131013.5709976459	5703.576883165542	1
24534	131013.0901093998	5703.560392151417	1
24535	131015.1705384962	5703.598004662619	1
24536	131013.5922496215	5703.576092626596	1
24537	131015.2749494815	5703.602122564029	1
24538	131015.2884866	5703.603280038034	1
24539	131042.1757550926	5703.971634886962	1
24540	131042.208163257	5703.970865705865	1
24541	131046.7699318593	5704.057867374734	1
24542	131046.7836390642	5704.058275541882	1
24543	131059.1276465204	5704.347567169772	1
24544	131059.3264733462	5704.367180527341	1
24545	131060.1704049283	5704.603294648539	1
24546	131059.1245773815	5704.34722556551	1
24547	131060.5103823654	5704.481561440238	1
24548	131060.5137614196	5704.48162715222	1
24549	131100.4778697522	5704.646031898477	1
24550	131100.5706186974	5704.618065392531	1
24551	131101.3259090711	5704.831279901349	1
24552	131100.4828076264	5704.646174813552	1
24553	131101.7347152227	5704.817525446908	1
24554	131101.765197743	5704.817775477431	1
24555	131103.8292893204	5704.802864628966	1
24556	131104.0665900334	5704.827524420152	1
24557	131104.6074467868	5705.041517933995	1
24558	131103.8368924359	5704.80281396769	1
24559	131105.0977516312	5705.000179198463	1
24560	131105.0708326801	5705.001288169635	1
24561	131234.7673961514	5706.106070282211	1
24562	131234.7630488607	5706.105798020528	1
24563	131236.3599225271	5706.094350340721	1
24564	131234.7435791331	5706.106263828582	1
24565	131236.3359449116	5706.094466406693	1
24566	131236.4014049773	5706.095386728164	1
24567	131439.5011850638	5707.262696404267	1
24568	131439.5197730606	5707.262032586923	1
24569	131439.6031868714	5707.260851629989	1
24570	131439.595446672	5707.258495560258	1
24571	131464.4505441289	5706.783315203515	1
24572	131464.4283067947	5706.78486329126	1
24573	131465.0847472054	5706.783275001259	1
24574	131465.092426563	5706.783124003829	1
24575	132339.0617599044	5693.040506841327	1
24576	132338.4252700032	5693.093683369454	1
24577	133956.2951680594	5465.100061730498	1
24578	132339.1741430454	5693.032694317564	1
24579	132585.8405702875	5684.746051735119	1
24580	132585.8467710095	5684.74433663858	1
24581	132587.8535997999	5684.54628123051	1
24582	132587.9135960001	5684.543706557092	1
24583	133969.0509056692	5437.998211184488	1
24584	133968.9440858263	5438.132931513604	1
24585	133941.3920994637	5466.135766232556	1
24586	133936.6609225406	5465.835589232666	1
24587	133933.806460076	5460.405281129831	1
24588	133934.0110549825	5460.382058824084	1
24589	133850.6968147025	5487.11657680291	1
24590	133850.5882554587	5487.141061952125	1
24591	133406.6105389111	5592.409632096373	1
24592	133406.5876213478	5592.416314946981	1
24593	133406.4803050833	5592.489591819663	1
24594	133406.4198129479	5592.54024853193	1
24595	133406.1724632542	5592.509557273424	1
24596	133406.4925176316	5592.48217192467	1
24597	133399.6296837266	5594.059337553303	1
24598	133398.098645634	5594.769166145829	1
24599	133369.966089358	5599.84979641358	1
24600	133399.3749696087	5594.11498745716	1
24601	133371.2226221432	5599.124675589408	1
24602	133371.2226221442	5599.124675589711	1
24603	133350.8088125868	5601.77637159533	1
24604	133350.8502632687	5601.768678113042	1
24605	133341.8610504997	5603.107885073167	1
24606	133341.8497460025	5603.108454753159	1
24607	133140.9695148942	5628.219335735626	1
24608	133134.2179629025	5629.499401949195	1
24609	133135.1023625107	5628.566689855477	1
24610	133140.8888530992	5628.230611600171	1
24611	133135.8897548824	5628.34056557732	1
24612	133135.8623493168	5628.344916356001	1
24613	133128.786773749	5629.186849477148	1
24614	133125.1561871887	5630.123603328069	1
24615	133108.6310294443	5631.176478792955	1
24616	133128.7670428652	5629.192965216791	1
24617	133109.3543342679	5630.980818342525	1
24618	133109.3974902297	5630.974850944694	1
24619	133095.7186137495	5631.099679377922	1
24620	133093.7382495906	5631.19319088157	1
24621	133064.3630577137	5632.920795602427	1
24622	133095.7183971662	5631.100073381733	1
24623	133065.7047277391	5632.666631671698	1
24624	133065.7097208831	5632.670897641621	1
24625	133051.4467929651	5631.99208984493	1
24626	133051.3349913819	5632.004173526659	1
24627	133033.906101332	5630.077559443756	1
24628	133051.4545293223	5631.991643436175	1
24629	133033.9401952738	5630.077364445982	1
24630	133033.9465030346	5630.078791404187	1
24631	132813.976430931	5592.894644862236	1
24632	132813.9752422536	5592.893811895444	1
24633	132724.0880369961	5536.890107451416	1
24634	132814.3997973709	5592.983475515877	1
24635	132798.3695090828	5581.872987627283	1
24636	132798.2814521023	5581.8963672558	1
24637	132745.7252354746	5564.675614117024	1
24638	132798.3532454229	5581.875231146967	1
24639	132773.8636847345	5568.936076489974	1
24640	132773.8776974904	5568.934899125554	1
24641	132754.5227940652	5560.72525364208	1
24642	132754.1662588692	5560.544529967243	1
24643	132747.3272413068	5558.919014179937	1
24644	132754.6529290459	5560.76140773422	1
24645	132750.3647509429	5559.568944414548	1
24646	132750.3495916006	5559.561288023076	1
24647	132725.3328010658	5537.186955102161	1
24648	132725.3328559556	5537.182612419851	1
24649	132615.1943927648	4878.468795508258	1
24650	132615.1941440249	4878.468838299301	1
24651	132615.1254703308	4877.870270309172	1
24652	132615.1302770574	4877.870885679774	1
24653	132615.0097038242	4876.493470741721	1
24654	132615.098693755	4877.597659442476	1
24655	132615.0058922115	4876.489805658252	1
24656	132615.009954382	4876.492796563057	1
24657	132658.6694747524	4749.153612305824	1
24658	132658.6721279624	4749.149578803381	1
24659	132659.4039219217	4748.281081829864	1
24660	132659.4019292056	4748.283306686024	1
24661	132758.6672072541	4620.915102943358	1
24662	132758.6676548713	4620.916462294555	1
24663	132759.4934374369	4620.194395055244	1
24664	132759.4954249156	4620.193659270582	1
24665	132760.8704707941	4618.448122608152	1
24666	132760.8654857643	4618.440996619219	1
24667	132761.569100477	4617.721335802093	1
24668	132760.8658817743	4618.43601463401	1
24669	132761.5479840171	4617.701856872383	1
24670	132761.5490079006	4617.69769025583	1
24671	132779.6748658002	4605.711750097782	1
24672	132779.6808211829	4605.709310747107	1
24673	132780.2902023221	4604.943118716926	1
24674	132779.6832283903	4605.712502258553	1
24675	132780.2673096623	4604.962653876071	1
24676	132780.2910178347	4604.940899375956	1
24677	132790.7976488668	4597.245780061765	1
24678	132790.7981691395	4597.245736672047	1
24679	132791.4483114767	4596.88141207826	1
24680	132790.7904790871	4597.226396865254	1
24681	132791.0776233217	4597.194794893909	1
24682	132791.4522478043	4596.880929208696	1
24683	132814.3163087268	4587.499551211645	1
24684	132814.3163396967	4587.499340566528	1
24685	132815.2124373869	4587.13280690556	1
24686	132814.3326468304	4587.52062735314	1
24687	132814.4994681195	4587.476527669156	1
24688	132815.2130053759	4587.132285837085	1
24689	132833.7982820712	4583.207280283718	1
24690	132833.7984455838	4583.209698250772	1
24691	132834.7397732076	4582.249748367869	1
24692	132833.6278620429	4583.438108426712	1
24693	132834.7483895557	4582.167447141438	1
24694	132834.7408437662	4582.250986662394	1
24695	132848.6301066616	4579.132640936756	1
24696	132848.6270036278	4579.131950005797	1
24697	132849.6167086313	4578.795463426748	1
24698	132848.5997558162	4579.132227383591	1
24699	132849.5522706241	4578.875859256683	1
24700	132849.5521121013	4578.874716088821	1
24701	132873.0489614949	4575.784200157139	1
24702	132873.0510594395	4575.785059519792	1
24703	132873.9299992308	4576.271365566831	1
24704	132873.0163047706	4575.932550423061	1
24705	132873.9219069851	4576.276497596638	1
24706	132873.9325600267	4576.27134725882	1
24707	132896.521646903	4571.722350204009	1
24708	132896.5351715662	4571.727012577695	1
24709	132897.5561648287	4571.371348133544	1
24710	132896.5220584539	4571.724600129213	1
24711	132897.5250817347	4571.398146270581	1
24712	132897.5543905334	4571.370492385654	1
24713	132939.2004722211	4569.257215125331	1
24714	132939.2041962186	4569.259492620495	1
24715	132940.2546943367	4569.617619480014	1
24716	132939.2049217005	4569.259239422743	1
24717	132940.247824071	4569.617624437222	1
24718	132940.2575721164	4569.619181194125	1
24719	132946.9303265053	4570.304418148636	1
24720	132946.9303265062	4570.304418149091	1
24721	132947.983740035	4570.633525640583	1
24722	132946.8793876822	4570.311997386561	1
24723	132947.839036494	4570.835914477298	1
24724	132947.9864711579	4570.635177769324	1
24725	132949.1160349111	4570.547194712136	1
24726	132949.1154482759	4570.54987780204	1
24727	132950.2631235665	4570.60019295783	1
24728	132949.1187679351	4570.54886337591	1
24729	132950.2636986105	4570.600173255322	1
24730	132950.2639251612	4570.599773696833	1
24731	132955.8819805904	4571.029508309975	1
24732	132955.8860896882	4571.030390064555	1
24733	132957.0873575088	4571.207298600708	1
24734	132955.8009302624	4571.011065852048	1
24735	132956.9720006833	4571.167244153429	1
24736	132957.0755902423	4571.206539370974	1
24737	132965.7265905007	4572.782358839785	1
24738	132965.7272277194	4572.782324286653	1
24739	132962.544591523	4571.483821172075	1
24740	132962.5693988086	4571.494490199218	1
24741	132963.397774633	4571.201659283483	1
24742	132962.4847499836	4571.456924606005	1
24743	132963.2731673911	4571.150988699149	1
24744	132963.3911434376	4571.198235716576	1
24745	132968.493125436	4572.137879865098	1
24746	132968.4851588652	4572.139250312341	1
24747	132969.5280246309	4572.43778766046	1
24748	132968.4556384896	4572.156995265998	1
24749	132969.5206556614	4572.436187915601	1
24750	132969.5197085206	4572.435491608101	1
24751	132977.6947216502	4574.130145936117	1
24752	132977.6968868334	4574.131166004754	1
24753	132978.7437268625	4574.263998090978	1
24754	132977.6999639294	4574.135421040921	1
24755	132978.7467002072	4574.268310938683	1
24756	132978.7438232226	4574.263910253358	1
24757	132983.7445846482	4576.228947498959	1
24758	132983.7420515217	4576.223008005981	1
24759	132983.0917722063	4576.883651538114	1
24760	132982.0394860253	4576.637567113146	1
24761	133247.5260866283	4638.673548630715	1
24762	133247.5250211093	4638.673656331419	1
24763	133974.7517740863	4867.089313982036	1
24764	132983.7186917189	4576.287934108141	1
24765	132988.0865254449	4578.032635369304	1
24766	132983.0655711003	4576.891791835831	1
24767	132989.6895366028	4578.12894734234	1
24768	132989.7613521116	4578.140023400565	1
24769	132990.8912519216	4578.388066519859	1
24770	132989.7360304123	4578.136096107321	1
24771	132990.8319715279	4578.362079445073	1
24772	132990.841327085	4578.363677125487	1
24773	132993.3123196126	4579.079173968479	1
24774	132993.1894279398	4578.989903349585	1
24775	132993.4713198947	4579.20444202049	1
24776	132993.3428207003	4579.069743680971	1
24777	132994.3417026441	4579.322793357922	1
24778	132993.3168928756	4579.081033951188	1
24779	132994.4148767593	4579.231311018917	1
24780	132994.4184595444	4579.230348591409	1
24781	133004.6673659337	4581.673817160025	1
24782	133004.6700987176	4581.674589278585	1
24783	133005.6813172757	4582.232896562858	1
24784	133004.6557113714	4581.690700417653	1
24785	133005.6595916986	4582.239802643687	1
24786	133005.6762650877	4582.230695049309	1
24787	133019.0319895348	4584.512162707534	1
24788	133019.0317912084	4584.512354119986	1
24789	133020.1773025374	4584.634716749954	1
24790	133018.9856152885	4584.53415114235	1
24791	133020.1484761721	4584.630349346429	1
24792	133020.1812474003	4584.637088210027	1
24793	133055.7443794755	4591.849222991698	1
24794	133055.7532418201	4591.849470997377	1
24795	133057.0150584627	4591.994585526342	1
24796	133055.7412946445	4591.851723135795	1
24797	133056.9363690104	4591.9699702669	1
24798	133057.0183617778	4591.99689562777	1
24799	133072.3212393245	4594.749768012045	1
24800	133072.307646487	4594.702807073089	1
24801	133073.1125224941	4595.166945628885	1
24802	133072.3240290738	4594.751371074464	1
24803	133073.2332004001	4595.203957676397	1
24804	133073.2354139216	4595.205356517081	1
24805	133087.1929865851	4599.140481284038	1
24806	133087.2435518472	4599.128984714589	1
24807	133087.8894274924	4599.196287917648	1
24808	133087.200920797	4599.142040428793	1
24809	133088.0785034506	4599.1793668389	1
24810	133088.0797985981	4599.180460207061	1
24811	133146.4181539568	4611.584552165649	1
24812	133146.4234049545	4611.586716618581	1
24813	133147.6520097074	4611.888942990481	1
24814	133146.3269883883	4611.569144783214	1
24815	133147.6475034365	4611.883892424244	1
24816	133147.6506142532	4611.887612933137	1
24817	133164.3900775693	4614.965711554827	1
24818	133164.3747242537	4614.952935042378	1
24819	133165.204815255	4614.427779518019	1
24820	133164.3596021743	4614.935502831704	1
24821	133165.0087974049	4614.174605997438	1
24822	133165.2010296246	4614.425633937129	1
24823	133196.5001757834	4622.549645073562	1
24824	133196.5000157124	4622.548697931117	1
24825	133197.4740120124	4622.826282860242	1
24826	133196.49629496	4622.548087385618	1
24827	133197.4749053202	4622.825794905267	1
24828	133197.475511673	4622.826010633216	1
24829	133199.9503413818	4623.301623895308	1
24830	133199.8469694615	4622.829371611134	1
24831	133200.5246031097	4622.74094050284	1
24832	133199.943936552	4623.298960188583	1
24833	133201.1444922906	4623.656563907821	1
24834	133201.1418788681	4623.653410139319	1
24835	133208.5297978747	4626.376702778576	1
24836	133208.4334941909	4625.937095732882	1
24837	133209.4989675214	4626.232485262964	1
24838	133208.5368574918	4626.377082463953	1
24839	133209.6348833883	4626.315124972637	1
24840	133209.6348833875	4626.315124972093	1
24841	133213.5629782865	4627.357680201604	1
24842	133213.3227017118	4626.922074817665	1
24843	133214.3192826245	4626.938673565794	1
24844	133213.5613716967	4627.357201827317	1
24845	133214.880866198	4627.981357047278	1
24846	133214.882336117	4627.981781922614	1
24847	133220.0587964202	4629.396171010205	1
24848	133219.6389900572	4628.934089387078	1
24849	133221.0678823115	4629.702286699437	1
24850	133220.0605891423	4629.394962860501	1
24851	133221.1463387716	4629.782815392738	1
24852	133221.1526829507	4629.794205772684	1
24853	133254.5112472611	4639.550339342455	1
24854	133254.5098858474	4639.549824583576	1
24855	133255.7314803571	4641.206891365449	1
24856	133254.1785449898	4638.854980362537	1
24857	133255.627986997	4641.251602860472	1
24858	133255.7310556342	4641.202960651532	1
24859	133374.3141248535	4680.865555729855	1
24860	133374.321046247	4680.864492501848	1
24861	133375.2906034911	4680.853178615815	1
24862	133373.2063034462	4679.524197410059	1
24863	133374.9611764037	4680.480569923912	1
24864	133375.2905657951	4680.853806139012	1
24865	133399.2011144883	4692.656429310477	1
24866	133399.237663631	4692.671318308315	1
24867	133401.4048721585	4693.97902825781	1
24868	133398.6054782864	4691.965379378268	1
24869	133401.2761169159	4693.784118689992	1
24870	133401.4437760629	4694.001448005706	1
24871	133415.1986283827	4703.201812453085	1
24872	133415.2220912053	4703.217739811782	1
24873	133415.9775158188	4702.860375608639	1
24874	133414.8957850841	4702.685876998161	1
24875	133415.1436863009	4701.75591253716	1
24876	133415.9975142135	4702.878325527421	1
24877	133434.616162908	4717.136340339454	1
24878	133434.3790313261	4716.610999436694	1
24879	133431.7598706213	4711.367897693648	1
24880	133434.6737694575	4717.170235837464	1
24881	133437.5764171304	4720.107970389143	1
24882	133437.5525873781	4720.089727617276	1
24883	133477.652836815	4756.170526080111	1
24884	133477.7065173016	4756.226150788585	1
24885	133478.7542855949	4757.244145501229	1
24886	133475.0272029783	4750.438492234004	1
24887	133476.4734046225	4753.533818856404	1
24888	133479.214152772	4757.876370125112	1
24889	133547.3512688716	4839.429134879987	1
24890	133543.2954512287	4832.603096611723	1
24891	133546.5819946724	4836.672285614082	1
24892	133547.5706931041	4839.743114258175	1
24893	133551.3725658738	4844.282003323844	1
24894	133551.509796985	4844.478248931771	1
24895	133797.4911801807	5206.245482112917	1
24896	133797.2993736981	5205.958567017507	1
24897	133501.7295411847	4709.573790025664	1
24898	133499.7422550541	4706.390563905791	1
24899	133497.63479516	4701.265617858448	1
24900	133501.736028228	4709.590467015612	1
24901	133499.9313466563	4705.116530391373	1
24902	133499.8749623898	4705.017450532173	1
24903	133462.6099285419	4610.859871447428	1
24904	133459.8892492294	4606.301729486941	1
24905	133457.9110472997	4601.877360850542	1
24906	133462.608556198	4610.877559960224	1
24907	133460.9015085521	4606.899446686115	1
24908	133460.8646560223	4606.84297196544	1
24909	133453.4064476625	4584.525272155032	1
24910	133453.0136250285	4583.783304751709	1
24911	133452.8920076794	4581.336008089485	1
24912	133453.3891219409	4584.466142357975	1
24913	133452.9678480388	4581.440618991596	1
24914	133452.9656132661	4581.433813876508	1
24915	133447.7872561836	4555.315641358443	1
24916	133447.7487235969	4555.25003266033	1
24917	133447.3105522533	4553.324714376399	1
24918	133447.7574143027	4555.24132072006	1
24919	133447.3048908734	4553.323726809842	1
24920	133447.3246582238	4553.367919673221	1
24921	133445.3860331295	4543.662406413514	1
24922	133442.4475147803	4538.396864509716	1
24923	133443.3559424181	4537.829120419279	1
24924	133445.3915305899	4543.67651676992	1
24925	133444.9745262078	4541.133251488425	1
24926	133444.9685510728	4541.109576399278	1
24927	133441.5851114255	4514.561289437204	1
24928	133441.2150727447	4513.78469092134	1
24929	133441.7168370847	4512.738651710504	1
24930	133441.5791171967	4514.520610170219	1
24931	133442.1329915131	4513.522530142742	1
24932	133442.1324072081	4513.52260473898	1
24933	133440.4165370173	4491.554734048303	1
24934	133440.1863956244	4490.962879895264	1
24935	133441.604304328	4492.005850154786	1
24936	133440.4221555975	4491.565275681795	1
24937	133441.7199377771	4492.346416815941	1
24938	133441.7167516023	4492.353569812491	1
24939	133442.5554812867	4473.715147886368	1
24940	133442.5534403148	4473.712686792155	1
24941	133443.3914705996	4472.929307703986	1
24942	133441.6971177321	4471.255169446067	1
24943	133443.3331738874	4472.791538931871	1
24944	133443.3580121283	4472.860070890006	1
24945	133446.3711080684	4456.752581253162	1
24946	133446.3756864433	4456.726174598493	1
24947	133446.2798804363	4455.231811589058	1
24948	133446.2311141996	4456.267423370772	1
24949	133446.2066200092	4454.998341852824	1
24950	133446.2070807521	4454.996401075386	1
24951	133450.9436186702	4424.78437383801	1
24952	133450.9434398016	4424.783247942995	1
24953	133451.3584851595	4423.835886800534	1
24954	133450.9153393817	4424.654957685532	1
24955	133451.2032808363	4423.187755258324	1
24956	133451.3509225089	4423.817038583753	1
24957	133456.4668237402	4415.941548568159	1
24958	133456.4701104453	4415.924438643926	1
24959	133456.8822068361	4414.871883525991	1
24960	133456.4148724836	4415.726480091174	1
24961	133456.6499872301	4413.962791205823	1
24962	133456.8872657851	4414.874643277873	1
24963	133473.193108177	4378.662441869355	1
24964	133473.191410849	4378.661767389032	1
24965	133473.3695329792	4378.166985226822	1
24966	133473.3714064706	4378.167890975995	1
24967	133475.7612550801	4369.998106686966	1
24968	133475.7644509496	4369.994569786344	1
24969	133477.270626917	4368.383673835177	1
24970	133475.7605261473	4369.661936682525	1
24971	133477.1992224781	4368.230196435193	1
24972	133477.2794325104	4368.381032852742	1
24973	133477.9602678061	4367.367965689055	1
24974	133477.6975539119	4366.469138920894	1
24975	133477.8355825102	4363.832328093438	1
24976	133477.9531508474	4367.401879107916	1
24977	133485.9414875739	4354.582607090569	1
24978	133485.958913352	4354.506270041814	1
24979	133486.8866793037	4353.970870906937	1
24980	133485.939249626	4354.586640097944	1
24981	133486.8850468969	4354.180053086639	1
24982	133486.8870569694	4354.177531796337	1
24983	133508.5523673504	4329.326291067309	1
24984	133508.5456150847	4329.345336298608	1
24985	133509.0721554874	4326.895724542039	1
24986	133508.0605524725	4324.939920809805	1
24987	133509.1377301717	4326.565836797248	1
24988	133509.07495562	4326.884692451628	1
24989	133513.7238625255	4324.186863621277	1
24990	133513.1418099655	4324.846753142974	1
24991	133514.3033443127	4323.521798340077	1
24992	133513.7278413118	4324.183463939922	1
24993	133516.0938182978	4321.032720026639	1
24994	133516.0820325417	4320.966964184497	1
24995	133517.1204115922	4320.199100225395	1
24996	133516.096485012	4321.024039604079	1
24997	133517.1250761652	4320.421545523342	1
24998	133517.1327447668	4320.420120039777	1
24999	133545.3489351866	4301.946334792044	1
25000	133545.64275337	4301.620370607065	1
25001	133547.2419590876	4301.14862741925	1
25002	133545.348162905	4301.947475355755	1
25003	133575.5401538756	4281.754957211208	1
25004	133575.546927802	4281.762234884413	1
25005	133576.5432721498	4281.177041273121	1
25006	133575.5474179792	4281.745023266133	1
25007	133576.5416079988	4281.174307746471	1
25008	133576.5423719262	4281.178637027168	1
25009	133596.598489848	4269.713639923621	1
25010	133596.5984127203	4269.713857446352	1
25011	133597.7129679034	4269.471921824069	1
25012	133596.6063973259	4269.698040176429	1
25013	133597.7158898832	4269.461797778187	1
25014	133597.7137688221	4269.471710520542	1
25015	133606.182203494	4265.965064339046	1
25016	133606.186874588	4265.963199696496	1
25017	133607.2570598866	4265.690851582977	1
25018	133606.1964697671	4265.829024972397	1
25019	133607.2643248931	4265.681124408588	1
25020	133607.2697198888	4265.682165923077	1
25021	133632.4106656864	4258.104370811874	1
25022	133632.4057434725	4258.076710064922	1
25023	133633.4203874486	4257.739749255301	1
25024	133632.409862621	4258.104161979245	1
25025	133633.42159694	4257.752853870726	1
25026	133633.4211114458	4257.752070630432	1
25027	133689.2472357631	4246.958274713219	1
25028	133689.2458332057	4246.956867069588	1
25029	133690.3513688334	4246.767381416821	1
25030	133689.314471147	4246.89120594216	1
25031	133690.3605719341	4246.765085271613	1
25032	133690.3587524755	4246.7668618424	1
25033	133695.9722084454	4246.088942912163	1
25034	133695.9735833221	4246.089513349496	1
25035	133697.1071027358	4245.901022807048	1
25036	133695.9716499902	4246.089028364479	1
25037	133697.1094049035	4245.903022927465	1
25038	133697.1052536375	4245.902427797851	1
25039	133702.6945557022	4245.278791279803	1
25040	133702.7017310131	4245.277602466213	1
25041	133703.8229048065	4245.370015504552	1
25042	133702.7026919859	4245.266052737229	1
25043	133703.8265671734	4245.364386402742	1
25044	133703.8229048073	4245.370015504153	1
25045	133721.7958998267	4245.384299965478	1
25046	133721.796875042	4245.386978388082	1
25047	133722.9023041791	4245.338133388248	1
25048	133721.7906643222	4245.384948937018	1
25049	133722.9009901042	4245.335454568886	1
25050	133722.8992011797	4245.338176448681	1
25051	133757.1370320769	4248.254237505252	1
25052	133757.1360011348	4248.252845058354	1
25053	133758.238638841	4248.43165737049	1
25054	133757.1414039456	4248.250908881202	1
25055	133758.2744153193	4248.422049385843	1
25056	133758.2374976514	4248.431500192921	1
25057	133794.2130979606	4252.675136706835	1
25058	133794.2142151561	4252.678784270255	1
25059	133795.3410745789	4252.705071575398	1
25060	133794.2256236607	4252.677822772233	1
25061	133795.3479763576	4252.704349308489	1
25062	133795.3460828686	4252.708764769005	1
25063	133840.3655820478	4263.409790873329	1
25064	133840.3699080378	4263.405908753955	1
25065	133853.2370008493	4267.357438880048	1
25066	133840.3626315286	4263.409193513344	1
25067	133853.2311566992	4267.356710911172	1
25068	133853.2291308714	4267.358639413025	1
25069	133854.2890659136	4267.730977098342	1
25070	133853.2313666982	4267.357234133099	1
25071	133854.2878123851	4267.73159860044	1
25072	133854.2902182363	4267.733082408648	1
25073	133870.226071271	4273.384982160157	1
25074	133870.2261341996	4273.385017396678	1
25075	133871.2284498106	4273.76303845776	1
25076	133870.2351515783	4273.381073513398	1
25077	133871.2282208837	4273.763751404686	1
25078	133871.2297424135	4273.76042394365	1
25079	133887.8393535389	4281.160552274328	1
25080	133887.8417737706	4281.157150803353	1
25081	133888.8538452533	4281.624623674977	1
25082	133887.8540359907	4281.158774184531	1
25083	133888.855666619	4281.620821125606	1
25084	133888.8567708965	4281.626676400786	1
25085	133930.7807467406	4302.067040600976	1
25086	133930.7791466303	4302.066818404507	1
25087	133931.8086048112	4302.499850490857	1
25088	133930.778809864	4302.067649519228	1
25089	133931.8159555719	4302.50018322141	1
25090	133931.8093599955	4302.500093720413	1
25091	133966.3338553885	4322.038412479256	1
25092	133966.3337695109	4322.038446449665	1
25093	133967.3345298877	4322.603125993397	1
25094	133966.3431281425	4322.041413855059	1
25095	133967.3387112018	4322.587171227793	1
25096	133967.3367054204	4322.604744394275	1
25097	133969.2230885241	4323.756290785926	1
25098	133969.2302469732	4323.762205508597	1
25099	133970.0791308502	4324.494063751697	1
25100	133969.2316006976	4323.762750911545	1
25101	133970.0789720771	4324.494614990373	1
25102	133970.0792978159	4324.496672481599	1
25103	133975.6372878632	4328.362896530661	1
25104	133975.6372878635	4328.3628965316	1
25105	133976.5454017473	4329.022843092969	1
25106	133975.6375223843	4328.366253531635	1
25107	133976.5432978203	4329.019688222128	1
25108	133976.545621968	4329.021984994548	1
25109	133997.4799023523	4344.574776406196	1
25110	133997.4718937694	4344.574667911438	1
25111	133998.3838517685	4345.260402556107	1
25112	133997.4791681703	4344.574081447327	1
25113	133998.3782204155	4345.247920308733	1
25114	133998.3849048738	4345.263465027627	1
25115	134018.1852947593	4362.773255500052	1
25116	134018.1850580182	4362.772187421346	1
25117	134018.9178870729	4363.528917265998	1
25118	134018.2058137453	4362.790559737694	1
25119	134018.9314971848	4363.5242018255	1
25120	134018.9186613722	4363.530765161735	1
25121	134029.4137439789	4374.012359913824	1
25122	134029.4137439795	4374.012359914634	1
25123	134030.1956122632	4374.776986933694	1
25124	134029.4317394314	4374.012429270853	1
25125	134030.1944461323	4374.772726526061	1
25126	134030.1947427552	4374.772913771436	1
25127	134064.9798758337	4415.531916954739	1
25128	134064.979619936	4415.53063379104	1
25129	134065.5655137004	4416.510996447383	1
25130	134064.9838000123	4415.528669157365	1
25131	134065.5687630919	4416.513423919862	1
25132	134065.5657075517	4416.511590479092	1
25133	134077.5940950947	4431.529056005497	1
25134	134077.5967338645	4431.534049371936	1
25135	134078.3175323699	4432.303330481118	1
25136	134077.5969382018	4431.52806251862	1
25137	134078.3213201973	4432.298759661298	1
25138	134078.3223558152	4432.301287093002	1
25139	134081.1574268567	4437.099194814819	1
25140	134081.1573263708	4437.098769218896	1
25141	134081.9323274578	4437.96905539315	1
25142	134081.1576391935	4437.094702644513	1
25143	134081.9343099939	4437.965262172952	1
25144	134081.9305993012	4437.963592350532	1
25145	134083.2149247086	4439.808331509099	1
25146	134083.2138441154	4439.806581045811	1
25147	134083.8270199125	4440.749154709765	1
25148	134083.212099137	4439.769629556831	1
25149	134083.8273783824	4440.744681884272	1
25150	134083.8285387065	4440.75145360326	1
25151	134090.6223058139	4452.686662157026	1
25152	134090.6194376035	4452.68590351061	1
25153	134091.2326569036	4453.650104869691	1
25154	134090.6252789965	4452.684890393341	1
25155	134091.2390458707	4453.645727458859	1
25156	134091.2329071584	4453.649822782851	1
25157	134092.758920965	4456.824851869801	1
25158	134092.755718233	4456.821334086048	1
25159	134093.3419164251	4457.821525698048	1
25160	134092.7737373106	4456.814927105261	1
25161	134093.346137327	4457.81791747573	1
25162	134093.3419603187	4457.821852465318	1
25163	134118.241297169	4511.458022167068	1
25164	134118.2412971688	4511.458022168048	1
25165	134118.5266833114	4512.540750927014	1
25166	134118.2478856748	4511.458294938226	1
25167	134118.5275466687	4512.537229848851	1
25168	134118.527167497	4512.540086445426	1
25169	134126.566601816	4530.596839049484	1
25170	134126.5671312395	4530.597508942712	1
25171	134126.9668437185	4531.733283502591	1
25172	134126.7449847697	4530.646353254317	1
25173	134127.2868327894	4531.587570323082	1
25174	134126.9678703051	4531.732430972831	1
25175	134127.8345218334	4533.723555899445	1
25176	134127.833320851	4533.725135676635	1
25177	134128.1818580009	4534.983207070341	1
25178	134127.8392746458	4533.674905594442	1
25179	134128.2185068296	4534.987304381405	1
25180	134128.1798035027	4534.980941564036	1
25181	134128.6474976725	4537.285442217705	1
25182	134128.6467369669	4537.285904167787	1
25183	134128.9414897761	4538.428145490408	1
25184	134128.6522931809	4537.279561123955	1
25185	134128.9775268452	4538.387690795838	1
25186	134128.9406639835	4538.429074666346	1
25187	134129.6997427219	4540.590345920096	1
25188	134129.7013546194	4540.594112975949	1
25189	134129.7889336687	4541.727298205238	1
25190	134129.7612749153	4540.557472703031	1
25191	134130.2023061592	4541.501106238814	1
25192	134129.793437188	4541.747587426417	1
25193	134130.4326257983	4543.931282998463	1
25194	134130.4301097596	4543.936412008708	1
25195	134130.5263911723	4545.115380971362	1
25196	134130.5429340107	4543.907198880784	1
25197	134130.5980467353	4545.049663089004	1
25198	134130.5276193318	4545.11623432401	1
25199	134131.2192109739	4547.355138758366	1
25200	134131.2155637542	4547.349636053716	1
25201	134131.5849794717	4548.444611597914	1
25202	134131.5248702708	4547.19277433398	1
25203	134131.7325578355	4548.385564688799	1
25204	134131.5851387072	4548.444490273411	1
25205	134131.8128866606	4550.770399723549	1
25206	134131.8135688136	4550.770259617326	1
25207	134131.8497071354	4551.903767179837	1
25208	134132.2362246808	4550.610048508602	1
25209	134131.8519995082	4551.902593782218	1
25210	134131.848181757	4551.902525032929	1
25211	134133.1556373613	4564.951319846786	1
25212	134133.1536550719	4564.950527799016	1
25213	134133.5932531233	4566.030369727958	1
25214	134134.3016019978	4564.919480081576	1
25215	134133.9377826165	4565.771199916872	1
25216	134133.5933967502	4566.031193766693	1
25217	134134.8383789946	4571.715058183702	1
25218	134134.8404722696	4571.71111242771	1
25219	134134.7414722778	4572.95064882421	1
25220	134134.9275480548	4571.666093472294	1
25221	134134.8816424088	4572.795543425558	1
25222	134134.7417175129	4572.952744353206	1
25223	134134.953037966	4579.006185816839	1
25224	134134.9827183823	4578.979168308701	1
25225	134135.1682685569	4580.198269952644	1
25226	134134.9547171663	4579.000447961098	1
25227	134134.9683527022	4580.299419079609	1
25228	133941.4351412319	5465.948814056415	1
25229	134247.690593823	5642.923625442811	1
25230	134135.1658669701	4580.198661160018	1
25231	134135.0538605016	4584.030450502523	1
25232	134135.1932035964	4584.010094499639	1
25233	134135.5371121053	4585.155554331002	1
25234	134135.0533123413	4584.031908841791	1
25235	134135.0673413256	4585.239742396091	1
25236	134135.0670847434	4585.239031246645	1
25237	134135.8276741851	4598.65559977617	1
25238	134135.8285878425	4598.654796766566	1
25239	134135.7960036678	4599.881874515655	1
25240	134135.9395049529	4598.610246730931	1
25241	134135.9354559027	4599.712623477105	1
25242	134135.8015220651	4599.879195997927	1
25243	134135.2954261223	4669.0364609968	1
25244	134135.2950497865	4669.045532800519	1
25245	134135.1536631446	4670.293556325372	1
25246	134135.897312658	4668.855788639277	1
25247	134145.9001870857	4664.676740832086	1
25248	134135.1535965642	4670.292473119621	1
25249	134137.5370289172	4739.865401747428	1
25250	134137.5596269117	4739.857635545772	1
25251	134116.1788934262	4875.002693472004	1
25252	134137.5316311044	4739.87289408428	1
25253	134127.5232007212	4816.340355699163	1
25254	134127.3723123347	4816.405092271736	1
25255	134127.5314399411	4817.50498395719	1
25256	134127.5296431019	4816.351197531804	1
25257	134127.6477742944	4817.331030969581	1
25258	134127.532544126	4817.494597876553	1
25259	134126.2803342155	4821.336063861893	1
25260	134126.2621377262	4821.359628001212	1
25261	134125.9635214133	4822.805612641508	1
25262	134126.280334216	4821.336063861071	1
25263	134126.0557967541	4822.721340492756	1
25264	134125.9711002542	4822.795538756722	1
25265	134121.7566494349	4844.725085408086	1
25266	134121.7613853462	4844.717815747817	1
25267	134121.8829063016	4845.629563140953	1
25268	134121.7689127465	4844.757910670275	1
25269	134121.8949251646	4845.608615481345	1
25270	134121.8849956726	4845.630160245238	1
25271	134117.0201223673	4866.127203457343	1
25272	134117.0798285172	4866.149379224868	1
25273	134116.6566095598	4867.421023090535	1
25274	134117.0205371338	4866.124963280056	1
25275	134116.6536262315	4867.426166342917	1
25276	134116.6521310211	4867.427021656016	1
25277	134115.4823898589	4875.309343004128	1
25278	134115.4816219795	4875.31321175538	1
25279	134104.4339325401	4921.338323806201	1
25280	134104.434227768	4921.332567275158	1
25281	134104.070804939	4922.727215492203	1
25282	134104.7738893211	4921.382524154343	1
25283	134104.1386123467	4922.702870115165	1
25284	134104.1379050892	4922.703842436034	1
25285	134089.2845184803	4970.684470914357	1
25286	134089.2864071517	4970.689431597462	1
25287	134088.7412790172	4971.990052805164	1
25288	134089.5682610729	4970.846745017125	1
25289	134088.7670857421	4971.994575014635	1
25290	134088.7377847568	4971.99463311334	1
25291	134087.7725000552	4974.638581504862	1
25292	134087.7750075482	4974.642355421283	1
25293	134088.0292400538	4975.578630429917	1
25294	134087.775025481	4974.665433362133	1
25295	134088.1616620421	4975.172386367079	1
25296	134088.0332217047	4975.575793200404	1
25297	134068.9463915102	5034.303201653311	1
25298	134068.9547662899	5034.293307606445	1
25299	134067.7457945086	5036.181351179483	1
25300	134069.5083032686	5033.658491898857	1
25301	134067.5351371723	5036.277656571709	1
25302	134067.7411390622	5036.195672754008	1
25303	134063.9542233628	5048.008274948143	1
25304	134063.9623634274	5048.008746473353	1
25305	134063.4268172407	5049.47036695341	1
25306	134064.2676501762	5047.343975534025	1
25307	134063.9702804211	5048.030796128421	1
25308	134063.9560291292	5048.006509089159	1
25309	134063.4116869154	5049.492024027024	1
25310	134063.4133898264	5049.483664497737	1
25311	134062.271525398	5052.696765722148	1
25312	134062.2765673516	5052.697252622086	1
25313	134061.8170120146	5054.061718834707	1
25314	134062.2696199412	5052.690700230142	1
25315	134061.8039931695	5054.070294882124	1
25316	134061.8099921831	5054.057602192761	1
25317	134060.673721205	5057.125246011202	1
25318	134060.674999516	5057.114334997	1
25319	134060.1306916309	5058.723436914996	1
25320	134060.6913962036	5057.129992656236	1
25321	134060.1444005854	5058.699166725074	1
25322	134060.1323629278	5058.714867584137	1
25323	134054.8443449582	5075.8523896953	1
25324	134054.8453564004	5075.860467412841	1
25325	134054.3278630626	5077.45233349134	1
25326	134054.8358602921	5075.900536572465	1
25327	134054.3250443937	5077.414885505375	1
25328	134054.3319939523	5077.438925504307	1
25329	134047.4638186529	5100.374998896707	1
25330	134047.4584138728	5100.391822806747	1
25331	134047.0082106799	5102.209486210093	1
25332	134047.4624380597	5100.453752915979	1
25333	134046.9916564833	5102.244136888987	1
25334	134047.0001379446	5102.222838757628	1
25335	134046.1342681814	5105.430007303155	1
25336	134046.1357090587	5105.440195327116	1
25337	134045.5802143393	5107.010479949891	1
25338	134046.1323066449	5105.445083021412	1
25339	134045.5758184281	5106.98650707317	1
25340	134045.5858493209	5106.994653455125	1
25341	134041.8429771748	5120.700235258223	1
25342	134041.7956563188	5120.842427552506	1
25343	134041.2807927962	5122.602357570174	1
25344	134041.8339298345	5120.707375143182	1
25345	134041.2730793398	5122.629217828608	1
25346	134041.2708125362	5122.627221521613	1
25347	134036.4801640974	5141.472697339179	1
25348	134036.4806242675	5141.479485844931	1
25349	134035.8656849635	5143.616188898351	1
25350	134036.4420977531	5141.599777453392	1
25351	134035.8609852528	5143.619083712982	1
25352	134035.8614481392	5143.612113475397	1
25353	134025.455605864	5184.712967869052	1
25354	134025.4531628404	5184.720539275075	1
25355	134024.8246169298	5186.978144711175	1
25356	134025.4477209492	5184.791606767448	1
25357	134024.8158023298	5187.039203571011	1
25358	134024.8065059375	5187.066991539053	1
25359	134024.3243758421	5188.983918705874	1
25360	134024.3300992295	5188.957300718449	1
25361	134023.7103941341	5191.383728073202	1
25362	134024.2952825958	5189.024848468422	1
25363	134023.6984998015	5191.474492007243	1
25364	134023.7103941345	5191.383728074116	1
25365	133981.541942781	5366.861965661926	1
25366	133981.5419427807	5366.861965662866	1
25367	133981.3521062022	5367.356328090202	1
25368	133981.3381720314	5367.383718533892	1
25369	133969.7958147187	5437.339817939972	1
25370	133971.8384415078	5434.490375959054	1
25371	133933.3246532569	5460.582684125918	1
25372	133933.8495291523	5460.414441377055	1
25373	133960.8562084887	5453.801000627271	1
25374	133961.0110791307	5454.411425678523	1
25375	133962.3213334652	5454.110782543638	1
25376	133960.8535194098	5453.800208069412	1
25377	133962.171950071	5453.800711794962	1
25378	133962.2070583397	5453.789859911107	1
25379	134031.5830202225	5387.852750874165	1
25380	134031.3401983767	5388.025511155142	1
25381	134030.9662614543	5388.683649665912	1
25382	134030.9649262585	5388.682531671604	1
25383	134030.9896967205	5388.245666665976	1
25384	134030.9858384096	5388.247489797127	1
25385	134031.0967268851	5387.845393894083	1
25386	134031.3824259972	5387.957434366584	1
25387	134031.5263272389	5387.994480989853	1
25388	134031.5821481338	5387.858879139772	1
25389	134031.7926270887	5387.585627740594	1
25390	134031.7969716213	5387.577209848639	1
25391	134171.1244722655	5331.838805095655	1
25392	134171.1304656761	5331.839276001547	1
25393	134172.2842771081	5331.342900079189	1
25394	134170.9620785825	5331.827988428878	1
25395	134172.3392890886	5331.389762866208	1
25396	134172.2986679319	5331.347469278562	1
25397	134482.4457027681	5233.550750029887	1
25398	134248.0797428782	5650.943871375304	1
25399	134258.2205049627	5650.473211389432	1
25400	134482.4459947908	5233.550574495208	1
25401	134526.003802038	5223.671013492656	1
25402	134481.8281833425	5233.389604118069	1
25403	134525.8235728142	5224.067160710395	1
25404	134526.003802039	5223.671013492682	1
25405	134631.1032424088	5192.056161004484	1
25406	134631.6883317248	5192.680736377815	1
25407	134653.824897385	5187.545966314849	1
25408	134631.1116389784	5192.050867487362	1
25409	134654.4854217471	5186.86892605641	1
25410	134654.4885743544	5186.867148536663	1
25411	134738.4983099549	5170.374949460904	1
25412	134738.5025372444	5170.372414817403	1
25413	134739.5705261531	5170.170029438949	1
25414	134738.5142650532	5170.488709017609	1
25415	134739.566214419	5170.18676341728	1
25416	134739.5756318691	5170.168434317186	1
25417	134875.1779701851	5164.853285403629	1
25418	134875.1795273008	5164.857277065242	1
25419	134876.178547446	5164.542909010578	1
25420	134875.3979583595	5165.036755301537	1
25421	134876.1715979787	5164.55000682417	1
25422	134876.1795665273	5164.543822914029	1
25423	134904.877992524	5168.877069228236	1
25424	134904.8753332643	5168.877274430375	1
25425	134905.7950972595	5168.338769623972	1
25426	134904.8941116442	5168.911740698166	1
25427	134905.7178577892	5168.45074582757	1
25428	134905.8049143499	5168.335316646421	1
25429	135057.3067735148	5648.977434315708	1
25430	135057.2963577146	5648.981167484406	1
25431	135054.7327886233	5650.694787286698	1
25432	135056.4534212801	5649.554688697135	1
25433	134935.6976510015	5686.150520844455	1
25434	134935.6601263229	5686.146386259141	1
25435	134924.8520815885	5685.475077661838	1
25436	134924.8243409765	5685.47307112573	1
25437	134884.3576752486	5692.053630641086	1
25438	134884.5185127557	5692.087417667897	1
25439	134230.5135001139	5550.651516684398	1
25440	134884.7437855856	5692.160642719551	1
25441	136542.9574823124	5577.693019249531	1
25442	134230.4725930948	5550.637998129429	1
25443	134864.0214146547	5838.350018902256	1
25444	134864.0461211388	5838.361223093618	1
25445	134864.4029506453	5839.133039137791	1
25446	134864.1798206881	5839.097813934341	1
25447	134805.9320886561	5867.322687932762	1
25448	134865.7770117911	5839.067720059545	1
25449	134865.0891817752	5839.343061210535	1
25450	134864.3858888435	5839.125342015677	1
25451	134812.8925164156	5861.823815523379	1
25452	134812.9244250201	5861.840582888794	1
25453	134806.8779201954	5867.325067259184	1
25454	134806.8499794526	5867.31465442698	1
25455	134809.3063073814	5866.865682341773	1
25456	134807.9648869077	5867.324141519732	1
25457	134823.8264205016	5867.653522809051	1
25458	134809.3026541871	5866.869666895875	1
25459	134797.4774316391	5862.834282995671	1
25460	134883.5749083819	5873.804951229626	1
25461	134799.2140804929	5863.13064541273	1
25462	134797.4691658652	5862.829059324115	1
25463	134762.5661476619	5853.437937996404	1
25464	134762.5582408069	5853.433481765228	1
25465	134763.5738230619	5853.381763042968	1
25466	134762.5897339536	5853.438400353956	1
25467	134770.4751052111	5854.661364277487	1
25468	134763.567108764	5853.374777494902	1
25469	134643.8792175918	5820.413955810344	1
25470	134643.8603304334	5820.398525462921	1
25471	134642.2587311697	5819.914219895431	1
25472	134643.9133758626	5820.429451946569	1
25473	134642.3252842021	5819.954579474331	1
25474	134642.2912654176	5819.937931513703	1
25475	134555.5933429545	5788.342131058202	1
25476	134555.5692857913	5788.333714957318	1
25477	134553.1744207026	5787.380024416439	1
25478	134559.105309839	5789.725725990795	1
25479	134554.2495778068	5787.961988917718	1
25480	134553.1930337334	5787.38571060756	1
25481	134457.861674049	5747.350373225188	1
25482	134457.8741846579	5747.360620757589	1
25483	134457.1300329075	5747.413151038824	1
25484	134460.0904393696	5748.908168987335	1
25485	134464.900486725	5751.77585985113	1
25486	134457.1185822983	5747.407244069711	1
25487	134320.8509818745	5682.591528904898	1
25488	134320.8501529146	5682.609288160202	1
25489	134317.4584665775	5680.76594101079	1
25490	134320.8289124549	5682.578698459643	1
25491	134317.2558620211	5680.592926807381	1
25492	134317.4584130841	5680.755576328929	1
25493	134149.3124706797	5585.931702259302	1
25494	134149.1379661061	5585.85092582179	1
25495	134143.2605835468	5582.359168508576	1
25496	134149.2723262754	5585.932650675477	1
25497	134143.250851594	5582.345718469803	1
25498	134143.3701694106	5582.424819800442	1
25499	133970.8449044451	5438.290186449754	1
25500	133983.7779951023	5458.543564244503	1
25501	134248.025436967	5643.257264352264	1
25502	134247.7687846159	5643.005847237808	1
25503	134255.9799041151	5648.654753872328	1
25504	134255.9349114727	5648.627821862896	1
25505	134357.3438085878	5705.487693002344	1
25506	134357.3468519918	5705.488017769019	1
25507	134426.3545478159	5745.113490067031	1
25508	134429.5192717874	5747.555430583488	1
25509	134430.8457798516	5748.388082646547	1
25510	134426.4092373934	5745.152983035741	1
25511	134429.7112365523	5746.641098749045	1
25512	134429.7116194119	5746.641324010177	1
25513	134485.9825754003	5776.476575876834	1
25514	134358.2010834571	5706.11615064271	1
25515	134486.184906473	5776.665462067989	1
25516	134486.112909409	5776.543869897098	1
25517	134656.8653119599	5860.382776230343	1
25518	134656.8720786173	5860.389922931494	1
25519	134658.797549674	5861.382312444877	1
25520	134660.5133112688	5862.269288570251	1
25521	134658.8028532205	5861.39652801123	1
25522	134658.8239096458	5861.396835619451	1
25523	134828.3292250968	5938.368922330148	1
25524	134828.3373127548	5938.373067769758	1
25525	134828.8492052187	5937.687247449214	1
25526	134832.8587973322	5941.221116635485	1
25527	134828.8034397735	5937.666508095868	1
25528	134828.8291312839	5937.676398709338	1
25529	134949.7021118759	5986.425318610584	1
25530	134949.7355806152	5986.444956610971	1
25531	134951.8013289444	5987.264605694139	1
25532	134949.7280007345	5986.434374557106	1
25533	134951.8041528731	5987.264093045858	1
25534	134951.8399078759	5987.276856170902	1
25535	134961.9516502246	5991.657643234907	1
25536	134961.9048163389	5991.642852433898	1
25537	134963.7765926465	5992.341516053277	1
25538	134962.3473625983	5991.848831011344	1
25539	134963.7672165121	5992.353731174926	1
25540	134963.7784761889	5992.341389759705	1
25541	134981.0594182509	5998.84363181246	1
25542	134981.0897871979	5998.854821562219	1
25543	134982.1184361931	5999.030733625697	1
25544	134981.5380345466	5999.062757065178	1
25545	134982.0469470944	5999.024909522898	1
25546	134982.114949462	5999.028116245756	1
25547	134987.217442192	6001.442696249652	1
25548	134987.2117620265	6001.440037235922	1
25549	134988.1698531954	6001.004184593057	1
25550	134989.229965269	6002.465088794728	1
25551	134987.8913145234	6000.998561542699	1
25552	134988.2005192067	6001.013876792198	1
25553	135232.3210762454	6081.407539028259	1
25554	135232.3467318406	6081.406852825487	1
25555	135304.4140090633	6106.39830516256	1
25556	135239.4420540418	6085.517421519968	1
25557	135304.5188058536	6106.554874032812	1
25558	135304.5029745433	6106.420090168982	1
25559	135358.1076911541	6120.400482744903	1
25560	135360.17206121	6121.793328461656	1
25561	135356.2279228422	6117.567538087077	1
25562	135358.0731487342	6120.393543752703	1
25563	135356.1522830049	6117.627560626914	1
25564	135356.1622350593	6117.632199251826	1
25565	135503.9740673777	6159.067307725471	1
25566	135503.9747549643	6159.067629832627	1
25567	135504.8278947327	6159.06134973708	1
25568	135504.0249960201	6159.090797047751	1
25569	135504.8162467755	6159.074216793519	1
25570	135504.8289962489	6159.063220437214	1
25571	135528.2328833723	6164.890003020383	1
25572	135528.6028891686	6165.175575874038	1
25573	135530.5035203166	6165.484850684181	1
25574	135528.2293743456	6164.88912939462	1
25575	135529.6219179904	6165.099741667094	1
25576	135529.6203440586	6165.099671621658	1
25577	135673.8675809351	6199.642552514062	1
25578	135673.8693926649	6199.642063955573	1
25579	135675.4818623596	6200.033854976173	1
25580	135673.9006229558	6199.663980920366	1
25581	135675.4582110184	6200.036959262516	1
25582	135675.472049514	6200.031882697504	1
25583	135691.1956161648	6203.835030348284	1
25584	135691.2042481173	6203.83536646443	1
25585	135692.647940029	6204.122674743779	1
25586	135691.1793389021	6203.83211236498	1
25587	135692.7049981742	6204.137141972953	1
25588	135692.6979253476	6204.133683822305	1
25589	135913.9657641458	6256.065084693209	1
25590	135913.9888488625	6256.069323286489	1
25591	135915.5867875617	6256.463583011046	1
25592	135914.1407878484	6256.159938659764	1
25593	135915.6152165834	6256.515824058695	1
25594	135915.6373004056	6256.481847259307	1
25595	135921.1614878055	6257.921878268944	1
25596	135921.1570971983	6257.921549773664	1
25597	135922.0610572284	6257.640147706865	1
25598	135922.9159165052	6258.819777910308	1
25599	135922.2649832363	6257.910403880333	1
25600	135922.065176716	6257.641302489432	1
25601	135965.5210370732	6267.027225336315	1
25602	135965.5512456895	6267.035462441318	1
25603	135967.7082867189	6267.916969277274	1
25604	135965.5390640958	6267.02769809475	1
25605	135967.8660295855	6268.009154881667	1
25606	135967.7236969073	6267.92195977726	1
25607	136029.4915956608	6279.169379708335	1
25608	136029.4938764296	6279.167786585355	1
25609	136033.7570240272	6279.439560430274	1
25610	136030.2655460892	6279.658104473561	1
25611	136034.3712839549	6279.901506495835	1
25612	136033.7748342046	6279.441738075391	1
25613	136077.976762089	6288.747454630204	1
25614	136077.978662284	6288.749811354947	1
25615	136091.9124333579	6288.917909999718	1
25616	136078.2885840546	6288.900497492359	1
25617	136093.2604306088	6290.245564127675	1
25618	136091.9149671372	6288.918135742984	1
25619	136125.390229186	6294.191738564021	1
25620	136125.3927243971	6294.192202129847	1
25621	136126.5322394908	6293.927333181542	1
25622	136125.4840513972	6294.220277532742	1
25623	136126.4598333196	6293.916664734325	1
25624	136126.5423032868	6293.927999502677	1
25625	136195.0437897774	6307.132805150847	1
25626	136195.0437897784	6307.132805150952	1
25627	136196.3012565705	6307.251608404636	1
25628	136195.2593339129	6307.224118540407	1
25629	136197.7300668552	6307.921659499579	1
25630	136196.2999982514	6307.251489787674	1
25631	136216.4530893215	6310.469401102993	1
25632	136216.4533658223	6310.465599399331	1
25633	136218.169736882	6310.848102295729	1
25634	136216.4646962239	6310.482195943953	1
25635	136218.4983225078	6311.048812808604	1
25636	136218.1660030906	6310.847260954859	1
25637	136307.7073953218	6324.287323387534	1
25638	136307.6952316766	6324.283773797913	1
25639	136309.0583433458	6324.487560564818	1
25640	136307.8411717434	6324.343657940906	1
25641	136309.1680486995	6324.564444429901	1
25642	136309.0312518631	6324.486877375994	1
25643	136362.3793344866	6332.959512831541	1
25644	136362.4750205775	6332.928560698621	1
25645	136363.1324535522	6333.386695867167	1
25646	136362.396528236	6332.96045881732	1
25647	136395.2270948865	6336.466009758275	1
25648	136395.2886198551	6336.490546922276	1
25649	136396.2336599564	6336.156833476887	1
25650	136395.2270948862	6336.466009759235	1
25651	136396.2301732916	6336.10274870624	1
25652	136396.2279250683	6336.102523892164	1
25653	136625.5595843346	6358.371642976337	1
25654	136625.5681544218	6358.372113046251	1
25655	136624.9507350793	6357.837297648279	1
25656	136626.7163466933	6358.693488887578	1
25657	136625.1842362144	6357.884317231834	1
25658	136624.9579831567	6357.836122089027	1
25659	136668.0300919309	6362.87518729191	1
25660	136668.0282154156	6362.875460775154	1
25661	136669.3455683786	6362.86275091752	1
25662	136668.1545864891	6362.988325602211	1
25663	136669.4362312484	6362.890178891486	1
25664	136669.3400299675	6362.862445003406	1
25665	136786.2870208176	6375.688896300423	1
25666	136786.3121452217	6375.690093742904	1
25667	136783.9927749448	6375.383552306272	1
25668	136786.7475052224	6375.759783785232	1
25669	136783.9187391577	6375.402800087908	1
25670	136784.0600685602	6375.39703483767	1
25671	136856.6050307936	6381.09526595617	1
25672	136856.6119657319	6381.097207762157	1
25673	136857.6537108914	6381.218882405357	1
25674	136857.6705135524	6381.219722875403	1
25675	136927.6422633386	6392.03640505924	1
25676	136930.413282913	6392.685316991467	1
25677	136928.6591024438	6391.539662310519	1
25678	136927.6430628537	6392.03632237553	1
25679	136928.643556827	6391.539157672019	1
25680	136928.6679859462	6391.540140010889	1
25681	137179.6573499212	6430.771953391255	1
25682	137179.6306070385	6430.780974132113	1
25683	137179.7643550158	6431.739199582367	1
25684	137179.6915397084	6431.752188999591	1
25685	136155.6120465798	6620.912320324034	1
25686	136155.6188578308	6620.911044874859	1
25687	136152.0234234558	6621.495157037294	1
25688	136151.9821372365	6621.498176138108	1
25689	136145.4721516358	6622.686865648351	1
25690	136151.6433263939	6621.564265328929	1
25691	136145.7102520448	6622.641176732472	1
25692	136145.4939882021	6622.681234564544	1
25693	136106.4989194925	6629.759147388197	1
25694	136106.4580283876	6629.765826857152	1
25695	135815.6237278893	6667.02319251204	1
25696	135815.4169808826	6667.038191636057	1
25697	133526.1229135945	6962.872634769856	1
25698	135815.5846747645	6667.023288277756	1
25699	133822.2432735073	7351.902983468397	1
25700	136152.1181212139	6621.477474614851	1
25701	134683.9038514186	6568.158943696391	1
25702	137179.6844374519	6430.774836723095	1
25703	137179.9582764439	6431.718715471628	1
25704	137179.7651483312	6431.739431892433	1
25705	137495.8775458339	6410.630710511319	1
25706	137495.9052831001	6410.629173111898	1
25707	137497.4485069318	6410.576552654631	1
25708	137495.908853452	6410.633991843197	1
25709	137497.4350314785	6410.576468990361	1
25710	137497.4543065142	6410.577207005008	1
25711	137566.4042792263	6408.703407668797	1
25712	137566.4278754028	6408.702846179376	1
25713	137567.9929506743	6408.682706405581	1
25714	137566.4095375133	6408.703083345812	1
25715	137568.0202044887	6408.690806367886	1
25716	137567.9936511203	6408.682749434725	1
25717	137571.2231719751	6408.717093780891	1
25718	137571.2389797745	6408.719328450108	1
25719	137572.6872236661	6408.645063165863	1
25720	137571.233078582	6408.7231962317	1
25721	137572.7045885876	6408.646217991281	1
25722	137572.7154925716	6408.644826080143	1
25723	137636.9659873638	6409.567790789495	1
25724	137636.881251901	6409.634863628772	1
25725	137073.2636977402	5672.550175356236	1
25726	137637.06025078	6409.570079144277	1
25727	138104.5675384196	7438.877338000276	1
25728	137636.9923862626	6409.574498283858	1
25729	136904.0334066686	5948.51526493446	1
25730	137637.0230685176	6409.591289922846	1
25731	137706.1405955778	6404.894034449008	1
25732	137706.1303993916	6404.894630851184	1
25733	137707.6571843819	6404.598569904085	1
25734	137706.1405955789	6404.894034448987	1
25735	137707.6527098324	6404.59778687993	1
25736	137707.6573883249	6404.597001073422	1
25737	137808.0460879822	6400.907928607729	1
25738	137808.0440940144	6400.907210769553	1
25739	137816.5960389533	6400.61491281865	1
25740	137816.5940988586	6400.614987774572	1
25741	137861.6374111185	6399.75333224198	1
25742	137861.6596416018	6399.754309729788	1
25743	137863.0517609707	6399.725671175607	1
25744	137861.636112659	6399.755780980438	1
25745	137863.0999708741	6399.73133823658	1
25746	137863.0622986787	6399.726220127235	1
25747	137941.2651946676	6397.636092604286	1
25748	137941.2777475796	6397.636095336413	1
25749	137944.308588297	6397.447269165876	1
25750	137941.2702408308	6397.640193492993	1
25751	137944.2588286927	6397.464716815959	1
25752	137944.3017499601	6397.448073854777	1
25753	138011.3853069388	6395.237285511212	1
25754	138011.3833087081	6395.23724360187	1
25755	138012.71515563	6395.091037436608	1
25756	138011.3932899085	6395.242473947897	1
25757	138012.7077773752	6395.091837444581	1
25758	138012.7061145886	6395.090465127165	1
25759	138256.5960577108	6384.451862406283	1
25760	138256.5955989351	6384.452166757297	1
25761	138257.7620403708	6384.176337285697	1
25762	138256.5917616593	6384.458587088837	1
25763	138257.7691866704	6384.178155901687	1
25764	138257.7790891134	6384.175161690824	1
25765	138360.6265959155	6379.613111711208	1
25766	138360.6386536143	6379.612584660064	1
25767	138361.7920510071	6379.551397731659	1
25768	138360.6629249294	6379.614571989616	1
25769	138361.8137719032	6379.554216371631	1
25770	138361.800220143	6379.550925467252	1
25771	138554.192222611	6372.683106272122	1
25772	138554.1946647278	6372.683333556034	1
25773	138560.5570505541	6369.783755178733	1
25774	138560.4694794556	6369.775528468981	1
25775	138560.6199427365	6369.739059213079	1
25776	138560.4877936626	6369.820360929773	1
25777	138561.8370643955	6369.86430674901	1
25778	138560.5636847772	6369.781838670722	1
25779	138575.2653104351	6371.038923338308	1
25780	138554.2574554809	6372.696985713312	1
25781	138575.8018147385	6371.197691258834	1
25782	138575.2702412953	6371.038131560095	1
25783	138624.0087572224	6363.772923743685	1
25784	138624.0152245279	6363.773946460518	1
25785	138625.2241966457	6363.826728278715	1
25786	138624.2518898863	6363.744907791703	1
25787	138625.2408704218	6363.843121937123	1
25788	138625.2430982752	6363.824734318713	1
25789	138717.2024862585	6364.264907657554	1
25790	138717.2035326123	6364.264588182059	1
25791	138738.8979228422	6357.597254020069	1
25792	138717.7259318908	6364.382287725327	1
25793	138788.3990280415	6353.50105219845	1
25794	138738.9134937587	6357.595414837207	1
25795	138788.2183735424	6353.486778223927	1
25796	138739.094974405	6357.675120892238	1
25797	139211.9625044854	6320.207138385093	1
25798	138788.2256853197	6353.486805954049	1
25799	138793.5066377104	6352.27571894968	1
25800	138793.541762783	6352.281240156551	1
25801	138956.4186361727	6342.353902697486	1
25802	138793.5002138143	6352.275683690221	1
25803	138882.7731274444	6347.806582188407	1
25804	138882.7731274454	6347.806582188292	1
25805	138883.9457487854	6347.767440839661	1
25806	138882.7783381442	6347.807425281181	1
25807	138883.9743569958	6347.777557260272	1
25808	138883.977315979	6347.776071798509	1
25809	138914.9235368303	6344.551271088493	1
25810	138914.9317033715	6344.550392302437	1
25811	138916.1628564281	6344.275842204474	1
25812	138914.940893941	6344.563908836264	1
25813	138916.1392672184	6344.27804162234	1
25814	138916.1652668464	6344.275196973607	1
25815	138925.3847669379	6343.64216195179	1
25816	138925.3968161094	6343.642159127227	1
25817	138927.3137709075	6343.63119106556	1
25818	138925.4261047638	6343.648861319802	1
25819	138927.3847663206	6343.634400932129	1
25820	138927.2867567384	6343.631596955282	1
25821	138929.05900169	6343.035168890608	1
25822	138929.0650798928	6343.034576955255	1
25823	138930.2474030999	6342.907537886496	1
25824	138929.0770982198	6343.03733567577	1
25825	138930.3644466519	6342.935476051274	1
25826	138930.2462687903	6342.907696135038	1
25827	138943.1211193965	6342.297320554351	1
25828	138943.6826334921	6342.428144939031	1
25829	138942.0054842632	6341.615949693067	1
25830	138943.1108303885	6342.299733552169	1
25831	138942.0031409587	6341.613019853765	1
25832	138942.0020871598	6341.613036920317	1
25833	138948.4000565307	6340.952984528343	1
25834	138949.0564280744	6340.987807235537	1
25835	138949.3072634062	6340.806769904734	1
25836	138948.4019844359	6340.952926862978	1
25837	138949.3098866323	6340.806042543265	1
25838	138949.2993960185	6340.806244909943	1
25839	138953.6823568382	6341.241246937104	1
25840	138953.6868386632	6341.241318310969	1
25841	138966.0386027367	6338.735427046304	1
25842	138966.0420269216	6338.736560438352	1
25843	138967.2658052702	6338.547281216364	1
25844	138966.0390740296	6338.736237426342	1
25845	138967.2705761847	6338.546270369922	1
25846	138967.2638193355	6338.54759829236	1
25847	139211.7760204529	6320.037199554092	1
25848	139211.7806972614	6320.037352457286	1
25849	139212.9758971513	6319.837905048534	1
25850	139211.7929675123	6320.036477184153	1
25851	139212.9679116961	6319.838004427471	1
25852	139212.9748397368	6319.837991443885	1
25853	139463.5163213367	6297.24455295931	1
25854	139463.5229621739	6297.244277894539	1
25855	139463.2606242526	6297.255539324258	1
25856	139463.2605170759	6297.254707294544	1
25857	139464.5508548539	6297.375696413141	1
25858	139464.5559092628	6297.377031912131	1
25859	139467.8062315047	6297.261392079554	1
25860	139464.9544042349	6297.119017684364	1
25861	139468.3835693549	6297.270351281561	1
25862	139467.8090052293	6297.261077056963	1
25863	139549.3656739044	6289.603625279443	1
25864	139549.3790604014	6289.602270346095	1
25865	139550.4400207074	6289.23647100485	1
25866	139549.3962970512	6289.604384843118	1
25867	139550.4465909633	6289.235733476948	1
25868	139550.4423808685	6289.236579979326	1
25869	139687.6578093418	6280.251067320482	1
25870	139687.6596382018	6280.25090479687	1
25871	139708.6961664089	6275.422422424701	1
25872	139687.9888695328	6280.264382854214	1
25873	139708.9390404834	6275.428460924141	1
25874	139708.6954750704	6275.42232467726	1
25875	139935.6024545174	6254.030518757165	1
25876	139935.59686538	6254.032491105055	1
25877	139936.8750491228	6253.806743611429	1
25878	139935.6042802538	6254.030185059468	1
25879	139936.8638487407	6253.807277092284	1
25880	139936.8657237242	6253.807360442117	1
25881	139961.5584016485	6251.560629529455	1
25882	139961.5578800365	6251.561260804837	1
25883	139962.7551546359	6251.258393761166	1
25884	139961.5567618149	6251.56301500751	1
25885	139962.7655030376	6251.257275552287	1
25886	139962.7585323895	6251.25806225662	1
25887	140018.0590291594	6245.822052770193	1
25888	140018.0633721151	6245.82265797927	1
25889	140019.2856253503	6245.674960230345	1
25890	140018.0642085092	6245.822745653699	1
25891	140019.2831655817	6245.67535213341	1
25892	140019.2886754021	6245.674549505151	1
25893	140099.5363443351	6237.702992002696	1
25894	140099.5270983457	6237.703028209123	1
25895	140100.6746432479	6237.374238980914	1
25896	140099.5375742742	6237.703258734777	1
25897	140100.6829627237	6237.371836157106	1
25898	140100.6731204617	6237.374221388456	1
25899	140143.5162372444	6233.318810329271	1
25900	140143.5192026016	6233.318380010098	1
25901	140144.7130689224	6233.183118040943	1
25902	140143.548418778	6233.320625917015	1
25903	140144.7229961436	6233.182740499511	1
25904	140144.7187071351	6233.182527047038	1
25905	140157.3234511573	6231.657271365697	1
25906	140157.3196811005	6231.657765664724	1
25907	140158.3952891252	6231.509790270547	1
25908	140157.3215679348	6231.657487816437	1
25909	140158.3966597139	6231.509217859211	1
25910	140158.397371066	6231.50865962577	1
25911	140164.1100777515	6230.816539124089	1
25912	140164.1152941172	6230.815908908753	1
25913	140165.2883112865	6230.681236911555	1
25914	140164.1371596621	6230.814993385346	1
25915	140165.3109229385	6230.680593835978	1
25916	140165.2865937217	6230.681513649894	1
25917	140168.8163872375	6230.273511280044	1
25918	140168.8161376575	6230.273512248767	1
25919	140169.9523614815	6230.126457236978	1
25920	140168.8305767128	6230.272968586681	1
25921	140169.9578584995	6230.125607429138	1
25922	140169.9560787501	6230.126111364352	1
25923	140206.0540304864	6226.254284118097	1
25924	140206.0525182299	6226.254485985379	1
25925	140207.1123244861	6226.087728041795	1
25926	140206.0612553213	6226.253648483555	1
25927	140207.1237504562	6226.088201928651	1
25928	140207.1084445189	6226.087689836706	1
25929	140243.9416105804	6222.167647723198	1
25930	140243.950018631	6222.167208731866	1
25931	140245.0514777766	6221.954428722995	1
25932	140243.9672839686	6222.168007827666	1
25933	140245.0649205921	6221.953212400052	1
25934	140245.0515521705	6221.954323713619	1
25935	140285.4176661384	6217.733563037587	1
25936	140285.4190511598	6217.733673908793	1
25937	140286.4640152911	6217.446354262733	1
25938	140285.4512715766	6217.732569144269	1
25939	140286.4718484033	6217.445407329416	1
25940	140286.4674254989	6217.44622875273	1
25941	140485.2833409756	6199.657567171632	1
25942	140485.2892025078	6199.657012609485	1
25943	140488.4598668974	6200.265656752505	1
25944	140485.3086034042	6199.654342580574	1
25945	140489.566825007	6200.409428994161	1
25946	140488.4641851256	6200.264886610413	1
25947	140514.4477554918	6193.422812763647	1
25948	140514.4445460449	6193.422548906417	1
25949	140515.5385144241	6193.21798153641	1
25950	140514.4879482121	6193.421078775213	1
25951	140515.5395942884	6193.216249192047	1
25952	140515.5375357598	6193.21806773751	1
25953	140549.0293485515	6190.118532901841	1
25954	140549.0096246169	6190.127781235258	1
25955	140549.0542558638	6190.108963096583	1
25956	140549.0302924836	6190.118661563225	1
25957	140556.624115394	6188.384718562989	1
25958	140556.6218699969	6188.385405647825	1
25959	140556.6574989086	6188.376722950648	1
25960	140556.6707564378	6188.374518258333	1
25961	140604.4828144672	6182.975981582687	1
25962	140604.4794838473	6182.976497765603	1
25963	140604.9445833158	6182.915098117593	1
25964	140604.9490460164	6182.914530366503	1
25965	140613.1567230252	6182.056045316604	1
25966	140613.156868734	6182.056177475686	1
25967	140614.2970282506	6181.764153901794	1
25968	140613.1761922161	6182.05820861436	1
25969	140614.3054019757	6181.757180963127	1
25970	140614.2938015712	6181.764253904019	1
25971	140635.9396335222	6179.458316834425	1
25972	140635.9513362148	6179.457940611259	1
25973	140637.036841674	6179.307062679034	1
25974	140635.950183643	6179.45795485292	1
25975	140637.0365461035	6179.307090394472	1
25976	140637.0351028164	6179.307233212751	1
25977	140669.0837158915	6175.903613925896	1
25978	140669.0846637628	6175.903453459669	1
25979	140670.2200382516	6175.672531440004	1
25980	140669.1070905245	6175.903851136092	1
25981	140670.223141548	6175.671928908096	1
25982	140670.2200382526	6175.672531439966	1
25983	140714.5929682174	6170.612477593367	1
25984	140714.5961131143	6170.612730317156	1
25985	140715.6831130193	6170.367378609098	1
25986	140714.6172072722	6170.612102883859	1
25987	140715.6940476007	6170.367313771245	1
25988	140715.6842891874	6170.367713070529	1
25989	140738.3455165579	6167.935890301664	1
25990	140738.3476147885	6167.935700791705	1
25991	140739.428254699	6167.74853829625	1
25992	140738.3472631436	6167.936502041031	1
25993	140739.4408512173	6167.748169748795	1
25994	140739.4392417131	6167.747839776959	1
25995	140743.8940201214	6167.117040250488	1
25996	140743.894571882	6167.116913150729	1
25997	140745.0041772926	6166.948816203366	1
25998	140743.9053998124	6167.115229245359	1
25999	140745.0287996711	6166.950039445372	1
26000	140745.0041772936	6166.94881620328	1
26001	140778.5420757068	6162.866705322478	1
26002	140778.547008933	6162.867304660911	1
26003	140779.5658060657	6162.454970279838	1
26004	140778.5441732467	6162.866543933022	1
26005	140779.5513429158	6162.460659853008	1
26006	140779.5529874067	6162.460522265974	1
26007	140806.1937995693	6159.234508683568	1
26008	140806.1969870933	6159.234035092502	1
26009	140807.3592856237	6159.138147490054	1
26010	140806.2016983829	6159.233608525752	1
26011	140807.3622360894	6159.137667385639	1
26012	140807.3621250241	6159.137715583955	1
26013	140968.5114253715	6140.284463930424	1
26014	140968.5238728661	6140.282575159479	1
26015	140969.6663596574	6140.093400719044	1
26016	140968.5327720215	6140.283284370986	1
26017	140969.6746447217	6140.09435762125	1
26018	140969.6681998694	6140.09386059385	1
26019	140971.9149987755	6139.734650968071	1
26020	140971.9149987765	6139.734650968077	1
26021	140973.0333555338	6139.541052373059	1
26022	140971.9244254644	6139.733858643885	1
26023	140973.0586121589	6139.538611569422	1
26024	140973.0412574215	6139.54040832616	1
26025	140975.2274091858	6139.188026977063	1
26026	140975.2257946453	6139.187932590115	1
26027	140976.330438282	6139.033886596824	1
26028	140975.2679367165	6139.183064924233	1
26029	140976.332130349	6139.03384203911	1
26030	140976.3283240265	6139.034139049543	1
26031	141069.0646688698	6128.306403131066	1
26032	141069.0748808563	6128.30525181789	1
26033	141070.1331030109	6127.978983106434	1
26034	141069.086823563	6128.306291902014	1
26035	141070.140555965	6127.977249033222	1
26036	141070.1317356416	6127.979071471646	1
26037	141133.7183886475	6120.933217542007	1
26038	141133.7383798869	6120.931347746518	1
26039	141154.0998432929	6118.556383081447	1
26040	141154.1019423658	6118.5558696352	1
26041	141155.2187986998	6118.360014079898	1
26042	141154.1117019345	6118.556137922153	1
26043	141155.2210053524	6118.359755045371	1
26044	141155.2219366471	6118.359804913225	1
26045	141177.9636393758	6115.745512182906	1
26046	141177.9643593892	6115.745603622099	1
26047	141179.0837515696	6115.443510071709	1
26048	141177.9700353388	6115.747194530301	1
26049	141179.0938115785	6115.442077918065	1
26050	141179.0792699438	6115.444475198079	1
26051	141183.4822045272	6114.706029437079	1
26052	141183.4836037124	6114.705725422454	1
26053	141184.5811817875	6114.575440796372	1
26054	141183.4997462026	6114.702436923601	1
26055	141184.5819668781	6114.575469394162	1
26056	141184.5805267401	6114.575519084347	1
26057	141287.4855161373	6102.532355918285	1
26058	141287.4841573909	6102.532307216605	1
26059	141311.7621059532	6099.59389542086	1
26060	141287.493374237	6102.531447732194	1
26061	142446.3263695444	6342.906340506972	1
26062	141311.777247383	6099.59239713922	1
26063	142459.4961778713	6036.424134135919	1
26064	141311.7627339454	6099.593806613848	1
26065	141377.7803823797	6091.693248346318	1
26066	141377.7818387984	6091.693058529366	1
26067	141378.9252381127	6091.540938518417	1
26068	141377.8424684793	6091.688641598143	1
26069	141378.9498526389	6091.53946666212	1
26070	141378.9247848037	6091.5409579747	1
26071	141387.9545050698	6090.352453689748	1
26072	141387.954909582	6090.352744260374	1
26073	141389.1809670046	6090.18257140958	1
26074	141387.9549814005	6090.352725461727	1
26075	141389.1792872646	6090.182983058287	1
26076	141389.1801698741	6090.182679767822	1
26077	141401.6026479347	6088.517153634721	1
26078	141401.6034898315	6088.517236288844	1
26079	141402.7191557079	6088.3410965445	1
26080	141401.6276473752	6088.516058531062	1
26081	141402.7288450377	6088.340461847603	1
26082	141402.719827654	6088.341025919336	1
26083	141406.1453428922	6087.72095495389	1
26084	141406.1503259559	6087.720172798057	1
26085	141407.2428854803	6087.544332044179	1
26086	141406.1571365462	6087.72003528646	1
26087	141407.2531963463	6087.541901190805	1
26088	141407.2456668515	6087.543937738083	1
26089	141447.6582209234	6082.126854727181	1
26090	141447.6570620284	6082.126752169496	1
26091	141717.339531115	6041.980296339886	1
26092	141717.3467739045	6041.979371741219	1
26093	141733.3417884469	6044.134385222677	1
26094	141717.7446953196	6041.836996879814	1
26095	141733.4545010569	6044.124522281229	1
26096	141733.3404092335	6044.134121803207	1
26097	141737.9356784043	6042.655481140037	1
26098	141737.9401629692	6042.65514855418	1
26099	141741.2097088458	6042.00331419788	1
26100	141737.9793858248	6042.67108867278	1
26101	141741.230902333	6041.999139855036	1
26102	141741.2088476242	6042.003526025068	1
26103	141900.5979326186	6021.945200486754	1
26104	141900.6001495628	6021.944904558538	1
26105	141939.2060744962	6018.760339332236	1
26106	141939.2058311133	6018.760203782335	1
26107	141963.7458880688	6020.03356331949	1
26108	141939.3148914553	6018.730208439624	1
26109	142060.0324732357	6000.21017311234	1
26110	141963.759042029	6020.032595176384	1
26111	141964.8656232466	6019.954958720396	1
26112	141963.7473837296	6020.033660900998	1
26113	141964.8584946615	6019.955374054938	1
26114	141964.8675484785	6019.954830315885	1
26115	141993.8548010294	6017.791359335772	1
26116	141900.6589761207	6021.930433350037	1
26117	142401.0903396569	5995.022300028671	1
26118	141993.8570825522	6017.791238118854	1
26119	141994.9432922647	6017.72499501452	1
26120	141993.872893296	6017.790057987639	1
26121	141994.946558286	6017.724656686237	1
26122	141994.9437107676	6017.725015298702	1
26123	142002.8286102148	6016.788407700538	1
26124	142002.8339846251	6016.787234702615	1
26125	142003.9313792848	6016.832825557787	1
26126	142002.8314697828	6016.78809025085	1
26127	142003.9321476966	6016.83387430211	1
26128	142003.9310847707	6016.833705080238	1
26129	142055.2170435779	6002.955257592539	1
26130	142055.2108620284	6002.95685540818	1
26131	142114.9793384511	6010.139777202741	1
26132	142114.9809134543	6010.140177109284	1
26133	142117.2040731118	6010.30744508419	1
26134	142114.982203643	6010.139731278325	1
26135	142117.2047026341	6010.307445622109	1
26136	142117.2035991403	6010.307472270961	1
26137	142119.4366894079	6010.316780021041	1
26138	142119.4403505052	6010.316391366574	1
26139	142120.538670519	6010.300922551029	1
26140	142119.4544250291	6010.316172527142	1
26141	142120.5509685616	6010.300152264725	1
26142	142120.5383769244	6010.300924498901	1
26143	142132.6214620351	6009.657013565014	1
26144	142132.6224982073	6009.657073586286	1
26145	142133.7156557947	6009.567986915897	1
26146	142132.6279177546	6009.656100067079	1
26147	142133.7300494776	6009.566868464532	1
26148	142133.7148627624	6009.568033873047	1
26149	142149.0459157986	6008.437250380396	1
26150	142149.053322201	6008.436231915859	1
26151	142150.1310145142	6008.363948741447	1
26152	142149.0485581536	6008.437141073553	1
26153	142150.1269749063	6008.364043948477	1
26154	142150.1289099063	6008.36425895986	1
26155	142247.801235127	5997.727009145829	1
26156	142247.8008217686	5997.726906468122	1
26157	142280.9103925188	6000.211371517432	1
26158	142249.286153773	5997.433943141452	1
26159	142280.9892428676	6000.203958287631	1
26160	142280.9128764314	6000.211120678526	1
26161	142318.832818395	5995.664360515721	1
26162	142318.8322874002	5995.664378445538	1
26163	142330.0498676398	5997.660164683588	1
26164	142319.644127162	5995.394741431331	1
26165	142330.1953555213	5997.647697082642	1
26166	142330.0489565919	5997.660099489109	1
26167	142357.8050138308	5998.165551227925	1
26168	141133.736557754	6120.932819111178	1
26169	142295.0669676313	6134.635722488999	1
26170	142357.8101784052	5998.165627172076	1
26171	142358.8792126762	5998.024500411868	1
26172	142357.8107023892	5998.165834593039	1
26173	142358.8984189198	5998.021702542902	1
26174	142358.8823158226	5998.02429762475	1
26175	142373.9496204549	5997.172394636018	1
26176	142373.9496204559	5997.17239463588	1
26177	142375.0059825659	5996.970816608851	1
26178	142373.9543385076	5997.17217299984	1
26179	142375.0209752505	5996.967065175875	1
26180	142375.0125454307	5996.970557934186	1
26181	142378.314975665	5996.797349297292	1
26182	142378.3164356828	5996.797242506311	1
26183	142379.4127404179	5996.752974420389	1
26184	142378.3189808525	5996.796653009016	1
26185	142379.4179621667	5996.752475821713	1
26186	142379.4140105232	5996.752879016447	1
26187	142398.1753764464	5995.67762652291	1
26188	142398.164922395	5995.682250035425	1
26189	142398.2032360142	5995.67112869419	1
26190	142398.2083943711	5995.670916728332	1
26191	142400.608525148	5995.108119805229	1
26192	142400.6107927019	5995.107929149219	1
26193	142662.0290990604	5982.358416457831	1
26194	141447.6952984336	6082.123163505867	1
26195	142580.9203734975	6197.804649642916	1
26196	142662.0262291083	5982.360040887592	1
26197	142664.0408190477	5983.190550846264	1
26198	142662.0312409492	5982.357859580687	1
26199	142664.0402093676	5983.191233608693	1
26200	142664.0410609273	5983.191249877625	1
26201	142841.1509772647	5976.549302655325	1
26202	142841.1549300619	5976.549354506216	1
26203	142842.2071048586	5976.688560350694	1
26204	142841.1575091109	5976.548561788322	1
26205	142842.2057774796	5976.688348956457	1
26206	142842.2062682981	5976.688509947734	1
26207	142893.6968828468	5975.015297767758	1
26208	142893.7001339354	5975.015203475676	1
26209	142894.742433878	5975.373325726529	1
26210	142893.7079647561	5975.013063288287	1
26211	142894.7676826884	5975.361699717771	1
26212	142894.7427807217	5975.373339486017	1
26213	142990.3453275847	5976.212417203582	1
26214	142990.3453768292	5976.212389400202	1
26215	142991.3122569324	5976.566982229102	1
26216	142990.4016768405	5976.196475488144	1
26217	142991.733747259	5976.405721051506	1
26218	142991.3132171318	5976.566984093266	1
26219	143007.6488949573	5977.692477435968	1
26220	143007.6488949583	5977.692477435963	1
26221	143008.6896232274	5978.096086593514	1
26222	143007.6949881982	5977.680648422531	1
26223	143008.7204034008	5978.096083571006	1
26224	143008.690737167	5978.096086934429	1
26225	143011.901421133	5978.413929894297	1
26226	143011.9010305491	5978.413928367059	1
26227	143013.0584661465	5978.628947732738	1
26228	143012.0156493584	5978.387755021656	1
26229	143013.0880780214	5978.628778682574	1
26230	143013.057207569	5978.62879443449	1
26231	143130.7497545813	5979.340037473293	1
26232	143130.7494494307	5979.339986185429	1
26233	143131.7736672623	5979.083353621898	1
26234	143130.7733146834	5979.339591933996	1
26235	143132.7306341555	5978.74695686222	1
26236	143131.7741557743	5979.083353229405	1
26237	143243.5089401459	5988.564845240551	1
26238	143243.5135298771	5988.56461848773	1
26239	143244.500580296	5988.98288940791	1
26240	143243.5224997277	5988.561077214984	1
26241	143244.505363258	5988.98319241593	1
26242	143244.5052739808	5988.983051854227	1
26243	143350.0259795759	5994.682659289445	1
26244	143350.0263123551	5994.682700634001	1
26245	143351.0635005385	5994.854942657953	1
26246	143350.1665551608	5994.611090373533	1
26247	143351.0895182508	5994.838856524748	1
26248	143351.0645324338	5994.854830314405	1
26249	143356.4815935152	5995.678811370928	1
26250	143356.4810564373	5995.678745820135	1
26251	143357.4640399907	5995.974636294617	1
26252	143356.4951870092	5995.678855721238	1
26253	143357.4739668619	5995.974238353137	1
26254	143357.4660071416	5995.974667849932	1
26255	143388.8014201375	5999.231505146534	1
26256	143388.8014201385	5999.231505146513	1
26257	143389.7859063945	5999.65694172879	1
26258	143388.8061225315	5999.230646083886	1
26259	143389.8049993349	5999.656394391852	1
26260	143389.7862520049	5999.657245276193	1
26261	143400.6707105559	6000.863764492728	1
26262	143400.6698854732	6000.863790832895	1
26263	143401.6390633004	6001.235706420719	1
26264	143400.8934481782	6000.842550793386	1
26265	143401.678335761	6001.207854246632	1
26266	143401.638305811	6001.235726467951	1
26267	143539.4821466497	6017.159056774045	1
26268	143539.4827653675	6017.158634850241	1
26269	143540.5392448865	6017.458402337466	1
26270	143539.4787980304	6017.151223173646	1
26271	143540.5942371254	6017.439835295636	1
26272	143540.5386345703	6017.458131744659	1
26273	143542.7754514072	6017.806567459422	1
26274	143542.7755162833	6017.806660739783	1
26275	143543.9154176161	6018.129707654121	1
26276	143542.8609100374	6017.755284135244	1
26277	143544.0343487957	6018.06307019763	1
26278	143543.0368754562	6017.776139844602	1
26279	143543.9764913914	6018.134933943488	1
26280	143543.9159921626	6018.129857811089	1
26281	143548.0206288833	6019.391932787776	1
26282	143548.0207839584	6019.392285789855	1
26283	143549.1062971315	6019.669078395822	1
26284	143548.0508087879	6019.387785196343	1
26285	143549.1227253891	6019.65545481444	1
26286	143549.1031568549	6019.668834828162	1
26287	143550.2573316344	6019.886196256266	1
26288	143550.2662355533	6019.888181322642	1
26289	143553.4169437443	6020.700384880786	1
26290	143550.3454063391	6019.851505230721	1
26291	143553.4687775518	6020.687499528989	1
26292	143553.4179979551	6020.700676257708	1
26293	143559.8678481873	6022.595490243088	1
26294	143559.866317893	6022.595510890675	1
26295	143560.9772753755	6022.82206107689	1
26296	143561.3334643568	6022.799173170803	1
26297	143562.2791245697	6023.107108341972	1
26298	143559.9010790306	6022.602146181156	1
26299	143560.9825854702	6022.822357113539	1
26300	143560.9752268644	6022.821652864945	1
26301	143562.1249180663	6023.089795505792	1
26302	143562.1259213155	6023.089867409826	1
26303	143625.7911641382	6033.572363222745	1
26304	143625.8035588609	6033.576382052832	1
26305	143636.3107746517	6035.5250672834	1
26306	143625.7924579468	6033.572565740742	1
26307	143636.2903377314	6035.507695387892	1
26308	143636.3152953422	6035.525588218572	1
26309	143664.2776917173	6041.963414310032	1
26310	143664.0934018543	6041.943617567606	1
26311	143664.3841925358	6041.975763858544	1
26312	143664.3932516893	6041.975190877019	1
26313	143668.1593563579	6041.95686089919	1
26314	143668.1429489807	6041.956548284769	1
26315	143660.3432463857	6038.169933537894	1
26316	143660.3442765295	6038.169850120017	1
26317	143659.9938368399	6037.163453892993	1
26318	143660.322766389	6038.130626783913	1
26319	143660.0169639651	6037.146889987414	1
26320	143659.9909338208	6037.161278978141	1
26321	143662.8957681059	6032.540834798511	1
26322	143662.8966358259	6032.541708006381	1
26323	143670.7589721705	6033.860068839131	1
26324	143670.7580913947	6033.859828792362	1
26325	143669.5937214409	6042.040202995229	1
26326	143668.2031434099	6041.968385362796	1
26327	143677.2266231431	6046.207864164648	1
26328	143677.2333190565	6046.209623681174	1
26329	143681.8892310807	6047.100263601331	1
26330	143677.2304899726	6046.211943723641	1
26331	144721.9250405953	6485.468596413813	1
26332	143669.3745951496	6042.023871241403	1
26333	144685.9830755045	6532.206565743825	1
26334	143669.5776332787	6042.031168537706	1
26335	144698.9544278583	6437.50069854188	1
26336	143677.2282578062	6046.212438588378	1
26337	144726.3243614502	6442.002721912148	1
26338	143677.2356825388	6046.214259870943	1
26339	144616.6363449726	6646.113167234415	1
26340	143677.2259672633	6046.211121290806	1
26341	144733.6988312154	6346.909644566274	1
26342	143669.7718170951	6042.027229611491	1
26343	144779.4187773135	6314.520379952606	1
26344	143669.8347946042	6042.029418119243	1
26345	144678.338350706	6542.280638666844	1
26346	143669.3983017979	6042.044915229487	1
26347	144680.2137659461	6542.335132853328	1
26348	143681.8883154685	6047.100088459512	1
26349	144737.4280328864	6377.906256183895	1
26350	143681.8921569971	6047.101231500433	1
26351	143698.7868727114	6050.429272397572	1
26352	143698.7914307441	6050.42723640152	1
26353	144780.4955430509	6491.422237006076	1
26354	143698.7950402172	6050.430886923647	1
26355	143761.3883874491	6063.920406027284	1
26356	143760.2202693804	6063.650022490814	1
26357	143762.5483373168	6064.194358729372	1
26358	143761.3891885832	6063.922231470968	1
26359	143766.501986856	6064.027700725715	1
26360	143766.5069039109	6064.027494003931	1
26361	144794.9484540228	6490.871757534227	1
26362	143766.5256315714	6064.032398170468	1
26363	144815.5312546596	6428.14949227218	1
26364	143766.5062676726	6064.034398589767	1
26365	143936.1542402451	6115.397687017805	1
26366	143762.6704359177	6064.226858412914	1
26367	143859.4214939625	6078.962669029577	1
26368	143859.418261687	6078.962221202875	1
26369	144719.3078934326	6875.836514478029	1
26370	143859.4223676745	6078.962350076928	1
26371	144827.4798978171	6632.764351621687	1
26372	143936.1591798731	6115.399492081939	1
26373	145010.9045183295	6364.236629611862	1
26374	143936.1583000164	6115.39937185937	1
26375	144828.1013239312	6782.544766301343	1
26376	143936.1563993685	6115.398322657798	1
26377	144997.6112433533	6403.948490829951	1
26378	142400.6224424947	5995.104890911747	1
26379	144834.884613147	6425.359966956348	1
26380	2120.802026293299	21577.2860581625	1
26381	1710.617258334009	22853.58490807824	1
26382	2489.224882273353	21800.1339850101	1
26383	1239.374032295775	21664.20121766266	1
26384	4275.490887759661	21619.0005150585	1
26385	3208.362584247196	21319.42644571677	1
26386	1012.57271902659	23853.58490807824	2
26387	1997.260625026072	24037.44533176126	2
26388	1002.410024718731	24145.2298048186	2
26389	1997.260635200539	24037.44534179295	2
26390	1000	23978.81830418723	2
26391	1997.260567085119	24037.44536012985	2
26392	1039.688533905894	24345.59640831851	2
26393	1997.260592213017	24037.44535301552	2
26394	1011.094269371941	24215.51726404744	2
26395	1997.260589538957	24037.44535642563	2
26396	1997.260602053255	24037.44535335235	2
26397	9162.673445826513	24282.52805463151	2
26398	9162.673444585525	24282.52805464511	2
26399	9162.624423751258	24282.49612344025	2
26400	9162.624419232132	24282.49612278515	2
26401	13069.45413819118	24121.95101004613	2
26402	13069.45413470594	24121.95101024367	2
26403	13069.22654945287	24121.92973405425	2
26404	13069.35088404873	24121.94132019428	2
26405	14099.96879619174	24053.63610171061	2
26406	14099.97313806252	24053.63389991048	2
26407	14100.00126921316	24053.61963055664	2
26408	14099.98106361495	24053.62987784634	2
26409	16112.83907575416	24073.49804867458	2
26410	16112.83907464612	24073.49804844056	2
26411	16113.71252874436	24073.98514563841	2
26412	16112.83907447103	24073.4980508162	2
26413	16113.71252543852	24073.98514493384	2
26414	16113.71252922784	24073.98514541962	2
26415	24356.61646578088	24156.77410274368	2
26416	24356.62109815911	24156.77370755847	2
26417	24356.69586309418	24156.76732758293	2
26418	24356.64447397809	24156.77171259778	2
26419	38135.89683332562	23981.01152084595	2
26420	38135.89683404414	23981.01152084843	2
26421	38136.87537400308	23981.21773603511	2
26422	38135.89683349454	23981.01152090446	2
26423	38136.87537197629	23981.21773597915	2
26424	38136.87537512055	23981.21773605402	2
26425	51758.61879447324	24179.52724615476	2
26426	51758.61879446602	24179.52724615378	2
26427	51759.59032857907	24179.2901710329	2
26428	51758.61879508093	24179.52724621808	2
26429	51759.59033077874	24179.29017077242	2
26430	51759.59032913134	24179.29017103942	2
26431	76259.30166713335	24121.138555436	2
26432	76259.30166763696	24121.13855541136	2
26433	76260.28327696165	24121.32953123067	2
26434	76259.30166753603	24121.13855542119	2
26435	76260.28327736689	24121.32953124398	2
26436	76260.2832770875	24121.32953123061	2
26437	89958.39995819679	24075.63295978189	2
26438	89958.3999580692	24075.63295972873	2
26439	89959.31546189904	24075.2305828693	2
26440	89958.39995824732	24075.63295975924	2
26441	89959.31546156621	24075.2305829394	2
26442	89959.31546180067	24075.23058294016	2
26443	117095.92247352	24111.05182824255	2
26444	117095.910142478	24111.05185202796	2
26445	117095.9495201178	24111.05178278748	2
26446	117095.9324737381	24111.05181486213	2
26447	133203.962511317	24083.076216342	2
26448	133203.9625095663	24083.07621578576	2
26449	133204.9326354973	24083.3195641186	2
26450	133203.9625066905	24083.07621469998	2
26451	133204.9326207937	24083.31956526034	2
26452	133204.9326325018	24083.31956452646	2
26453	134170.4312466924	24120.96875409149	2
26454	134170.4312468147	24120.96875409584	2
26455	134171.4096835427	24120.76145659139	2
26456	134170.4312472482	24120.96875473141	2
26457	134171.4096638862	24120.76145775198	2
26458	134171.4096643451	24120.76145761213	2
26459	137284.1084853229	23999.38808161308	2
26460	137284.1083156384	23999.38810423119	2
26461	137284.2180670642	23999.32945846335	2
26462	137284.2220532009	23999.32726496052	2
26463	137359.9645959388	23993.56491516218	2
26464	137359.9645392001	23993.56491810124	2
26465	137360.0346369328	23993.5312117371	2
26466	137360.0346369323	23993.53121173798	2
26467	150770.7812032575	24098.9563025403	2
26468	150770.7811954191	24098.95630339024	2
26469	151766.9636612711	23989.04027662988	2
26470	150770.7811974438	24098.95630338273	2
26471	151771.5815174961	24109.35774192974	2
26472	150770.7811993356	24098.95630285684	2
26473	151768.9164739442	24013.95223357191	2
26474	150770.7811990395	24098.95630285815	2
26475	151769.63757943	24166.47443800113	2
26476	150770.7812016231	24098.95630332056	2
26477	151770.3723848393	24152.77095538299	2
26478	1005.103176591219	25485.33731405691	3
26479	1999.874976158259	25594.05571689192	3
26480	1001.942502325983	25655.89615796596	3
26481	1999.874965981464	25594.0557143608	3
26482	1001.802774536889	25657.78981491109	3
26483	1999.874967545038	25594.0557145681	3
26484	1026.26487498451	25345.5964083185	3
26485	1999.874988958705	25594.05572008225	3
26486	1000.781213306822	25627.23764926264	3
26487	1999.874993761536	25594.05572191909	3
26488	1003.706533525605	25684.49036042547	3
26489	1999.87498032127	25594.05571723854	3
26490	1001.535114822793	25655.98620932618	3
26491	1999.874988668831	25594.05572030964	3
26492	1000	25599.40965350993	3
26493	1999.874977842323	25594.05571702965	3
26494	1000.64955585706	25557.66042193229	3
26495	1999.874990556855	25594.05571991009	3
26496	1999.874967546086	25594.05571456835	3
26497	19170.51024963346	25574.19180729686	3
26498	19170.51024970086	25574.19180729653	3
26499	19180.22890153038	25571.83561049421	3
26500	19170.51024689188	25574.19180735644	3
26501	19180.22890669585	25571.83560982952	3
26502	19180.22890105238	25571.83561051794	3
26503	90117.47996715619	25722.87229893622	3
26504	90117.47996715724	25722.8722989364	3
26505	90118.43949157919	25723.15393550578	3
26506	90117.47996839951	25722.87229855287	3
26507	90118.43949197954	25723.15393558399	3
26508	90118.43949174159	25723.15393549568	3
26509	119505.4227074514	25624.28502335414	3
26510	119505.4227077513	25624.28502333207	3
26511	119511.3101639494	25625.44233863861	3
26512	119505.4227081694	25624.28502349758	3
26513	119511.3101646526	25625.44233790624	3
26514	119511.3101647851	25625.44233788527	3
26515	136481.5746162707	25577.35366273334	3
26516	136481.5746170998	25577.35366267551	3
26517	136494.4619307198	25575.6405090902	3
26518	136481.5746173051	25577.35366289522	3
26519	136494.4619310683	25575.64050907018	3
26520	136494.4619306658	25575.64050909976	3
26521	136506.3221091088	25573.81039918193	3
26522	136506.3221080274	25573.8103994432	3
26523	136574.7601879201	25564.99235587364	3
26524	136506.3221012257	25573.81039942564	3
26525	136574.7601911802	25564.99235247993	3
26526	136574.7601886444	25564.99235588483	3
26527	150603.4623207608	25558.55747991947	3
26528	150603.4623168891	25558.55747985456	3
26529	150620.4646011121	25558.44626682734	3
26530	150620.464594976	25558.44626631951	3
26531	151682.7612356084	25427.03949408243	3
26532	150620.4645995311	25558.44626689423	3
26533	150689.3726380049	25562.20901716212	3
26534	150689.3726361318	25562.20901711095	3
26535	151684.5483545655	25671.73609520829	3
26536	150689.3726367801	25562.20901705041	3
26537	151689.0527409459	25614.43103429992	3
26538	150689.3726356825	25562.20901706705	3
26539	151689.9548889407	25529.59005697504	3
26540	150689.372635943	25562.20901707006	3
26541	151690.3815072594	25550.3421050241	3
26542	150689.3726340202	25562.20901697662	3
26543	151688.8675594087	25501.82245814408	3
26544	150689.3726370085	25562.20901712548	3
26545	151690.2985600111	25543.89375118505	3
26546	150689.3726365368	25562.20901707516	3
26547	151689.8548404039	25525.13906226699	3
26548	150689.3726348684	25562.209017013	3
26549	151687.7285804456	25635.29143766084	3
26550	1004.662714127451	26854.98794114332	4
26551	1999.479864985915	26960.48981984518	4
26552	1006.575331350323	26830.05449345806	4
26553	1999.479867969989	26960.48982046346	4
26554	1000	26983.56666652524	4
26555	1999.479853573488	26960.48981688262	4
26556	1001.713096524472	27025.26427797037	4
26557	1999.479887160938	26960.48982488534	4
26558	1004.433757119346	27067.58539137043	4
26559	1999.479879432125	26960.489823675	4
26560	1004.857740700827	26847.50449480456	4
26561	1999.479875156074	26960.48982279487	4
26562	1003.752510124235	27052.40062518556	4
26563	1999.479873210541	26960.48982337038	4
26564	1005.692838571616	26833.28218695032	4
26565	1999.479877100792	26960.48982310881	4
26566	1019.025449177017	26723.15393558399	4
26567	1999.479899678845	26960.4898261432	4
26568	1014.91215609177	26755.15465203765	4
26569	1999.479863587767	26960.48982045495	4
26570	1999.479892513133	26960.48982484433	4
26571	12826.86543642788	26870.39184518526	4
26572	12826.868245541	26870.39118313151	4
26573	12827.10683714726	26870.35908451996	4
26574	12827.10697877174	26870.35910190815	4
26575	12838.39449247275	26871.44882894321	4
26576	12838.39449480188	26871.44882895216	4
26577	12839.32125893608	26871.81839692931	4
26578	12838.39458287135	26871.44884896593	4
26579	12839.32117860462	26871.81835464397	4
26580	12839.32105617807	26871.81833993391	4
26581	23421.36059376493	26963.31843848985	4
26582	23421.31801519834	26963.32026976652	4
26583	23421.37163513817	26963.31796434256	4
26584	23421.36059478996	26963.3184384898	4
26585	29708.39115747926	26906.08522881453	4
26586	29708.39115747821	26906.08522881453	4
26587	29709.37797771429	26906.24714651237	4
26588	29708.39115680673	26906.08522879566	4
26589	29709.37797864946	26906.24714659815	4
26590	29709.37797777797	26906.24714646218	4
26591	33264.43255456339	26905.91431224357	4
26592	33264.43255493441	26905.91431210898	4
26593	33265.42196262279	26906.05960878395	4
26594	33264.43255470472	26905.91431221941	4
26595	33265.42195838457	26906.05960819693	4
26596	33265.42195853114	26906.05960819675	4
26597	45065.5268911504	26910.74214501258	4
26598	45065.52689055738	26910.74214487918	4
26599	45066.51480740472	26910.89720174697	4
26600	45065.52689115133	26910.74214501258	4
26601	45066.5148078599	26910.89720154877	4
26602	45066.51480792998	26910.89720156546	4
26603	51666.55436990841	26943.85784707032	4
26604	51666.55436987325	26943.85784678581	4
26605	51667.54021142202	26944.02563187969	4
26606	51666.55436993227	26943.85784702709	4
26607	51667.54021106951	26944.02563171984	4
26608	51667.54021107056	26944.02563171988	4
26609	59151.21763012907	26858.69031203067	4
26610	59151.21763018554	26858.69031200366	4
26611	59152.20286636532	26858.8615629673	4
26612	59151.21763007669	26858.69031201611	4
26613	59152.20286609628	26858.86156294243	4
26614	59152.20286616916	26858.86156293	4
26615	119352.5471880541	26949.54755809917	4
26616	119352.5471880172	26949.54755812927	4
26617	119353.3487004108	26948.9495994216	4
26618	119352.54718832	26949.54755794452	4
26619	119353.3487045094	26948.94960199191	4
26620	119353.3487045465	26948.9496019617	4
26621	150319.2535038989	26911.55011823036	4
26622	150319.253496828	26911.55011737253	4
26623	151313.7723837893	26793.52557895686	4
26624	150319.2534785647	26911.55011544936	4
26625	151319.2018463239	26960.18665961461	4
26626	150319.2535120008	26911.55011810941	4
26627	151305.710978749	27089.59742543222	4
26628	150319.2534974845	26911.5501175111	4
26629	151304.2980727843	27098.91640591573	4
26630	150319.2534820483	26911.55011623713	4
26631	151314.0669770462	27027.91409821967	4
26632	150319.2534850613	26911.55011620651	4
26633	151319.1918979362	26937.88707378684	4
26634	150319.2534768948	26911.55011619647	4
26635	151316.4870884079	26815.0682055756	4
26636	150319.2535038998	26911.55011823036	4
26637	151319.7796629503	26926.72300564668	4
26638	150319.253494811	26911.55011703343	4
26639	151320.0053301717	26919.88561606782	4
26640	150319.2534765145	26911.55011593441	4
26641	151319.2161092197	26962.45497734463	4
26642	1000	28370.29061481306	5
26643	1999.41513198195	28340.85712343525	5
26644	1000.599871584447	28290.23099921744	5
26645	1999.415133379865	28340.85712382299	5
26646	1008.438178118085	28201.33655616719	5
26647	1999.415147602558	28340.85712662463	5
26648	1014.448023469187	28155.39508980859	5
26649	1999.415131097659	28340.85712319215	5
26650	1000.34683055873	28299.56873062934	5
26651	1999.415150528774	28340.85712663655	5
26652	1999.415131345624	28340.85712313651	5
26653	16460.78644020366	28344.40663550946	5
26654	16460.78435898735	28344.4010148434	5
26655	16460.64474200085	28344.024869221	5
26656	16460.64158528321	28344.01637947464	5
26657	114839.9327247329	28209.04374146604	5
26658	114839.9327247341	28209.04374146605	5
26659	114840.699922822	28208.40232505001	5
26660	114839.9327257574	28209.04374150953	5
26661	114840.6999219265	28208.40232501644	5
26662	114840.6999245773	28208.40232505812	5
26663	122877.8127169844	28238.38692111936	5
26664	122877.7993198549	28238.38642228764	5
26665	122877.8161792958	28238.38705007092	5
26666	122877.8127106626	28238.38692114219	5
26667	150398.5082899784	28374.20749593582	5
26668	150398.5082773862	28374.20749927549	5
26669	151398.4069046716	28400.0942153148	5
26670	150398.5082929949	28374.20749595061	5
26671	151364.8438477064	28098.91640591573	5
26672	150398.5083007105	28374.20749634887	5
26673	151398.5596768418	28365.24352720353	5
26674	150398.5083059866	28374.20749567386	5
26675	151398.041020592	28321.15971725699	5
26676	150398.5082856007	28374.2074987298	5
26677	151396.8648341708	28303.22780098467	5
